RESERVOIR node 0 GRESSE
reservoir_init_fr= 0.80000  masl=741.810
Filling at HRW [Mm3] = 168.04000
Filling at LRW [Mm3] = 106.60000
Active reservoir capacity [Mm3] = 61.44000
yyyy mm dd hh [m3/s] [Euro/MWh] [fr] [m3/s] [Mm3] [masl] [fr] [Euro]         [m3/s]     [m3/s]    [m3/s]   [m3/s]    [m3/s] 
yyyy mm dd hh Inflow Price Action Up_Inflow Res_Mm3 Res_masl Res_fr lrw_cost tunnelflow hatchflow overflow auto_qmin tot_outflow
2022 9 1 0 0.2200 564.8800 0.0000 0.0000 155.5118 747.2378 0.7961 0.0000 3.0000 0.0000 0.0000 0.0000 3.0000 
2022 9 2 0 0.2000 425.8500 0.0000 0.0000 155.2699 747.2033 0.7922 0.0000 3.0000 0.0000 0.0000 0.0000 3.0000 
2022 9 3 0 0.1800 383.9200 0.0000 0.0000 155.0262 747.1686 0.7882 0.0000 3.0000 0.0000 0.0000 0.0000 3.0000 
2022 9 4 0 0.2100 310.1000 0.0000 0.0000 154.7852 747.1342 0.7843 0.0000 3.0000 0.0000 0.0000 0.0000 3.0000 
2022 9 5 0 0.2300 388.8400 0.0000 0.0000 154.5459 747.1001 0.7804 0.0000 3.0000 0.0000 0.0000 0.0000 3.0000 
2022 9 6 0 0.2700 414.3500 0.0000 0.0000 154.3100 747.0665 0.7765 0.0000 3.0000 0.0000 0.0000 0.0000 3.0000 
2022 9 7 0 0.2700 451.5300 0.0000 0.0000 154.0741 747.0329 0.7727 0.0000 3.0000 0.0000 0.0000 0.0000 3.0000 
2022 9 8 0 0.2400 426.5600 0.0000 0.0000 153.8356 746.9989 0.7688 0.0000 3.0000 0.0000 0.0000 0.0000 3.0000 
2022 9 9 0 0.2200 352.9300 0.0000 0.0000 153.5955 746.9647 0.7649 0.0000 3.0000 0.0000 0.0000 0.0000 3.0000 
2022 9 10 0 0.2300 410.9400 0.0000 0.0000 153.3561 746.9306 0.7610 0.0000 3.0000 0.0000 0.0000 0.0000 3.0000 
2022 9 11 0 0.2600 400.0100 0.0000 0.0000 153.1194 746.8968 0.7572 0.0000 3.0000 0.0000 0.0000 0.0000 3.0000 
2022 9 12 0 0.4300 407.9500 0.0000 0.0000 152.8973 746.8652 0.7535 0.0000 3.0000 0.0000 0.0000 0.0000 3.0000 
2022 9 13 0 1.3000 382.5800 0.0000 0.0000 152.7505 746.8442 0.7511 0.0000 3.0000 0.0000 0.0000 0.0000 3.0000 
2022 9 14 0 0.8900 425.5000 0.0000 0.0000 152.5682 746.8183 0.7482 0.0000 3.0000 0.0000 0.0000 0.0000 3.0000 
2022 9 15 0 0.7300 355.8200 0.0000 0.0000 152.3720 746.7903 0.7450 0.0000 3.0000 0.0000 0.0000 0.0000 3.0000 
2022 9 16 0 0.5900 329.3900 0.0000 0.0000 152.1638 746.7606 0.7416 0.0000 3.0000 0.0000 0.0000 0.0000 3.0000 
2022 9 17 0 0.4800 246.9600 0.0000 0.0000 151.9461 746.7296 0.7381 0.0000 3.0000 0.0000 0.0000 0.0000 3.0000 
2022 9 18 0 0.3900 117.5900 0.0000 0.0000 151.7206 746.6975 0.7344 0.0000 3.0000 0.0000 0.0000 0.0000 3.0000 
2022 9 19 0 0.3300 288.3300 0.0000 0.0000 151.4899 746.6646 0.7306 0.0000 3.0000 0.0000 0.0000 0.0000 3.0000 
2022 9 20 0 0.2900 380.8200 0.0000 0.0000 151.2557 746.6312 0.7268 0.0000 3.0000 0.0000 0.0000 0.0000 3.0000 
2022 9 21 0 0.2700 388.8300 0.0000 0.0000 151.0199 746.5976 0.7230 0.0000 3.0000 0.0000 0.0000 0.0000 3.0000 
2022 9 22 0 0.2500 378.9000 0.0000 0.0000 150.7823 746.5637 0.7191 0.0000 3.0000 0.0000 0.0000 0.0000 3.0000 
2022 9 23 0 0.2600 359.9800 0.0000 0.0000 150.5455 746.5300 0.7153 0.0000 3.0000 0.0000 0.0000 0.0000 3.0000 
2022 9 24 0 0.2700 350.7100 0.0000 0.0000 150.3097 746.4964 0.7114 0.0000 3.0000 0.0000 0.0000 0.0000 3.0000 
2022 9 25 0 1.0400 299.0800 0.0000 0.0000 150.1403 746.4723 0.7087 0.0000 3.0000 0.0000 0.0000 0.0000 3.0000 
2022 9 26 0 1.8000 259.4000 0.0000 0.0000 150.0366 746.4575 0.7070 0.0000 3.0000 0.0000 0.0000 0.0000 3.0000 
2022 9 27 0 2.4100 306.8900 0.0000 0.0000 149.9857 746.4502 0.7061 0.0000 3.0000 0.0000 0.0000 0.0000 3.0000 
2022 9 28 0 3.7300 308.5200 0.0000 0.0000 150.0487 746.4592 0.7072 0.0000 3.0000 0.0000 0.0000 0.0000 3.0000 
2022 9 29 0 2.5300 347.1000 0.0000 0.0000 150.0081 746.4534 0.7065 0.0000 3.0000 0.0000 0.0000 0.0000 3.0000 
2022 9 30 0 1.9000 278.9700 0.0000 0.0000 149.9131 746.4399 0.7050 0.0000 3.0000 0.0000 0.0000 0.0000 3.0000 
2022 10 1 0 3.7600 90.2400 0.0000 0.0000 149.9788 746.4492 0.7060 0.0000 3.0000 0.0000 0.0000 0.0000 3.0000 
2022 10 2 0 4.1900 182.7200 0.0000 0.0000 150.0816 746.4639 0.7077 0.0000 3.0000 0.0000 0.0000 0.0000 3.0000 
2022 10 3 0 3.5100 234.6000 0.0000 0.0000 150.1256 746.4702 0.7084 0.0000 3.0000 0.0000 0.0000 0.0000 3.0000 
2022 10 4 0 3.2600 199.0100 0.0000 0.0000 150.1481 746.4734 0.7088 0.0000 3.0000 0.0000 0.0000 0.0000 3.0000 
2022 10 5 0 5.9200 51.1100 0.0000 0.0000 150.4004 746.5093 0.7129 0.0000 3.0000 0.0000 0.0000 0.0000 3.0000 
2022 10 6 0 8.5500 23.8700 0.0000 0.0000 150.8799 746.5777 0.7207 0.0000 3.0000 0.0000 0.0000 0.0000 3.0000 
2022 10 7 0 4.0200 30.2900 0.0000 0.0000 150.9680 746.5902 0.7221 0.0000 3.0000 0.0000 0.0000 0.0000 3.0000 
2022 10 8 0 3.6300 53.3800 0.0000 0.0000 151.0225 746.5980 0.7230 0.0000 3.0000 0.0000 0.0000 0.0000 3.0000 
2022 10 9 0 2.8700 91.9400 0.0000 0.0000 151.0112 746.5964 0.7228 0.0000 3.0000 0.0000 0.0000 0.0000 3.0000 
2022 10 10 0 2.4900 137.7100 0.0000 0.0000 150.9672 746.5901 0.7221 0.0000 3.0000 0.0000 0.0000 0.0000 3.0000 
2022 10 11 0 2.4000 174.3200 0.0000 0.0000 150.9153 746.5827 0.7213 0.0000 3.0000 0.0000 0.0000 0.0000 3.0000 
2022 10 12 0 2.0400 199.9900 0.0000 0.0000 150.8324 746.5709 0.7199 0.0000 3.0000 0.0000 0.0000 0.0000 3.0000 
2022 10 13 0 1.8400 233.6000 0.0000 0.0000 150.7322 746.5566 0.7183 0.0000 3.0000 0.0000 0.0000 0.0000 3.0000 
2022 10 14 0 1.6100 217.2400 0.0000 0.0000 150.6121 746.5395 0.7163 0.0000 3.0000 0.0000 0.0000 0.0000 3.0000 
2022 10 15 0 2.6200 154.6600 0.0000 0.0000 150.5792 746.5348 0.7158 0.0000 3.0000 0.0000 0.0000 0.0000 3.0000 
2022 10 16 0 3.1000 113.2100 0.0000 0.0000 150.5879 746.5360 0.7159 0.0000 3.0000 0.0000 0.0000 0.0000 3.0000 
2022 10 17 0 2.9300 146.2200 0.0000 0.0000 150.5818 746.5352 0.7159 0.0000 3.0000 0.0000 0.0000 0.0000 3.0000 
2022 10 18 0 2.7600 163.8200 0.0000 0.0000 150.5611 746.5322 0.7155 0.0000 3.0000 0.0000 0.0000 0.0000 3.0000 
2022 10 19 0 2.3800 159.7000 0.0000 0.0000 150.5075 746.5246 0.7146 0.0000 3.0000 0.0000 0.0000 0.0000 3.0000 
2022 10 20 0 1.9500 142.1100 0.0000 0.0000 150.4168 746.5117 0.7132 0.0000 3.0000 0.0000 0.0000 0.0000 3.0000 
2022 10 21 0 1.6600 157.4800 0.0000 0.0000 150.3010 746.4952 0.7113 0.0000 3.0000 0.0000 0.0000 0.0000 3.0000 
2022 10 22 0 1.5200 142.0700 0.0000 0.0000 150.1732 746.4769 0.7092 0.0000 3.0000 0.0000 0.0000 0.0000 3.0000 
2022 10 23 0 2.6800 99.6700 0.0000 0.0000 150.1455 746.4730 0.7087 0.0000 3.0000 0.0000 0.0000 0.0000 3.0000 
2022 10 24 0 3.4600 85.2000 0.0000 0.0000 150.1852 746.4787 0.7094 0.0000 3.0000 0.0000 0.0000 0.0000 3.0000 
2022 10 25 0 2.7800 110.5100 0.0000 0.0000 150.1662 746.4759 0.7091 0.0000 3.0000 0.0000 0.0000 0.0000 3.0000 
2022 10 26 0 5.9200 121.4900 0.0000 0.0000 150.4185 746.5119 0.7132 0.0000 3.0000 0.0000 0.0000 0.0000 3.0000 
2022 10 27 0 3.5700 117.6600 0.0000 0.0000 150.4678 746.5189 0.7140 0.0000 3.0000 0.0000 0.0000 0.0000 3.0000 
2022 10 28 0 2.7300 103.2200 0.0000 0.0000 150.4444 746.5156 0.7136 0.0000 3.0000 0.0000 0.0000 0.0000 3.0000 
2022 10 29 0 3.2000 101.6200 0.0000 0.0000 150.4617 746.5181 0.7139 0.0000 3.0000 0.0000 0.0000 0.0000 3.0000 
2022 10 30 0 2.9100 117.9300 0.0000 0.0000 150.4540 746.5170 0.7138 0.0000 3.0000 0.0000 0.0000 0.0000 3.0000 
2022 10 31 0 1.9200 144.1300 0.0000 0.0000 150.3606 746.5037 0.7123 0.0000 3.0000 0.0000 0.0000 0.0000 3.0000 
2022 11 1 0 1.9600 72.4900 0.0000 0.0000 150.2708 746.4908 0.7108 0.0000 3.0000 0.0000 0.0000 0.0000 3.0000 
2022 11 2 0 3.2300 71.1700 0.0000 0.0000 150.2907 746.4937 0.7111 0.0000 3.0000 0.0000 0.0000 0.0000 3.0000 
2022 11 3 0 6.3800 86.5000 0.0000 0.0000 150.5827 746.5353 0.7159 0.0000 3.0000 0.0000 0.0000 0.0000 3.0000 
2022 11 4 0 6.3900 72.6700 0.0000 0.0000 150.8756 746.5770 0.7206 0.0000 3.0000 0.0000 0.0000 0.0000 3.0000 
2022 11 5 0 5.5100 47.6500 0.0000 0.0000 151.0924 746.6079 0.7242 0.0000 3.0000 0.0000 0.0000 0.0000 3.0000 
2022 11 6 0 4.1000 35.7500 0.0000 0.0000 151.1875 746.6215 0.7257 0.0000 3.0000 0.0000 0.0000 0.0000 3.0000 
2022 11 7 0 5.3400 43.8300 0.0000 0.0000 151.3897 746.6503 0.7290 0.0000 3.0000 0.0000 0.0000 0.0000 3.0000 
2022 11 8 0 4.5900 51.0900 0.0000 0.0000 151.5270 746.6699 0.7312 0.0000 3.0000 0.0000 0.0000 0.0000 3.0000 
2022 11 9 0 5.4200 42.5700 0.0000 0.0000 151.7361 746.6997 0.7346 0.0000 3.0000 0.0000 0.0000 0.0000 3.0000 
2022 11 10 0 4.1700 27.4000 0.0000 0.0000 151.8372 746.7141 0.7363 0.0000 3.0000 0.0000 0.0000 0.0000 3.0000 
2022 11 11 0 3.3600 2.0000 0.0000 0.0000 151.8683 746.7185 0.7368 0.0000 3.0000 0.0000 0.0000 0.0000 3.0000 
2022 11 12 0 2.7300 2.3700 0.0000 0.0000 151.8450 746.7152 0.7364 0.0000 3.0000 0.0000 0.0000 0.0000 3.0000 
2022 11 13 0 2.3000 29.9300 0.0000 0.0000 151.7845 746.7066 0.7354 0.0000 3.0000 0.0000 0.0000 0.0000 3.0000 
2022 11 14 0 2.1300 53.6800 0.0000 0.0000 151.7093 746.6959 0.7342 0.0000 3.0000 0.0000 0.0000 0.0000 3.0000 
2022 11 15 0 2.6500 53.7500 0.0000 0.0000 151.6791 746.6916 0.7337 0.0000 3.0000 0.0000 0.0000 0.0000 3.0000 
2022 11 16 0 3.7400 27.6900 0.0000 0.0000 151.7430 746.7007 0.7348 0.0000 3.0000 0.0000 0.0000 0.0000 3.0000 
2022 11 17 0 6.5400 48.9100 0.0000 0.0000 152.0489 746.7443 0.7397 0.0000 3.0000 0.0000 0.0000 0.0000 3.0000 
2022 11 18 0 3.3700 113.7000 0.0000 0.0000 152.0809 746.7488 0.7402 0.0000 3.0000 0.0000 0.0000 0.0000 3.0000 
2022 11 19 0 2.1100 167.1000 0.0000 0.0000 152.0040 746.7379 0.7390 0.0000 3.0000 0.0000 0.0000 0.0000 3.0000 
2022 11 20 0 2.1700 162.8400 0.0000 0.0000 151.9323 746.7276 0.7378 0.0000 3.0000 0.0000 0.0000 0.0000 3.0000 
2022 11 21 0 1.5500 209.5500 0.0000 0.0000 151.8070 746.7098 0.7358 0.0000 3.0000 0.0000 0.0000 0.0000 3.0000 
2022 11 22 0 1.3100 174.4300 0.0000 0.0000 151.6610 746.6890 0.7334 0.0000 3.0000 0.0000 0.0000 0.0000 3.0000 
2022 11 23 0 1.5600 149.8400 0.0000 0.0000 151.5365 746.6712 0.7314 0.0000 3.0000 0.0000 0.0000 0.0000 3.0000 
2022 11 24 0 1.7100 172.1800 0.0000 0.0000 151.4251 746.6554 0.7296 0.0000 3.0000 0.0000 0.0000 0.0000 3.0000 
2022 11 25 0 2.6600 200.3300 0.0000 0.0000 151.3957 746.6512 0.7291 0.0000 3.0000 0.0000 0.0000 0.0000 3.0000 
2022 11 26 0 3.7600 196.0200 0.0000 0.0000 151.4614 746.6605 0.7302 0.0000 3.0000 0.0000 0.0000 0.0000 3.0000 
2022 11 27 0 4.1100 146.0400 0.0000 0.0000 151.5573 746.6742 0.7317 0.0000 3.0000 0.0000 0.0000 0.0000 3.0000 
2022 11 28 0 5.3800 195.3000 0.0000 0.0000 151.7629 746.7035 0.7351 0.0000 3.0000 0.0000 0.0000 0.0000 3.0000 
2022 11 29 0 3.6400 362.5600 0.0000 0.0000 151.8182 746.7114 0.7360 0.0000 3.0000 0.0000 0.0000 0.0000 3.0000 
2022 11 30 0 2.4600 364.6000 0.0000 0.0000 151.7716 746.7047 0.7352 0.0000 3.0000 0.0000 0.0000 0.0000 3.0000 
2022 12 1 0 1.8700 349.6500 0.0000 0.0000 151.6739 746.6908 0.7336 0.0000 3.0000 0.0000 0.0000 0.0000 3.0000 
2022 12 2 0 1.5600 324.9900 0.0000 0.0000 151.5495 746.6731 0.7316 0.0000 3.0000 0.0000 0.0000 0.0000 3.0000 
2022 12 3 0 1.3200 268.8200 0.0000 0.0000 151.4044 746.6524 0.7292 0.0000 3.0000 0.0000 0.0000 0.0000 3.0000 
2022 12 4 0 1.2000 271.5000 0.0000 0.0000 151.2488 746.6302 0.7267 0.0000 3.0000 0.0000 0.0000 0.0000 3.0000 
2022 12 5 0 1.1100 290.7800 0.0000 0.0000 151.0855 746.6070 0.7240 0.0000 3.0000 0.0000 0.0000 0.0000 3.0000 
2022 12 6 0 1.1000 346.8000 0.0000 0.0000 150.9214 746.5836 0.7214 0.0000 3.0000 0.0000 0.0000 0.0000 3.0000 
2022 12 7 0 1.0700 334.1100 0.0000 0.0000 150.7546 746.5598 0.7187 0.0000 3.0000 0.0000 0.0000 0.0000 3.0000 
2022 12 8 0 1.1300 399.0300 0.0000 0.0000 150.5931 746.5368 0.7160 0.0000 3.0000 0.0000 0.0000 0.0000 3.0000 
2022 12 9 0 1.2200 418.6900 0.0000 0.0000 150.4393 746.5149 0.7135 0.0000 3.0000 0.0000 0.0000 0.0000 3.0000 
2022 12 10 0 1.2200 362.9800 0.0000 0.0000 150.2855 746.4929 0.7110 0.0000 3.0000 0.0000 0.0000 0.0000 3.0000 
2022 12 11 0 1.3000 338.6100 0.0000 0.0000 150.1386 746.4720 0.7086 0.0000 3.0000 0.0000 0.0000 0.0000 3.0000 
2022 12 12 0 1.3100 446.1100 0.0000 0.0000 149.9926 746.4512 0.7063 0.0000 3.0000 0.0000 0.0000 0.0000 3.0000 
2022 12 13 0 1.2500 458.6300 0.0000 0.0000 149.8414 746.4296 0.7038 0.0000 3.0000 0.0000 0.0000 0.0000 3.0000 
2022 12 14 0 1.1800 451.4100 0.0000 0.0000 149.6841 746.4072 0.7012 0.0000 3.0000 0.0000 0.0000 0.0000 3.0000 
2022 12 15 0 1.0900 396.6100 0.0000 0.0000 149.5191 746.3837 0.6986 0.0000 3.0000 0.0000 0.0000 0.0000 3.0000 
2022 12 16 0 1.0100 413.8400 0.0000 0.0000 149.3472 746.3592 0.6958 0.0000 3.0000 0.0000 0.0000 0.0000 3.0000 
2022 12 17 0 0.9700 254.6500 0.0000 0.0000 149.1718 746.3342 0.6929 0.0000 3.0000 0.0000 0.0000 0.0000 3.0000 
2022 12 18 0 0.9900 206.4000 0.0000 0.0000 148.9981 746.3095 0.6901 0.0000 3.0000 0.0000 0.0000 0.0000 3.0000 
2022 12 19 0 1.0500 211.4800 0.0000 0.0000 148.8296 746.2855 0.6873 0.0000 3.0000 0.0000 0.0000 0.0000 3.0000 
2022 12 20 0 1.2400 205.2500 0.0000 0.0000 148.6776 746.2638 0.6849 0.0000 3.0000 0.0000 0.0000 0.0000 3.0000 
2022 12 21 0 1.9200 223.3000 0.0000 0.0000 148.5843 746.2505 0.6833 0.0000 3.0000 0.0000 0.0000 0.0000 3.0000 
2022 12 22 0 1.9600 201.9700 0.0000 0.0000 148.4944 746.2377 0.6819 0.0000 3.0000 0.0000 0.0000 0.0000 3.0000 
2022 12 23 0 1.4900 193.2900 0.0000 0.0000 148.3639 746.2191 0.6798 0.0000 3.0000 0.0000 0.0000 0.0000 3.0000 
2022 12 24 0 1.0900 142.3700 0.0000 0.0000 148.1989 746.1956 0.6771 0.0000 3.0000 0.0000 0.0000 0.0000 3.0000 
2022 12 25 0 0.9200 129.4400 0.0000 0.0000 148.0192 746.1700 0.6741 0.0000 3.0000 0.0000 0.0000 0.0000 3.0000 
2022 12 26 0 1.7200 111.7200 0.0000 0.0000 147.9086 746.1542 0.6723 0.0000 3.0000 0.0000 0.0000 0.0000 3.0000 
2022 12 27 0 1.4700 141.3500 0.0000 0.0000 147.7764 746.1354 0.6702 0.0000 3.0000 0.0000 0.0000 0.0000 3.0000 
2022 12 28 0 1.0900 122.1300 0.0000 0.0000 147.6114 746.1118 0.6675 0.0000 3.0000 0.0000 0.0000 0.0000 3.0000 
2022 12 29 0 1.0600 96.2800 0.0000 0.0000 147.4438 746.0879 0.6648 0.0000 3.0000 0.0000 0.0000 0.0000 3.0000 
2022 12 30 0 0.9800 100.4100 0.0000 0.0000 147.2692 746.0631 0.6619 0.0000 3.0000 0.0000 0.0000 0.0000 3.0000 
2022 12 31 0 1.3300 116.2200 0.0000 0.0000 147.1250 746.0425 0.6596 0.0000 3.0000 0.0000 0.0000 0.0000 3.0000 
2023 1 1 0 1.0700 112.5700 0.0000 0.0000 146.9582 746.0187 0.6569 0.0000 3.0000 0.0000 0.0000 0.0000 3.0000 
2023 1 2 0 0.9300 149.2600 0.0000 0.0000 146.7794 745.9933 0.6540 0.0000 3.0000 0.0000 0.0000 0.0000 3.0000 
2023 1 3 0 0.8300 154.5400 0.0000 0.0000 146.5919 745.9665 0.6509 0.0000 3.0000 0.0000 0.0000 0.0000 3.0000 
2023 1 4 0 0.7800 114.6400 0.0000 0.0000 146.4001 745.9392 0.6478 0.0000 3.0000 0.0000 0.0000 0.0000 3.0000 
2023 1 5 0 0.9900 144.1600 0.0000 0.0000 146.2264 745.9145 0.6450 0.0000 3.0000 0.0000 0.0000 0.0000 3.0000 
2023 1 6 0 0.8600 126.0400 0.0000 0.0000 146.0415 745.8881 0.6420 0.0000 3.0000 0.0000 0.0000 0.0000 3.0000 
2023 1 7 0 0.8900 102.5400 0.0000 0.0000 145.8592 745.8621 0.6390 0.0000 3.0000 0.0000 0.0000 0.0000 3.0000 
2023 1 8 0 2.0200 75.8000 0.0000 0.0000 145.7745 745.8501 0.6376 0.0000 3.0000 0.0000 0.0000 0.0000 3.0000 
2023 1 9 0 3.0200 133.2800 0.0000 0.0000 145.7763 745.8503 0.6376 0.0000 3.0000 0.0000 0.0000 0.0000 3.0000 
2023 1 10 0 2.2000 130.4400 0.0000 0.0000 145.7071 745.8404 0.6365 0.0000 3.0000 0.0000 0.0000 0.0000 3.0000 
2023 1 11 0 1.8000 96.6800 0.0000 0.0000 145.6035 745.8257 0.6348 0.0000 3.0000 0.0000 0.0000 0.0000 3.0000 
2023 1 12 0 1.5500 89.9500 0.0000 0.0000 145.4782 745.8078 0.6328 0.0000 3.0000 0.0000 0.0000 0.0000 3.0000 
2023 1 13 0 1.3100 82.8000 0.0000 0.0000 145.3322 745.7870 0.6304 0.0000 3.0000 0.0000 0.0000 0.0000 3.0000 
2023 1 14 0 1.1300 94.7100 0.0000 0.0000 145.1706 745.7640 0.6278 0.0000 3.0000 0.0000 0.0000 0.0000 3.0000 
2023 1 15 0 1.0600 70.7800 0.0000 0.0000 145.0030 745.7401 0.6250 0.0000 3.0000 0.0000 0.0000 0.0000 3.0000 
2023 1 16 0 1.0300 139.7600 0.0000 0.0000 144.8328 745.7158 0.6223 0.0000 3.0000 0.0000 0.0000 0.0000 3.0000 
2023 1 17 0 0.9700 134.1900 0.0000 0.0000 144.6574 745.6908 0.6194 0.0000 3.0000 0.0000 0.0000 0.0000 3.0000 
2023 1 18 0 0.9800 138.3800 0.0000 0.0000 144.4828 745.6660 0.6166 0.0000 3.0000 0.0000 0.0000 0.0000 3.0000 
2023 1 19 0 0.8500 148.5600 0.0000 0.0000 144.2971 745.6395 0.6136 0.0000 3.0000 0.0000 0.0000 0.0000 3.0000 
2023 1 20 0 0.8200 162.5000 0.0000 0.0000 144.1087 745.6126 0.6105 0.0000 3.0000 0.0000 0.0000 0.0000 3.0000 
2023 1 21 0 0.7700 150.1900 0.0000 0.0000 143.9161 745.5852 0.6074 0.0000 3.0000 0.0000 0.0000 0.0000 3.0000 
2023 1 22 0 0.7600 151.8000 0.0000 0.0000 143.7225 745.5576 0.6042 0.0000 3.0000 0.0000 0.0000 0.0000 3.0000 
2023 1 23 0 0.8500 197.7300 0.0000 0.0000 143.5368 745.5311 0.6012 0.0000 3.0000 0.0000 0.0000 0.0000 3.0000 
2023 1 24 0 0.7700 184.5400 0.0000 0.0000 143.3441 745.5037 0.5980 0.0000 3.0000 0.0000 0.0000 0.0000 3.0000 
2023 1 25 0 0.7900 137.5700 0.0000 0.0000 143.1532 745.4765 0.5949 0.0000 3.0000 0.0000 0.0000 0.0000 3.0000 
2023 1 26 0 0.9000 132.3800 0.0000 0.0000 142.9717 745.4506 0.5920 0.0000 3.0000 0.0000 0.0000 0.0000 3.0000 
2023 1 27 0 0.8600 154.0500 0.0000 0.0000 142.7868 745.4242 0.5890 0.0000 3.0000 0.0000 0.0000 0.0000 3.0000 
2023 1 28 0 0.7900 116.8100 0.0000 0.0000 142.5959 745.3970 0.5859 0.0000 3.0000 0.0000 0.0000 0.0000 3.0000 
2023 1 29 0 0.7400 102.3700 0.0000 0.0000 142.4006 745.3692 0.5827 0.0000 3.0000 0.0000 0.0000 0.0000 3.0000 
2023 1 30 0 0.8300 90.0000 0.0000 0.0000 142.2131 745.3425 0.5796 0.0000 3.0000 0.0000 0.0000 0.0000 3.0000 
2023 1 31 0 0.7900 105.1200 0.0000 0.0000 142.0222 745.3153 0.5765 0.0000 3.0000 0.0000 0.0000 0.0000 3.0000 
2023 2 1 0 0.7300 103.8300 0.0000 0.0000 141.8260 745.2873 0.5733 0.0000 3.0000 0.0000 0.0000 0.0000 3.0000 
2023 2 2 0 0.8600 145.2800 0.0000 0.0000 141.6412 745.2610 0.5703 0.0000 3.0000 0.0000 0.0000 0.0000 3.0000 
2023 2 3 0 0.7400 113.1000 0.0000 0.0000 141.4459 745.2331 0.5672 0.0000 3.0000 0.0000 0.0000 0.0000 3.0000 
2023 2 4 0 0.6200 138.8200 0.0000 0.0000 141.2403 745.2038 0.5638 0.0000 3.0000 0.0000 0.0000 0.0000 3.0000 
2023 2 5 0 0.5800 122.8300 0.0000 0.0000 141.0312 745.1740 0.5604 0.0000 3.0000 0.0000 0.0000 0.0000 3.0000 
2023 2 6 0 0.5400 161.3800 0.0000 0.0000 140.8186 745.1437 0.5569 0.0000 3.0000 0.0000 0.0000 0.0000 3.0000 
2023 2 7 0 0.5100 132.4500 0.0000 0.0000 140.6035 745.1131 0.5534 0.0000 3.0000 0.0000 0.0000 0.0000 3.0000 
2023 2 8 0 0.4900 120.3300 0.0000 0.0000 140.3866 745.0822 0.5499 0.0000 3.0000 0.0000 0.0000 0.0000 3.0000 
2023 2 9 0 0.5600 98.3400 0.0000 0.0000 140.1758 745.0521 0.5465 0.0000 3.0000 0.0000 0.0000 0.0000 3.0000 
2023 2 10 0 0.6000 97.5400 0.0000 0.0000 139.9684 745.0234 0.5431 0.0000 3.0000 0.0000 0.0000 0.0000 3.0000 
2023 2 11 0 0.6400 94.6300 0.0000 0.0000 139.7645 744.9933 0.5398 0.0000 3.0000 0.0000 0.0000 0.0000 3.0000 
2023 2 12 0 0.6800 111.6200 0.0000 0.0000 139.5641 744.9637 0.5365 0.0000 3.0000 0.0000 0.0000 0.0000 3.0000 
2023 2 13 0 0.6800 115.7800 0.0000 0.0000 139.3636 744.9340 0.5333 0.0000 3.0000 0.0000 0.0000 0.0000 3.0000 
2023 2 14 0 0.6700 140.8300 0.0000 0.0000 139.1623 744.9043 0.5300 0.0000 3.0000 0.0000 0.0000 0.0000 3.0000 
2023 2 15 0 0.5700 122.5300 0.0000 0.0000 138.9524 744.8732 0.5266 0.0000 3.0000 0.0000 0.0000 0.0000 3.0000 
2023 2 16 0 0.5200 120.9800 0.0000 0.0000 138.7381 744.8416 0.5231 0.0000 3.0000 0.0000 0.0000 0.0000 3.0000 
2023 2 17 0 0.6200 92.1200 0.0000 0.0000 138.5325 744.8112 0.5197 0.0000 3.0000 0.0000 0.0000 0.0000 3.0000 
2023 2 18 0 0.6700 97.8800 0.0000 0.0000 138.3312 744.7814 0.5165 0.0000 3.0000 0.0000 0.0000 0.0000 3.0000 
2023 2 19 0 0.7100 107.6300 0.0000 0.0000 138.1333 744.7522 0.5132 0.0000 3.0000 0.0000 0.0000 0.0000 3.0000 
2023 2 20 0 0.7600 77.5600 0.0000 0.0000 137.9398 744.7235 0.5101 0.0000 3.0000 0.0000 0.0000 0.0000 3.0000 
2023 2 21 0 0.8100 106.7100 0.0000 0.0000 137.7506 744.6956 0.5070 0.0000 3.0000 0.0000 0.0000 0.0000 3.0000 
2023 2 22 0 0.7100 118.3800 0.0000 0.0000 137.5527 744.6663 0.5038 0.0000 3.0000 0.0000 0.0000 0.0000 3.0000 
2023 2 23 0 0.7400 116.1600 0.0000 0.0000 137.3574 744.6375 0.5006 0.0000 3.0000 0.0000 0.0000 0.0000 3.0000 
2023 2 24 0 0.7400 103.8000 0.0000 0.0000 137.1622 744.6086 0.4974 0.0000 3.0000 0.0000 0.0000 0.0000 3.0000 
2023 2 25 0 0.8800 97.6000 0.0000 0.0000 136.9790 744.5815 0.4945 0.0000 3.0000 0.0000 0.0000 0.0000 3.0000 
2023 2 26 0 1.1600 111.9200 0.0000 0.0000 136.8200 744.5580 0.4919 0.0000 3.0000 0.0000 0.0000 0.0000 3.0000 
2023 2 27 0 1.3000 124.5700 0.0000 0.0000 136.6732 744.5363 0.4895 0.0000 3.0000 0.0000 0.0000 0.0000 3.0000 
2023 2 28 0 1.1100 124.0900 0.0000 0.0000 136.5099 744.5122 0.4868 0.0000 3.0000 0.0000 0.0000 0.0000 3.0000 
2023 3 1 0 0.9900 130.8400 0.0000 0.0000 136.3362 744.4865 0.4840 0.0000 3.0000 0.0000 0.0000 0.0000 3.0000 
2023 3 2 0 0.9000 120.4000 0.0000 0.0000 136.1548 744.4597 0.4810 0.0000 3.0000 0.0000 0.0000 0.0000 3.0000 
2023 3 3 0 0.8100 115.5800 0.0000 0.0000 135.9655 744.4317 0.4780 0.0000 3.0000 0.0000 0.0000 0.0000 3.0000 
2023 3 4 0 0.7800 112.2200 0.0000 0.0000 135.7737 744.4034 0.4748 0.0000 3.0000 0.0000 0.0000 0.0000 3.0000 
2023 3 5 0 0.8000 129.9600 0.0000 0.0000 135.5836 744.3753 0.4717 0.0000 3.0000 0.0000 0.0000 0.0000 3.0000 
2023 3 6 0 0.6300 153.1300 0.0000 0.0000 135.3789 744.3450 0.4684 0.0000 3.0000 0.0000 0.0000 0.0000 3.0000 
2023 3 7 0 0.4800 116.0800 0.0000 0.0000 135.1612 744.3128 0.4649 0.0000 3.0000 0.0000 0.0000 0.0000 3.0000 
2023 3 8 0 0.4900 150.8300 0.0000 0.0000 134.9443 744.2808 0.4613 0.0000 3.0000 0.0000 0.0000 0.0000 3.0000 
2023 3 9 0 0.4300 138.5100 0.0000 0.0000 134.7222 744.2479 0.4577 0.0000 3.0000 0.0000 0.0000 0.0000 3.0000 
2023 3 10 0 0.3900 127.3700 0.0000 0.0000 134.4967 744.2146 0.4540 0.0000 3.0000 0.0000 0.0000 0.0000 3.0000 
2023 3 11 0 0.3600 110.5300 0.0000 0.0000 134.2686 744.1809 0.4503 0.0000 3.0000 0.0000 0.0000 0.0000 3.0000 
2023 3 12 0 0.3900 106.8200 0.0000 0.0000 134.0431 744.1475 0.4467 0.0000 3.0000 0.0000 0.0000 0.0000 3.0000 
2023 3 13 0 0.3900 94.6800 0.0000 0.0000 133.8176 744.1142 0.4430 0.0000 3.0000 0.0000 0.0000 0.0000 3.0000 
2023 3 14 0 0.3900 102.8300 0.0000 0.0000 133.5921 744.0809 0.4393 0.0000 3.0000 0.0000 0.0000 0.0000 3.0000 
2023 3 15 0 0.3600 121.6400 0.0000 0.0000 133.3640 744.0472 0.4356 0.0000 3.0000 0.0000 0.0000 0.0000 3.0000 
2023 3 16 0 0.3400 112.8100 0.0000 0.0000 133.1342 744.0132 0.4319 0.0000 3.0000 0.0000 0.0000 0.0000 3.0000 
2023 3 17 0 0.3700 104.1500 0.0000 0.0000 132.9070 743.9796 0.4282 0.0000 3.0000 0.0000 0.0000 0.0000 3.0000 
2023 3 18 0 0.4500 109.0000 0.0000 0.0000 132.6867 743.9470 0.4246 0.0000 3.0000 0.0000 0.0000 0.0000 3.0000 
2023 3 19 0 0.4400 110.0900 0.0000 0.0000 132.4655 743.9143 0.4210 0.0000 3.0000 0.0000 0.0000 0.0000 3.0000 
2023 3 20 0 0.4900 116.7600 0.0000 0.0000 132.2486 743.8823 0.4175 0.0000 3.0000 0.0000 0.0000 0.0000 3.0000 
2023 3 21 0 0.5000 111.3100 0.0000 0.0000 132.0326 743.8503 0.4139 0.0000 3.0000 0.0000 0.0000 0.0000 3.0000 
2023 3 22 0 0.5000 92.3600 0.0000 0.0000 131.8166 743.8184 0.4104 0.0000 3.0000 0.0000 0.0000 0.0000 3.0000 
2023 3 23 0 0.5700 86.1100 0.0000 0.0000 131.6067 743.7874 0.4070 0.0000 3.0000 0.0000 0.0000 0.0000 3.0000 
2023 3 24 0 0.7300 83.8300 0.0000 0.0000 131.4105 743.7584 0.4038 0.0000 3.0000 0.0000 0.0000 0.0000 3.0000 
2023 3 25 0 0.8900 73.3600 0.0000 0.0000 131.2282 743.7314 0.4009 0.0000 3.0000 0.0000 0.0000 0.0000 3.0000 
2023 3 26 0 0.9400 92.4600 0.0000 0.0000 131.0502 743.7051 0.3980 0.0000 3.0000 0.0000 0.0000 0.0000 3.0000 
2023 3 27 0 0.9800 100.9400 0.0000 0.0000 130.8757 743.6793 0.3951 0.0000 3.0000 0.0000 0.0000 0.0000 3.0000 
2023 3 28 0 0.9900 123.8500 0.0000 0.0000 130.7020 743.6537 0.3923 0.0000 3.0000 0.0000 0.0000 0.0000 3.0000 
2023 3 29 0 0.8200 127.0200 0.0000 0.0000 130.5137 743.6258 0.3892 0.0000 3.0000 0.0000 0.0000 0.0000 3.0000 
2023 3 30 0 0.7700 103.7800 0.0000 0.0000 130.3210 743.5973 0.3861 0.0000 3.0000 0.0000 0.0000 0.0000 3.0000 
2023 3 31 0 1.4300 111.8200 0.0000 0.0000 130.1854 743.5773 0.3839 0.0000 3.0000 0.0000 0.0000 0.0000 3.0000 
2023 4 1 0 3.5900 97.9300 0.0000 0.0000 130.2364 743.5848 0.3847 0.0000 3.0000 0.0000 0.0000 0.0000 3.0000 
2023 4 2 0 3.3400 105.1000 0.0000 0.0000 130.2657 743.5892 0.3852 0.0000 3.0000 0.0000 0.0000 0.0000 3.0000 
2023 4 3 0 2.2400 126.4800 0.0000 0.0000 130.2001 743.5795 0.3841 0.0000 3.0000 0.0000 0.0000 0.0000 3.0000 
2023 4 4 0 1.4400 133.1300 0.0000 0.0000 130.0653 743.5595 0.3819 0.0000 3.0000 0.0000 0.0000 0.0000 3.0000 
2023 4 5 0 1.2000 130.9100 0.0000 0.0000 129.9098 743.5365 0.3794 0.0000 3.0000 0.0000 0.0000 0.0000 3.0000 
2023 4 6 0 1.0600 125.8900 0.0000 0.0000 129.7421 743.5118 0.3767 0.0000 3.0000 0.0000 0.0000 0.0000 3.0000 
2023 4 7 0 0.9000 117.9200 0.0000 0.0000 129.5607 743.4850 0.3737 0.0000 3.0000 0.0000 0.0000 0.0000 3.0000 
2023 4 8 0 0.8000 120.6500 0.0000 0.0000 129.3706 743.4569 0.3706 0.0000 3.0000 0.0000 0.0000 0.0000 3.0000 
2023 4 9 0 0.7500 110.2100 0.0000 0.0000 129.1762 743.4281 0.3675 0.0000 3.0000 0.0000 0.0000 0.0000 3.0000 
2023 4 10 0 0.7800 54.3700 0.0000 0.0000 128.9844 743.3998 0.3643 0.0000 3.0000 0.0000 0.0000 0.0000 3.0000 
2023 4 11 0 2.3700 84.4600 0.0000 0.0000 128.9300 743.3917 0.3634 0.0000 3.0000 0.0000 0.0000 0.0000 3.0000 
2023 4 12 0 2.1200 111.9800 0.0000 0.0000 128.8540 743.3805 0.3622 0.0000 3.0000 0.0000 0.0000 0.0000 3.0000 
2023 4 13 0 2.1100 107.2100 0.0000 0.0000 128.7771 743.3691 0.3610 0.0000 3.0000 0.0000 0.0000 0.0000 3.0000 
2023 4 14 0 2.4400 118.9300 0.0000 0.0000 128.7287 743.3620 0.3602 0.0000 3.0000 0.0000 0.0000 0.0000 3.0000 
2023 4 15 0 2.3500 111.6600 0.0000 0.0000 128.6725 743.3537 0.3593 0.0000 3.0000 0.0000 0.0000 0.0000 3.0000 
2023 4 16 0 2.3500 115.1500 0.0000 0.0000 128.6164 743.3454 0.3583 0.0000 3.0000 0.0000 0.0000 0.0000 3.0000 
2023 4 17 0 2.4900 125.4800 0.0000 0.0000 128.5723 743.3388 0.3576 0.0000 3.0000 0.0000 0.0000 0.0000 3.0000 
2023 4 18 0 2.6600 114.7600 0.0000 0.0000 128.5429 743.3345 0.3571 0.0000 3.0000 0.0000 0.0000 0.0000 3.0000 
2023 4 19 0 2.8300 108.7500 0.0000 0.0000 128.5282 743.3323 0.3569 0.0000 3.0000 0.0000 0.0000 0.0000 3.0000 
2023 4 20 0 3.1800 111.1600 0.0000 0.0000 128.5438 743.3346 0.3572 0.0000 3.0000 0.0000 0.0000 0.0000 3.0000 
2023 4 21 0 3.6800 107.9900 0.0000 0.0000 128.6025 743.3433 0.3581 0.0000 3.0000 0.0000 0.0000 0.0000 3.0000 
2023 4 22 0 4.2000 98.4000 0.0000 0.0000 128.7062 743.3586 0.3598 0.0000 3.0000 0.0000 0.0000 0.0000 3.0000 
2023 4 23 0 5.2100 97.8600 0.0000 0.0000 128.8972 743.3869 0.3629 0.0000 3.0000 0.0000 0.0000 0.0000 3.0000 
2023 4 24 0 5.2200 116.5300 0.0000 0.0000 129.0890 743.4152 0.3660 0.0000 3.0000 0.0000 0.0000 0.0000 3.0000 
2023 4 25 0 4.7200 104.4700 0.0000 0.0000 129.2376 743.4372 0.3685 0.0000 3.0000 0.0000 0.0000 0.0000 3.0000 
2023 4 26 0 4.0500 114.3700 0.0000 0.0000 129.3283 743.4506 0.3699 0.0000 3.0000 0.0000 0.0000 0.0000 3.0000 
2023 4 27 0 3.3500 123.3800 0.0000 0.0000 129.3585 743.4551 0.3704 0.0000 3.0000 0.0000 0.0000 0.0000 3.0000 
2023 4 28 0 2.9200 121.7100 0.0000 0.0000 129.3516 743.4540 0.3703 0.0000 3.0000 0.0000 0.0000 0.0000 3.0000 
2023 4 29 0 2.6800 112.7000 0.0000 0.0000 129.3240 743.4500 0.3699 0.0000 3.0000 0.0000 0.0000 0.0000 3.0000 
2023 4 30 0 2.5200 99.7900 0.0000 0.0000 129.2825 743.4438 0.3692 0.0000 3.0000 0.0000 0.0000 0.0000 3.0000 
2023 5 1 0 2.4400 106.3400 0.0000 0.0000 129.2341 743.4367 0.3684 0.0000 3.0000 0.0000 0.0000 0.0000 3.0000 
2023 5 2 0 2.5200 121.7900 0.0000 0.0000 129.1926 743.4305 0.3677 0.0000 3.0000 0.0000 0.0000 0.0000 3.0000 
2023 5 3 0 2.6500 118.1800 0.0000 0.0000 129.1624 743.4261 0.3672 0.0000 3.0000 0.0000 0.0000 0.0000 3.0000 
2023 5 4 0 2.7100 112.1600 0.0000 0.0000 129.1373 743.4224 0.3668 0.0000 3.0000 0.0000 0.0000 0.0000 3.0000 
2023 5 5 0 2.5700 97.5700 0.0000 0.0000 129.1002 743.4169 0.3662 0.0000 3.0000 0.0000 0.0000 0.0000 3.0000 
2023 5 6 0 2.3700 94.9300 0.0000 0.0000 129.0458 743.4088 0.3653 0.0000 3.0000 0.0000 0.0000 0.0000 3.0000 
2023 5 7 0 2.2900 88.0500 0.0000 0.0000 128.9844 743.3998 0.3643 0.0000 3.0000 0.0000 0.0000 0.0000 3.0000 
2023 5 8 0 2.4900 102.0400 0.0000 0.0000 128.9404 743.3933 0.3636 0.0000 3.0000 0.0000 0.0000 0.0000 3.0000 
2023 5 9 0 3.3800 96.1600 0.0000 0.0000 128.9732 743.3981 0.3641 0.0000 3.0000 0.0000 0.0000 0.0000 3.0000 
2023 5 10 0 5.7400 94.0200 0.0000 0.0000 129.2099 743.4331 0.3680 0.0000 3.0000 0.0000 0.0000 0.0000 3.0000 
2023 5 11 0 6.6700 101.3600 0.0000 0.0000 129.5270 743.4800 0.3732 0.0000 3.0000 0.0000 0.0000 0.0000 3.0000 
2023 5 12 0 7.9200 91.5000 0.0000 0.0000 129.9521 743.5428 0.3801 0.0000 3.0000 0.0000 0.0000 0.0000 3.0000 
2023 5 13 0 8.5000 74.6100 0.0000 0.0000 130.4273 743.6131 0.3878 0.0000 3.0000 0.0000 0.0000 0.0000 3.0000 
2023 5 14 0 8.4000 72.7500 0.0000 0.0000 130.8939 743.6820 0.3954 0.0000 3.0000 0.0000 0.0000 0.0000 3.0000 
2023 5 15 0 9.6000 94.8900 0.0000 0.0000 131.4641 743.7663 0.4047 0.0000 3.0000 0.0000 0.0000 0.0000 3.0000 
2023 5 16 0 11.3100 63.0700 0.0000 0.0000 132.1821 743.8724 0.4164 0.0000 3.0000 0.0000 0.0000 0.0000 3.0000 
2023 5 17 0 9.2400 54.3000 0.0000 0.0000 132.7212 743.9521 0.4252 0.0000 3.0000 0.0000 0.0000 0.0000 3.0000 
2023 5 18 0 7.1800 88.1100 0.0000 0.0000 133.0824 744.0055 0.4310 0.0000 3.0000 0.0000 0.0000 0.0000 3.0000 
2023 5 19 0 6.2500 92.9400 0.0000 0.0000 133.3632 744.0470 0.4356 0.0000 3.0000 0.0000 0.0000 0.0000 3.0000 
2023 5 20 0 6.1700 52.6300 0.0000 0.0000 133.6371 744.0875 0.4401 0.0000 3.0000 0.0000 0.0000 0.0000 3.0000 
2023 5 21 0 5.8700 37.1300 0.0000 0.0000 133.8850 744.1242 0.4441 0.0000 3.0000 0.0000 0.0000 0.0000 3.0000 
2023 5 22 0 5.7300 84.4700 0.0000 0.0000 134.1209 744.1590 0.4479 0.0000 3.0000 0.0000 0.0000 0.0000 3.0000 
2023 5 23 0 7.2200 63.0000 0.0000 0.0000 134.4855 744.2129 0.4539 0.0000 3.0000 0.0000 0.0000 0.0000 3.0000 
2023 5 24 0 7.3200 82.4800 0.0000 0.0000 134.8588 744.2681 0.4599 0.0000 3.0000 0.0000 0.0000 0.0000 3.0000 
2023 5 25 0 6.7200 57.6600 0.0000 0.0000 135.1802 744.3156 0.4652 0.0000 3.0000 0.0000 0.0000 0.0000 3.0000 
2023 5 26 0 6.6800 61.9200 0.0000 0.0000 135.4981 744.3626 0.4703 0.0000 3.0000 0.0000 0.0000 0.0000 3.0000 
2023 5 27 0 5.9900 61.7400 0.0000 0.0000 135.7564 744.4008 0.4746 0.0000 3.0000 0.0000 0.0000 0.0000 3.0000 
2023 5 28 0 4.8400 48.1500 0.0000 0.0000 135.9154 744.4243 0.4771 0.0000 3.0000 0.0000 0.0000 0.0000 3.0000 
2023 5 29 0 3.6700 41.9900 0.0000 0.0000 135.9733 744.4329 0.4781 0.0000 3.0000 0.0000 0.0000 0.0000 3.0000 
2023 5 30 0 3.0600 85.7800 0.0000 0.0000 135.9785 744.4336 0.4782 0.0000 3.0000 0.0000 0.0000 0.0000 3.0000 
2023 5 31 0 2.6500 60.1500 0.0000 0.0000 135.9483 744.4292 0.4777 0.0000 3.0000 0.0000 0.0000 0.0000 3.0000 
2023 6 1 0 2.3300 67.1300 0.0000 0.0000 135.8904 744.4206 0.4767 0.0000 3.0000 0.0000 0.0000 0.0000 3.0000 
2023 6 2 0 1.9600 80.9600 0.0000 0.0000 135.8005 744.4073 0.4753 0.0000 3.0000 0.0000 0.0000 0.0000 3.0000 
2023 6 3 0 1.6600 62.3200 0.0000 0.0000 135.6847 744.3902 0.4734 0.0000 3.0000 0.0000 0.0000 0.0000 3.0000 
2023 6 4 0 1.4700 61.2100 0.0000 0.0000 135.5525 744.3707 0.4712 0.0000 3.0000 0.0000 0.0000 0.0000 3.0000 
2023 6 5 0 1.3100 87.8500 0.0000 0.0000 135.4065 744.3491 0.4689 0.0000 3.0000 0.0000 0.0000 0.0000 3.0000 
2023 6 6 0 1.1300 90.1800 0.0000 0.0000 135.2450 744.3252 0.4662 0.0000 3.0000 0.0000 0.0000 0.0000 3.0000 
2023 6 7 0 0.9800 96.7800 0.0000 0.0000 135.0704 744.2994 0.4634 0.0000 3.0000 0.0000 0.0000 0.0000 3.0000 
2023 6 8 0 0.8400 89.0900 0.0000 0.0000 134.8838 744.2718 0.4603 0.0000 3.0000 0.0000 0.0000 0.0000 3.0000 
2023 6 9 0 0.7200 88.9200 0.0000 0.0000 134.6868 744.2427 0.4571 0.0000 3.0000 0.0000 0.0000 0.0000 3.0000 
2023 6 10 0 0.6100 61.8300 0.0000 0.0000 134.4803 744.2122 0.4538 0.0000 3.0000 0.0000 0.0000 0.0000 3.0000 
2023 6 11 0 0.5200 47.6500 0.0000 0.0000 134.2660 744.1805 0.4503 0.0000 3.0000 0.0000 0.0000 0.0000 3.0000 
2023 6 12 0 0.4500 88.7900 0.0000 0.0000 134.0457 744.1479 0.4467 0.0000 3.0000 0.0000 0.0000 0.0000 3.0000 
2023 6 13 0 0.4000 99.0700 0.0000 0.0000 133.8211 744.1147 0.4431 0.0000 3.0000 0.0000 0.0000 0.0000 3.0000 
2023 6 14 0 0.3400 105.6600 0.0000 0.0000 133.5913 744.0807 0.4393 0.0000 3.0000 0.0000 0.0000 0.0000 3.0000 
2023 6 15 0 0.3100 116.5000 0.0000 0.0000 133.3588 744.0464 0.4355 0.0000 3.0000 0.0000 0.0000 0.0000 3.0000 
2023 6 16 0 0.2900 123.1200 0.0000 0.0000 133.1247 744.0118 0.4317 0.0000 3.0000 0.0000 0.0000 0.0000 3.0000 
2023 6 17 0 0.2600 107.5100 0.0000 0.0000 132.8880 743.9768 0.4279 0.0000 3.0000 0.0000 0.0000 0.0000 3.0000 
2023 6 18 0 0.2500 102.7200 0.0000 0.0000 132.6504 743.9417 0.4240 0.0000 3.0000 0.0000 0.0000 0.0000 3.0000 
2023 6 19 0 0.2400 116.7200 0.0000 0.0000 132.4119 743.9064 0.4201 0.0000 3.0000 0.0000 0.0000 0.0000 3.0000 
2023 6 20 0 0.2600 131.3100 0.0000 0.0000 132.1752 743.8714 0.4163 0.0000 3.0000 0.0000 0.0000 0.0000 3.0000 
2023 6 21 0 0.3500 131.9100 0.0000 0.0000 131.9462 743.8376 0.4125 0.0000 3.0000 0.0000 0.0000 0.0000 3.0000 
2023 6 22 0 0.9600 129.3300 0.0000 0.0000 131.7700 743.8115 0.4097 0.0000 3.0000 0.0000 0.0000 0.0000 3.0000 
2023 6 23 0 0.7100 112.7300 0.0000 0.0000 131.5721 743.7823 0.4064 0.0000 3.0000 0.0000 0.0000 0.0000 3.0000 
2023 6 24 0 0.5100 91.6000 0.0000 0.0000 131.3570 743.7505 0.4029 0.0000 3.0000 0.0000 0.0000 0.0000 3.0000 
2023 6 25 0 0.3800 78.9200 0.0000 0.0000 131.1306 743.7170 0.3993 0.0000 3.0000 0.0000 0.0000 0.0000 3.0000 
2023 6 26 0 0.3300 97.3600 0.0000 0.0000 130.8999 743.6829 0.3955 0.0000 3.0000 0.0000 0.0000 0.0000 3.0000 
2023 6 27 0 0.3100 97.1000 0.0000 0.0000 130.6675 743.6486 0.3917 0.0000 3.0000 0.0000 0.0000 0.0000 3.0000 
2023 6 28 0 0.3100 110.3800 0.0000 0.0000 130.4351 743.6142 0.3879 0.0000 3.0000 0.0000 0.0000 0.0000 3.0000 
2023 6 29 0 0.3000 115.5800 0.0000 0.0000 130.2018 743.5797 0.3841 0.0000 3.0000 0.0000 0.0000 0.0000 3.0000 
2023 6 30 0 0.3200 106.1600 0.0000 0.0000 129.9702 743.5455 0.3804 0.0000 3.0000 0.0000 0.0000 0.0000 3.0000 
2023 7 1 0 0.2900 61.0800 0.0000 0.0000 129.7361 743.5109 0.3766 0.0000 3.0000 0.0000 0.0000 0.0000 3.0000 
2023 7 2 0 0.3000 15.9100 0.0000 0.0000 129.5028 743.4764 0.3728 0.0000 3.0000 0.0000 0.0000 0.0000 3.0000 
2023 7 3 0 0.3000 50.3200 0.0000 0.0000 129.2695 743.4419 0.3690 0.0000 3.0000 0.0000 0.0000 0.0000 3.0000 
2023 7 4 0 0.3700 83.2500 0.0000 0.0000 129.0423 743.4083 0.3653 0.0000 3.0000 0.0000 0.0000 0.0000 3.0000 
2023 7 5 0 0.3700 80.5300 0.0000 0.0000 128.8151 743.3747 0.3616 0.0000 3.0000 0.0000 0.0000 0.0000 3.0000 
2023 7 6 0 0.4300 96.7500 0.0000 0.0000 128.5930 743.3419 0.3580 0.0000 3.0000 0.0000 0.0000 0.0000 3.0000 
2023 7 7 0 0.5300 101.0400 0.0000 0.0000 128.3796 743.3104 0.3545 0.0000 3.0000 0.0000 0.0000 0.0000 3.0000 
2023 7 8 0 0.8100 87.4600 0.0000 0.0000 128.1904 743.2824 0.3514 0.0000 3.0000 0.0000 0.0000 0.0000 3.0000 
2023 7 9 0 0.8500 94.0500 0.0000 0.0000 128.0046 743.2549 0.3484 0.0000 3.0000 0.0000 0.0000 0.0000 3.0000 
2023 7 10 0 0.7600 98.2100 0.0000 0.0000 127.8111 743.2263 0.3452 0.0000 3.0000 0.0000 0.0000 0.0000 3.0000 
2023 7 11 0 0.7500 89.8900 0.0000 0.0000 127.6167 743.1976 0.3421 0.0000 3.0000 0.0000 0.0000 0.0000 3.0000 
2023 7 12 0 0.9500 76.6900 0.0000 0.0000 127.4396 743.1714 0.3392 0.0000 3.0000 0.0000 0.0000 0.0000 3.0000 
2023 7 13 0 0.8100 83.4900 0.0000 0.0000 127.2504 743.1434 0.3361 0.0000 3.0000 0.0000 0.0000 0.0000 3.0000 
2023 7 14 0 0.6800 85.4800 0.0000 0.0000 127.0499 743.1138 0.3328 0.0000 3.0000 0.0000 0.0000 0.0000 3.0000 
2023 7 15 0 0.8200 33.3300 0.0000 0.0000 126.8616 743.0860 0.3298 0.0000 3.0000 0.0000 0.0000 0.0000 3.0000 
2023 7 16 0 1.6500 17.8600 0.0000 0.0000 126.7449 743.0687 0.3279 0.0000 3.0000 0.0000 0.0000 0.0000 3.0000 
2023 7 17 0 2.3900 30.5600 0.0000 0.0000 126.6922 743.0609 0.3270 0.0000 3.0000 0.0000 0.0000 0.0000 3.0000 
2023 7 18 0 2.0400 64.7000 0.0000 0.0000 126.6093 743.0499 0.3257 0.0000 3.0000 0.0000 0.0000 0.0000 3.0000 
2023 7 19 0 1.5800 77.7600 0.0000 0.0000 126.4866 743.0313 0.3237 0.0000 3.0000 0.0000 0.0000 0.0000 3.0000 
2023 7 20 0 1.3000 64.6700 0.0000 0.0000 126.3397 743.0091 0.3213 0.0000 3.0000 0.0000 0.0000 0.0000 3.0000 
2023 7 21 0 1.1000 83.1300 0.0000 0.0000 126.1756 742.9842 0.3186 0.0000 3.0000 0.0000 0.0000 0.0000 3.0000 
2023 7 22 0 0.9600 75.6300 0.0000 0.0000 125.9993 742.9574 0.3157 0.0000 3.0000 0.0000 0.0000 0.0000 3.0000 
2023 7 23 0 0.9400 33.2000 0.0000 0.0000 125.8213 742.9304 0.3128 0.0000 3.0000 0.0000 0.0000 0.0000 3.0000 
2023 7 24 0 0.8300 69.9000 0.0000 0.0000 125.6338 742.9020 0.3098 0.0000 3.0000 0.0000 0.0000 0.0000 3.0000 
2023 7 25 0 0.7100 60.2500 0.0000 0.0000 125.4360 742.8720 0.3066 0.0000 3.0000 0.0000 0.0000 0.0000 3.0000 
2023 7 26 0 0.6400 69.5200 0.0000 0.0000 125.2321 742.8411 0.3033 0.0000 3.0000 0.0000 0.0000 0.0000 3.0000 
2023 7 27 0 0.5700 87.3400 0.0000 0.0000 125.0221 742.8093 0.2998 0.0000 3.0000 0.0000 0.0000 0.0000 3.0000 
2023 7 28 0 0.5100 86.7600 0.0000 0.0000 124.8070 742.7766 0.2963 0.0000 3.0000 0.0000 0.0000 0.0000 3.0000 
2023 7 29 0 0.4700 74.6100 0.0000 0.0000 124.5884 742.7435 0.2928 0.0000 3.0000 0.0000 0.0000 0.0000 3.0000 
2023 7 30 0 0.5200 39.5200 0.0000 0.0000 124.3741 742.7110 0.2893 0.0000 3.0000 0.0000 0.0000 0.0000 3.0000 
2023 7 31 0 0.9900 69.3300 0.0000 0.0000 124.2004 742.6847 0.2865 0.0000 3.0000 0.0000 0.0000 0.0000 3.0000 
2023 8 1 0 0.7600 73.8700 0.0000 0.0000 124.0069 742.6553 0.2833 0.0000 3.0000 0.0000 0.0000 0.0000 3.0000 
2023 8 2 0 0.5300 64.7500 0.0000 0.0000 123.7935 742.6230 0.2798 0.0000 3.0000 0.0000 0.0000 0.0000 3.0000 
2023 8 3 0 0.4300 43.5500 0.0000 0.0000 123.5715 742.5893 0.2762 0.0000 3.0000 0.0000 0.0000 0.0000 3.0000 
2023 8 4 0 0.3700 62.1300 0.0000 0.0000 123.3442 742.5548 0.2725 0.0000 3.0000 0.0000 0.0000 0.0000 3.0000 
2023 8 5 0 0.3600 76.9400 0.0000 0.0000 123.1161 742.5203 0.2688 0.0000 3.0000 0.0000 0.0000 0.0000 3.0000 
2023 8 6 0 0.3200 57.5500 0.0000 0.0000 122.8846 742.4852 0.2650 0.0000 3.0000 0.0000 0.0000 0.0000 3.0000 
2023 8 7 0 0.3000 16.8300 0.0000 0.0000 122.6513 742.4498 0.2613 0.0000 3.0000 0.0000 0.0000 0.0000 3.0000 
2023 8 8 0 0.6700 0.0400 0.0000 0.0000 122.4500 742.4193 0.2580 0.0000 3.0000 0.0000 0.0000 0.0000 3.0000 
2023 8 9 0 0.8800 14.7000 0.0000 0.0000 122.2668 742.3915 0.2550 0.0000 3.0000 0.0000 0.0000 0.0000 3.0000 
2023 8 10 0 0.8200 51.2900 0.0000 0.0000 122.0785 742.3629 0.2519 0.0000 3.0000 0.0000 0.0000 0.0000 3.0000 
2023 8 11 0 0.9400 72.3800 0.0000 0.0000 121.9005 742.3359 0.2490 0.0000 3.0000 0.0000 0.0000 0.0000 3.0000 
2023 8 12 0 0.7100 69.7000 0.0000 0.0000 121.7026 742.3059 0.2458 0.0000 3.0000 0.0000 0.0000 0.0000 3.0000 
2023 8 13 0 0.5600 63.1900 0.0000 0.0000 121.4918 742.2740 0.2424 0.0000 3.0000 0.0000 0.0000 0.0000 3.0000 
2023 8 14 0 0.5000 85.9500 0.0000 0.0000 121.2758 742.2412 0.2389 0.0000 3.0000 0.0000 0.0000 0.0000 3.0000 
2023 8 15 0 1.1300 82.7300 0.0000 0.0000 121.1142 742.2167 0.2362 0.0000 3.0000 0.0000 0.0000 0.0000 3.0000 
2023 8 16 0 1.4000 93.5300 0.0000 0.0000 120.9760 742.1958 0.2340 0.0000 3.0000 0.0000 0.0000 0.0000 3.0000 
2023 8 17 0 1.1500 92.9900 0.0000 0.0000 120.8162 742.1715 0.2314 0.0000 3.0000 0.0000 0.0000 0.0000 3.0000 
2023 8 18 0 0.9500 84.3900 0.0000 0.0000 120.6390 742.1447 0.2285 0.0000 3.0000 0.0000 0.0000 0.0000 3.0000 
2023 8 19 0 0.8800 48.8800 0.0000 0.0000 120.4559 742.1169 0.2255 0.0000 3.0000 0.0000 0.0000 0.0000 3.0000 
2023 8 20 0 1.5300 75.6000 0.0000 0.0000 120.3289 742.0976 0.2235 0.0000 3.0000 0.0000 0.0000 0.0000 3.0000 
2023 8 21 0 1.1900 88.4800 0.0000 0.0000 120.1725 742.0739 0.2209 0.0000 3.0000 0.0000 0.0000 0.0000 3.0000 
2023 8 22 0 0.9600 92.0800 0.0000 0.0000 119.9962 742.0472 0.2180 0.0000 3.0000 0.0000 0.0000 0.0000 3.0000 
2023 8 23 0 0.8200 99.5400 0.0000 0.0000 119.8079 742.0186 0.2150 0.0000 3.0000 0.0000 0.0000 0.0000 3.0000 
2023 8 24 0 0.7000 99.6900 0.0000 0.0000 119.6092 741.9885 0.2117 0.0000 3.0000 0.0000 0.0000 0.0000 3.0000 
2023 8 25 0 0.9000 93.1800 0.0000 0.0000 119.4277 741.9610 0.2088 0.0000 3.0000 0.0000 0.0000 0.0000 3.0000 
2023 8 26 0 1.4000 87.9600 0.0000 0.0000 119.2895 741.9400 0.2065 0.0000 3.0000 0.0000 0.0000 0.0000 3.0000 
2023 8 27 0 1.4700 89.4800 0.0000 0.0000 119.1573 741.9200 0.2044 0.0000 3.0000 0.0000 0.0000 0.0000 3.0000 
2023 8 28 0 1.1500 91.8000 0.0000 0.0000 118.9974 741.8957 0.2018 0.0000 3.0000 0.0000 0.0000 0.0000 3.0000 
2023 8 29 0 0.9400 95.0600 0.0000 0.0000 118.8195 741.8688 0.1989 0.0000 3.0000 0.0000 0.0000 0.0000 3.0000 
2023 8 30 0 0.7900 99.5900 0.0000 0.0000 118.6285 741.8398 0.1958 0.0000 3.0000 0.0000 0.0000 0.0000 3.0000 
2023 8 31 0 0.7100 97.2200 0.0000 0.0000 118.4307 741.8098 0.1926 0.0000 3.0000 0.0000 0.0000 0.0000 3.0000 
