POWERSTATION node 1 SVEIGSHYL_II
init_Power = 0.00000
penstock_config = SEPARATE
headloss_coef = 0.145000
yyyy mm dd hh [m3/s]    [Euro/MWh]  [fr_g0] [m3/s] [m3/s] [m] [m] [MWh] [GWh/Mm3] [Euro] [Euro] [Euro] [Euro] [Euro] [Euro]
yyyy mm dd hh Up_Inflow Price Action_g0 tot_outflow auto_qmin Hnetto Hbrutto Power est_eekv income tot_cost startstopCost adjust_cost cost_aggressive_actions profit
2022 9 1 0 3.0000 564.8800 0.5000 3.0000 0.0000 164.9499 166.2549 101.5465 0.3918  57361.5662 1.0000 1.0000 0.0000 0.0000 57360.5662
2022 9 2 0 3.0000 425.8500 0.5000 3.0000 0.0000 164.9155 166.2205 101.5253 0.3917  43234.5552 0.0000 0.0000 0.0000 0.0000 43234.5552
2022 9 3 0 3.0000 383.9200 0.5000 3.0000 0.0000 164.8809 166.1859 101.5040 0.3916  38969.4216 0.0000 0.0000 0.0000 0.0000 38969.4216
2022 9 4 0 3.0000 310.1000 0.5000 3.0000 0.0000 164.8464 166.1514 101.4827 0.3915  31469.8010 0.0000 0.0000 0.0000 0.0000 31469.8010
2022 9 5 0 3.0000 388.8400 0.5000 3.0000 0.0000 164.8122 166.1172 101.4617 0.3914  39452.3574 0.0000 0.0000 0.0000 0.0000 39452.3574
2022 9 6 0 3.0000 414.3500 0.5000 3.0000 0.0000 164.7783 166.0833 101.4408 0.3914  42032.0080 0.0000 0.0000 0.0000 0.0000 42032.0080
2022 9 7 0 3.0000 451.5300 0.5000 3.0000 0.0000 164.7447 166.0497 101.4201 0.3913  45794.2330 0.0000 0.0000 0.0000 0.0000 45794.2330
2022 9 8 0 3.0000 426.5600 0.5000 3.0000 0.0000 164.7109 166.0159 101.3993 0.3912  43252.8961 0.0000 0.0000 0.0000 0.0000 43252.8961
2022 9 9 0 3.0000 352.9300 0.5000 3.0000 0.0000 164.6768 165.9818 101.3783 0.3911  35779.4525 0.0000 0.0000 0.0000 0.0000 35779.4525
2022 9 10 0 3.0000 410.9400 0.5000 3.0000 0.0000 164.6426 165.9476 101.3573 0.3910  41651.7659 0.0000 0.0000 0.0000 0.0000 41651.7659
2022 9 11 0 3.0000 400.0100 0.5000 3.0000 0.0000 164.6087 165.9137 101.3364 0.3910  40535.5775 0.0000 0.0000 0.0000 0.0000 40535.5775
2022 9 12 0 3.0000 407.9500 0.5000 3.0000 0.0000 164.5760 165.8810 101.3163 0.3909  41331.9784 0.0000 0.0000 0.0000 0.0000 41331.9784
2022 9 13 0 3.0000 382.5800 0.5000 3.0000 0.0000 164.5497 165.8547 101.3001 0.3908  38755.3899 0.0000 0.0000 0.0000 0.0000 38755.3899
2022 9 14 0 3.0000 425.5000 0.5000 3.0000 0.0000 164.5263 165.8313 101.2857 0.3908  43097.0469 0.0000 0.0000 0.0000 0.0000 43097.0469
2022 9 15 0 3.0000 355.8200 0.5000 3.0000 0.0000 164.4993 165.8043 101.2691 0.3907  36033.5561 0.0000 0.0000 0.0000 0.0000 36033.5561
2022 9 16 0 3.0000 329.3900 0.5000 3.0000 0.0000 164.4705 165.7755 101.2513 0.3906  33351.1729 0.0000 0.0000 0.0000 0.0000 33351.1729
2022 9 17 0 3.0000 246.9600 0.5000 3.0000 0.0000 164.4401 165.7451 101.2326 0.3906  25000.4113 0.0000 0.0000 0.0000 0.0000 25000.4113
2022 9 18 0 3.0000 117.5900 0.5000 3.0000 0.0000 164.4085 165.7135 101.2132 0.3905  11901.6584 0.0000 0.0000 0.0000 0.0000 11901.6584
2022 9 19 0 3.0000 288.3300 0.5000 3.0000 0.0000 164.3760 165.6810 101.1932 0.3904  29177.0268 0.0000 0.0000 0.0000 0.0000 29177.0268
2022 9 20 0 3.0000 380.8200 0.5000 3.0000 0.0000 164.3429 165.6479 101.1728 0.3903  38528.6202 0.0000 0.0000 0.0000 0.0000 38528.6202
2022 9 21 0 3.0000 388.8300 0.5000 3.0000 0.0000 164.3094 165.6144 101.1522 0.3902  39330.9949 0.0000 0.0000 0.0000 0.0000 39330.9949
2022 9 22 0 3.0000 378.9000 0.5000 3.0000 0.0000 164.2757 165.5807 101.1314 0.3902  38318.6847 0.0000 0.0000 0.0000 0.0000 38318.6847
2022 9 23 0 3.0000 359.9800 0.5000 3.0000 0.0000 164.2419 165.5469 101.1106 0.3901  36397.7899 0.0000 0.0000 0.0000 0.0000 36397.7899
2022 9 24 0 3.0000 350.7100 0.5000 3.0000 0.0000 164.2082 165.5132 101.0899 0.3900  35453.2216 0.0000 0.0000 0.0000 0.0000 35453.2216
2022 9 25 0 3.0000 299.0800 0.5000 3.0000 0.0000 164.1793 165.4843 101.0721 0.3899  30228.6355 0.0000 0.0000 0.0000 0.0000 30228.6355
2022 9 26 0 3.0000 259.4000 0.5000 3.0000 0.0000 164.1599 165.4649 101.0601 0.3899  26214.9894 0.0000 0.0000 0.0000 0.0000 26214.9894
2022 9 27 0 3.0000 306.8900 0.5000 3.0000 0.0000 164.1488 165.4538 101.0533 0.3899  31012.2535 0.0000 0.0000 0.0000 0.0000 31012.2535
2022 9 28 0 3.0000 308.5200 0.5000 3.0000 0.0000 164.1497 165.4547 101.0538 0.3899  31177.1315 0.0000 0.0000 0.0000 0.0000 31177.1315
2022 9 29 0 3.0000 347.1000 0.5000 3.0000 0.0000 164.1513 165.4563 101.0548 0.3899  35076.1327 0.0000 0.0000 0.0000 0.0000 35076.1327
2022 9 30 0 3.0000 278.9700 0.5000 3.0000 0.0000 164.1416 165.4466 101.0489 0.3898  28189.6065 0.0000 0.0000 0.0000 0.0000 28189.6065
2022 10 1 0 3.0000 90.2400 0.5000 3.0000 0.0000 164.1395 165.4445 101.0476 0.3898  9118.5345 0.0000 0.0000 0.0000 0.0000 9118.5345
2022 10 2 0 3.0000 182.7200 0.5000 3.0000 0.0000 164.1516 165.4566 101.0550 0.3899  18464.7667 0.0000 0.0000 0.0000 0.0000 18464.7667
2022 10 3 0 3.0000 234.6000 0.5000 3.0000 0.0000 164.1620 165.4670 101.0614 0.3899  23709.0113 0.0000 0.0000 0.0000 0.0000 23709.0113
2022 10 4 0 3.0000 199.0100 0.5000 3.0000 0.0000 164.1668 165.4718 101.0643 0.3899  20112.8148 0.0000 0.0000 0.0000 0.0000 20112.8148
2022 10 5 0 3.0000 51.1100 0.5000 3.0000 0.0000 164.1863 165.4913 101.0764 0.3900  5166.0148 0.0000 0.0000 0.0000 0.0000 5166.0148
2022 10 6 0 3.0000 23.8700 0.5000 3.0000 0.0000 164.2385 165.5435 101.1085 0.3901  2413.4600 0.0000 0.0000 0.0000 0.0000 2413.4600
2022 10 7 0 3.0000 30.2900 0.5000 3.0000 0.0000 164.2789 165.5839 101.1334 0.3902  3063.3309 0.0000 0.0000 0.0000 0.0000 3063.3309
2022 10 8 0 3.0000 53.3800 0.5000 3.0000 0.0000 164.2891 165.5941 101.1397 0.3902  5398.8350 0.0000 0.0000 0.0000 0.0000 5398.8350
2022 10 9 0 3.0000 91.9400 0.5000 3.0000 0.0000 164.2922 165.5972 101.1416 0.3902  9298.9546 0.0000 0.0000 0.0000 0.0000 9298.9546
2022 10 10 0 3.0000 137.7100 0.5000 3.0000 0.0000 164.2882 165.5932 101.1391 0.3902  13927.8698 0.0000 0.0000 0.0000 0.0000 13927.8698
2022 10 11 0 3.0000 174.3200 0.5000 3.0000 0.0000 164.2814 165.5864 101.1349 0.3902  17629.8399 0.0000 0.0000 0.0000 0.0000 17629.8399
2022 10 12 0 3.0000 199.9900 0.5000 3.0000 0.0000 164.2718 165.5768 101.1290 0.3902  20224.7906 0.0000 0.0000 0.0000 0.0000 20224.7906
2022 10 13 0 3.0000 233.6000 0.5000 3.0000 0.0000 164.2587 165.5637 101.1210 0.3901  23621.8595 0.0000 0.0000 0.0000 0.0000 23621.8595
2022 10 14 0 3.0000 217.2400 0.5000 3.0000 0.0000 164.2430 165.5480 101.1113 0.3901  21965.4207 0.0000 0.0000 0.0000 0.0000 21965.4207
2022 10 15 0 3.0000 154.6600 0.5000 3.0000 0.0000 164.2321 165.5371 101.1046 0.3901  15636.8374 0.0000 0.0000 0.0000 0.0000 15636.8374
2022 10 16 0 3.0000 113.2100 0.5000 3.0000 0.0000 164.2304 165.5354 101.1035 0.3901  11445.9312 0.0000 0.0000 0.0000 0.0000 11445.9312
2022 10 17 0 3.0000 146.2200 0.5000 3.0000 0.0000 164.2306 165.5356 101.1036 0.3901  14783.3758 0.0000 0.0000 0.0000 0.0000 14783.3758
2022 10 18 0 3.0000 163.8200 0.5000 3.0000 0.0000 164.2287 165.5337 101.1025 0.3901  16562.6082 0.0000 0.0000 0.0000 0.0000 16562.6082
2022 10 19 0 3.0000 159.7000 0.5000 3.0000 0.0000 164.2234 165.5284 101.0992 0.3900  16145.5444 0.0000 0.0000 0.0000 0.0000 16145.5444
2022 10 20 0 3.0000 142.1100 0.5000 3.0000 0.0000 164.2131 165.5181 101.0929 0.3900  14366.3100 0.0000 0.0000 0.0000 0.0000 14366.3100
2022 10 21 0 3.0000 157.4800 0.5000 3.0000 0.0000 164.1984 165.5034 101.0838 0.3900  15918.6806 0.0000 0.0000 0.0000 0.0000 15918.6806
2022 10 22 0 3.0000 142.0700 0.5000 3.0000 0.0000 164.1810 165.4860 101.0731 0.3899  14359.4615 0.0000 0.0000 0.0000 0.0000 14359.4615
2022 10 23 0 3.0000 99.6700 0.5000 3.0000 0.0000 164.1700 165.4750 101.0663 0.3899  10073.2795 0.0000 0.0000 0.0000 0.0000 10073.2795
2022 10 24 0 3.0000 85.2000 0.5000 3.0000 0.0000 164.1708 165.4758 101.0668 0.3899  8610.8950 0.0000 0.0000 0.0000 0.0000 8610.8950
2022 10 25 0 3.0000 110.5100 0.5000 3.0000 0.0000 164.1723 165.4773 101.0678 0.3899  11168.9980 0.0000 0.0000 0.0000 0.0000 11168.9980
2022 10 26 0 3.0000 121.4900 0.5000 3.0000 0.0000 164.1889 165.4939 101.0780 0.3900  12279.9648 0.0000 0.0000 0.0000 0.0000 12279.9648
2022 10 27 0 3.0000 117.6600 0.5000 3.0000 0.0000 164.2104 165.5154 101.0912 0.3900  11894.3931 0.0000 0.0000 0.0000 0.0000 11894.3931
2022 10 28 0 3.0000 103.2200 0.5000 3.0000 0.0000 164.2123 165.5173 101.0924 0.3900  10434.7530 0.0000 0.0000 0.0000 0.0000 10434.7530
2022 10 29 0 3.0000 101.6200 0.5000 3.0000 0.0000 164.2118 165.5168 101.0921 0.3900  10272.9784 0.0000 0.0000 0.0000 0.0000 10272.9784
2022 10 30 0 3.0000 117.9300 0.5000 3.0000 0.0000 164.2125 165.5175 101.0925 0.3900  11921.8393 0.0000 0.0000 0.0000 0.0000 11921.8393
2022 10 31 0 3.0000 144.1300 0.5000 3.0000 0.0000 164.2053 165.5103 101.0881 0.3900  14569.8243 0.0000 0.0000 0.0000 0.0000 14569.8243
2022 11 1 0 3.0000 72.4900 0.5000 3.0000 0.0000 164.1923 165.4973 101.0800 0.3900  7327.2916 0.0000 0.0000 0.0000 0.0000 7327.2916
2022 11 2 0 3.0000 71.1700 0.5000 3.0000 0.0000 164.1873 165.4923 101.0770 0.3900  7193.6475 0.0000 0.0000 0.0000 0.0000 7193.6475
2022 11 3 0 3.0000 86.5000 0.5000 3.0000 0.0000 164.2095 165.5145 101.0906 0.3900  8744.3412 0.0000 0.0000 0.0000 0.0000 8744.3412
2022 11 4 0 3.0000 72.6700 0.5000 3.0000 0.0000 164.2512 165.5562 101.1163 0.3901  7348.1220 0.0000 0.0000 0.0000 0.0000 7348.1220
2022 11 5 0 3.0000 47.6500 0.5000 3.0000 0.0000 164.2875 165.5925 101.1387 0.3902  4819.2579 0.0000 0.0000 0.0000 0.0000 4819.2579
2022 11 6 0 3.0000 35.7500 0.5000 3.0000 0.0000 164.3097 165.6147 101.1524 0.3902  3616.1967 0.0000 0.0000 0.0000 0.0000 3616.1967
2022 11 7 0 3.0000 43.8300 0.5000 3.0000 0.0000 164.3309 165.6359 101.1654 0.3903  4434.0793 0.0000 0.0000 0.0000 0.0000 4434.0793
2022 11 8 0 3.0000 51.0900 0.5000 3.0000 0.0000 164.3551 165.6601 101.1803 0.3904  5169.3009 0.0000 0.0000 0.0000 0.0000 5169.3009
2022 11 9 0 3.0000 42.5700 0.5000 3.0000 0.0000 164.3798 165.6848 101.1955 0.3904  4307.8919 0.0000 0.0000 0.0000 0.0000 4307.8919
2022 11 10 0 3.0000 27.4000 0.5000 3.0000 0.0000 164.4019 165.7069 101.2091 0.3905  2773.1291 0.0000 0.0000 0.0000 0.0000 2773.1291
2022 11 11 0 3.0000 2.0000 0.5000 3.0000 0.0000 164.4113 165.7163 101.2149 0.3905  202.4298 0.0000 0.0000 0.0000 0.0000 202.4298
2022 11 12 0 3.0000 2.3700 0.5000 3.0000 0.0000 164.4119 165.7169 101.2152 0.3905  239.8801 0.0000 0.0000 0.0000 0.0000 239.8801
2022 11 13 0 3.0000 29.9300 0.5000 3.0000 0.0000 164.4059 165.7109 101.2116 0.3905  3029.2620 0.0000 0.0000 0.0000 0.0000 3029.2620
2022 11 14 0 3.0000 53.6800 0.5000 3.0000 0.0000 164.3962 165.7012 101.2056 0.3905  5432.7170 0.0000 0.0000 0.0000 0.0000 5432.7170
2022 11 15 0 3.0000 53.7500 0.5000 3.0000 0.0000 164.3887 165.6937 101.2010 0.3904  5439.5528 0.0000 0.0000 0.0000 0.0000 5439.5528
2022 11 16 0 3.0000 27.6900 0.5000 3.0000 0.0000 164.3911 165.6961 101.2025 0.3904  2802.2962 0.0000 0.0000 0.0000 0.0000 2802.2962
2022 11 17 0 3.0000 48.9100 0.5000 3.0000 0.0000 164.4175 165.7225 101.2187 0.3905  4950.6058 0.0000 0.0000 0.0000 0.0000 4950.6058
2022 11 18 0 3.0000 113.7000 0.5000 3.0000 0.0000 164.4415 165.7465 101.2335 0.3906  11510.2490 0.0000 0.0000 0.0000 0.0000 11510.2490
2022 11 19 0 3.0000 167.1000 0.5000 3.0000 0.0000 164.4383 165.7433 101.2315 0.3906  16915.7897 0.0000 0.0000 0.0000 0.0000 16915.7897
2022 11 20 0 3.0000 162.8400 0.5000 3.0000 0.0000 164.4277 165.7327 101.2250 0.3905  16483.4808 0.0000 0.0000 0.0000 0.0000 16483.4808
2022 11 21 0 3.0000 209.5500 0.5000 3.0000 0.0000 164.4137 165.7187 101.2164 0.3905  21209.8909 0.0000 0.0000 0.0000 0.0000 21209.8909
2022 11 22 0 3.0000 174.4300 0.5000 3.0000 0.0000 164.3944 165.6994 101.2045 0.3904  17653.0950 0.0000 0.0000 0.0000 0.0000 17653.0950
2022 11 23 0 3.0000 149.8400 0.5000 3.0000 0.0000 164.3751 165.6801 101.1926 0.3904  15162.6998 0.0000 0.0000 0.0000 0.0000 15162.6998
2022 11 24 0 3.0000 172.1800 0.5000 3.0000 0.0000 164.3583 165.6633 101.1823 0.3904  17421.5607 0.0000 0.0000 0.0000 0.0000 17421.5607
2022 11 25 0 3.0000 200.3300 0.5000 3.0000 0.0000 164.3483 165.6533 101.1761 0.3903  20268.6045 0.0000 0.0000 0.0000 0.0000 20268.6045
2022 11 26 0 3.0000 196.0200 0.5000 3.0000 0.0000 164.3508 165.6558 101.1777 0.3903  19832.8479 0.0000 0.0000 0.0000 0.0000 19832.8479
2022 11 27 0 3.0000 146.0400 0.5000 3.0000 0.0000 164.3624 165.6674 101.1848 0.3904  14777.0218 0.0000 0.0000 0.0000 0.0000 14777.0218
2022 11 28 0 3.0000 195.3000 0.5000 3.0000 0.0000 164.3838 165.6888 101.1980 0.3904  19763.9675 0.0000 0.0000 0.0000 0.0000 19763.9675
2022 11 29 0 3.0000 362.5600 0.5000 3.0000 0.0000 164.4024 165.7074 101.2094 0.3905  36694.4926 0.0000 0.0000 0.0000 0.0000 36694.4926
2022 11 30 0 3.0000 364.6000 0.5000 3.0000 0.0000 164.4031 165.7081 101.2098 0.3905  36901.0989 0.0000 0.0000 0.0000 0.0000 36901.0989
2022 12 1 0 3.0000 349.6500 0.5000 3.0000 0.0000 164.3928 165.6978 101.2035 0.3904  35385.7978 0.0000 0.0000 0.0000 0.0000 35385.7978
2022 12 2 0 3.0000 324.9900 0.5000 3.0000 0.0000 164.3770 165.6820 101.1937 0.3904  32886.9538 0.0000 0.0000 0.0000 0.0000 32886.9538
2022 12 3 0 3.0000 268.8200 0.5000 3.0000 0.0000 164.3577 165.6627 101.1819 0.3904  27199.7240 0.0000 0.0000 0.0000 0.0000 27199.7240
2022 12 4 0 3.0000 271.5000 0.5000 3.0000 0.0000 164.3363 165.6413 101.1687 0.3903  27467.3097 0.0000 0.0000 0.0000 0.0000 27467.3097
2022 12 5 0 3.0000 290.7800 0.5000 3.0000 0.0000 164.3136 165.6186 101.1547 0.3903  29413.7758 0.0000 0.0000 0.0000 0.0000 29413.7758
2022 12 6 0 3.0000 346.8000 0.5000 3.0000 0.0000 164.2903 165.5953 101.1404 0.3902  35075.4816 0.0000 0.0000 0.0000 0.0000 35075.4816
2022 12 7 0 3.0000 334.1100 0.5000 3.0000 0.0000 164.2667 165.5717 101.1259 0.3901  33787.1598 0.0000 0.0000 0.0000 0.0000 33787.1598
2022 12 8 0 3.0000 399.0300 0.5000 3.0000 0.0000 164.2433 165.5483 101.1115 0.3901  40346.5049 0.0000 0.0000 0.0000 0.0000 40346.5049
2022 12 9 0 3.0000 418.6900 0.5000 3.0000 0.0000 164.2208 165.5258 101.0976 0.3900  42328.5642 0.0000 0.0000 0.0000 0.0000 42328.5642
2022 12 10 0 3.0000 362.9800 0.5000 3.0000 0.0000 164.1989 165.5039 101.0841 0.3900  36691.5187 0.0000 0.0000 0.0000 0.0000 36691.5187
2022 12 11 0 3.0000 338.6100 0.5000 3.0000 0.0000 164.1775 165.4825 101.0709 0.3899  34223.6296 0.0000 0.0000 0.0000 0.0000 34223.6296
2022 12 12 0 3.0000 446.1100 0.5000 3.0000 0.0000 164.1566 165.4616 101.0581 0.3899  45083.0236 0.0000 0.0000 0.0000 0.0000 45083.0236
2022 12 13 0 3.0000 458.6300 0.5000 3.0000 0.0000 164.1354 165.4404 101.0451 0.3898  46342.2931 0.0000 0.0000 0.0000 0.0000 46342.2931
2022 12 14 0 3.0000 451.4100 0.5000 3.0000 0.0000 164.1134 165.4184 101.0315 0.3898  45606.6396 0.0000 0.0000 0.0000 0.0000 45606.6396
2022 12 15 0 3.0000 396.6100 0.5000 3.0000 0.0000 164.0905 165.3955 101.0174 0.3897  40064.5033 0.0000 0.0000 0.0000 0.0000 40064.5033
2022 12 16 0 3.0000 413.8400 0.5000 3.0000 0.0000 164.0665 165.3715 101.0026 0.3897  41798.9166 0.0000 0.0000 0.0000 0.0000 41798.9166
2022 12 17 0 3.0000 254.6500 0.5000 3.0000 0.0000 164.0417 165.3467 100.9874 0.3896  25716.4320 0.0000 0.0000 0.0000 0.0000 25716.4320
2022 12 18 0 3.0000 206.4000 0.5000 3.0000 0.0000 164.0168 165.3218 100.9721 0.3896  20840.6311 0.0000 0.0000 0.0000 0.0000 20840.6311
2022 12 19 0 3.0000 211.4800 0.5000 3.0000 0.0000 163.9925 165.2975 100.9570 0.3895  21350.3952 0.0000 0.0000 0.0000 0.0000 21350.3952
2022 12 20 0 3.0000 205.2500 0.5000 3.0000 0.0000 163.9696 165.2746 100.9430 0.3894  20718.5471 0.0000 0.0000 0.0000 0.0000 20718.5471
2022 12 21 0 3.0000 223.3000 0.5000 3.0000 0.0000 163.9521 165.2571 100.9322 0.3894  22538.1645 0.0000 0.0000 0.0000 0.0000 22538.1645
2022 12 22 0 3.0000 201.9700 0.5000 3.0000 0.0000 163.9391 165.2441 100.9242 0.3894  20383.6573 0.0000 0.0000 0.0000 0.0000 20383.6573
2022 12 23 0 3.0000 193.2900 0.5000 3.0000 0.0000 163.9234 165.2284 100.9145 0.3893  19505.7664 0.0000 0.0000 0.0000 0.0000 19505.7664
2022 12 24 0 3.0000 142.3700 0.5000 3.0000 0.0000 163.9023 165.2073 100.9016 0.3893  14365.3539 0.0000 0.0000 0.0000 0.0000 14365.3539
2022 12 25 0 3.0000 129.4400 0.5000 3.0000 0.0000 163.8778 165.1828 100.8864 0.3892  13058.7400 0.0000 0.0000 0.0000 0.0000 13058.7400
2022 12 26 0 3.0000 111.7200 0.5000 3.0000 0.0000 163.8571 165.1621 100.8737 0.3892  11269.6095 0.0000 0.0000 0.0000 0.0000 11269.6095
2022 12 27 0 3.0000 141.3500 0.5000 3.0000 0.0000 163.8398 165.1448 100.8630 0.3891  14256.9922 0.0000 0.0000 0.0000 0.0000 14256.9922
2022 12 28 0 3.0000 122.1300 0.5000 3.0000 0.0000 163.8186 165.1236 100.8500 0.3891  12316.8112 0.0000 0.0000 0.0000 0.0000 12316.8112
2022 12 29 0 3.0000 96.2800 0.5000 3.0000 0.0000 163.7949 165.0999 100.8354 0.3890  9708.4337 0.0000 0.0000 0.0000 0.0000 9708.4337
2022 12 30 0 3.0000 100.4100 0.5000 3.0000 0.0000 163.7705 165.0755 100.8204 0.3890  10123.3773 0.0000 0.0000 0.0000 0.0000 10123.3773
2022 12 31 0 3.0000 116.2200 0.5000 3.0000 0.0000 163.7478 165.0528 100.8064 0.3889  11715.7223 0.0000 0.0000 0.0000 0.0000 11715.7223
2023 1 1 0 3.0000 112.5700 0.5000 3.0000 0.0000 163.7256 165.0306 100.7928 0.3889  11346.2427 0.0000 0.0000 0.0000 0.0000 11346.2427
2023 1 2 0 3.0000 149.2600 0.5000 3.0000 0.0000 163.7010 165.0060 100.7776 0.3888  15042.0661 0.0000 0.0000 0.0000 0.0000 15042.0661
2023 1 3 0 3.0000 154.5400 0.5000 3.0000 0.0000 163.6749 164.9799 100.7615 0.3887  15571.6883 0.0000 0.0000 0.0000 0.0000 15571.6883
2023 1 4 0 3.0000 114.6400 0.5000 3.0000 0.0000 163.6479 164.9529 100.7449 0.3887  11549.3958 0.0000 0.0000 0.0000 0.0000 11549.3958
2023 1 5 0 3.0000 144.1600 0.5000 3.0000 0.0000 163.6218 164.9268 100.7289 0.3886  14521.0745 0.0000 0.0000 0.0000 0.0000 14521.0745
2023 1 6 0 3.0000 126.0400 0.5000 3.0000 0.0000 163.5963 164.9013 100.7131 0.3886  12693.8846 0.0000 0.0000 0.0000 0.0000 12693.8846
2023 1 7 0 3.0000 102.5400 0.5000 3.0000 0.0000 163.5701 164.8751 100.6970 0.3885  10325.4740 0.0000 0.0000 0.0000 0.0000 10325.4740
2023 1 8 0 3.0000 75.8000 0.5000 3.0000 0.0000 163.5511 164.8561 100.6853 0.3884  7631.9477 0.0000 0.0000 0.0000 0.0000 7631.9477
2023 1 9 0 3.0000 133.2800 0.5000 3.0000 0.0000 163.5452 164.8502 100.6817 0.3884  13418.8547 0.0000 0.0000 0.0000 0.0000 13418.8547
2023 1 10 0 3.0000 130.4400 0.5000 3.0000 0.0000 163.5404 164.8454 100.6787 0.3884  13132.5334 0.0000 0.0000 0.0000 0.0000 13132.5334
2023 1 11 0 3.0000 96.6800 0.5000 3.0000 0.0000 163.5281 164.8331 100.6711 0.3884  9732.8865 0.0000 0.0000 0.0000 0.0000 9732.8865
2023 1 12 0 3.0000 89.9500 0.5000 3.0000 0.0000 163.5117 164.8167 100.6611 0.3884  9054.4659 0.0000 0.0000 0.0000 0.0000 9054.4659
2023 1 13 0 3.0000 82.8000 0.5000 3.0000 0.0000 163.4924 164.7974 100.6492 0.3883  8333.7542 0.0000 0.0000 0.0000 0.0000 8333.7542
2023 1 14 0 3.0000 94.7100 0.5000 3.0000 0.0000 163.4705 164.7755 100.6357 0.3883  9531.2078 0.0000 0.0000 0.0000 0.0000 9531.2078
2023 1 15 0 3.0000 70.7800 0.5000 3.0000 0.0000 163.4470 164.7520 100.6213 0.3882  7121.9732 0.0000 0.0000 0.0000 0.0000 7121.9732
2023 1 16 0 3.0000 139.7600 0.5000 3.0000 0.0000 163.4230 164.7280 100.6064 0.3881  14060.7565 0.0000 0.0000 0.0000 0.0000 14060.7565
2023 1 17 0 3.0000 134.1900 0.5000 3.0000 0.0000 163.3983 164.7033 100.5913 0.3881  13498.3450 0.0000 0.0000 0.0000 0.0000 13498.3450
2023 1 18 0 3.0000 138.3800 0.5000 3.0000 0.0000 163.3734 164.6784 100.5759 0.3880  13917.6985 0.0000 0.0000 0.0000 0.0000 13917.6985
2023 1 19 0 3.0000 148.5600 0.5000 3.0000 0.0000 163.3477 164.6527 100.5601 0.3880  14939.2128 0.0000 0.0000 0.0000 0.0000 14939.2128
2023 1 20 0 3.0000 162.5000 0.5000 3.0000 0.0000 163.3211 164.6261 100.5437 0.3879  16338.3544 0.0000 0.0000 0.0000 0.0000 16338.3544
2023 1 21 0 3.0000 150.1900 0.5000 3.0000 0.0000 163.2939 164.5989 100.5270 0.3878  15098.1510 0.0000 0.0000 0.0000 0.0000 15098.1510
2023 1 22 0 3.0000 151.8000 0.5000 3.0000 0.0000 163.2664 164.5714 100.5101 0.3878  15257.4277 0.0000 0.0000 0.0000 0.0000 15257.4277
2023 1 23 0 3.0000 197.7300 0.5000 3.0000 0.0000 163.2394 164.5444 100.4934 0.3877  19870.5641 0.0000 0.0000 0.0000 0.0000 19870.5641
2023 1 24 0 3.0000 184.5400 0.5000 3.0000 0.0000 163.2124 164.5174 100.4768 0.3876  18541.9920 0.0000 0.0000 0.0000 0.0000 18541.9920
2023 1 25 0 3.0000 137.5700 0.5000 3.0000 0.0000 163.1851 164.4901 100.4600 0.3876  13820.2820 0.0000 0.0000 0.0000 0.0000 13820.2820
2023 1 26 0 3.0000 132.3800 0.5000 3.0000 0.0000 163.1585 164.4635 100.4437 0.3875  13296.7318 0.0000 0.0000 0.0000 0.0000 13296.7318
2023 1 27 0 3.0000 154.0500 0.5000 3.0000 0.0000 163.1324 164.4374 100.4276 0.3875  15470.8700 0.0000 0.0000 0.0000 0.0000 15470.8700
2023 1 28 0 3.0000 116.8100 0.5000 3.0000 0.0000 163.1056 164.4106 100.4111 0.3874  11729.0202 0.0000 0.0000 0.0000 0.0000 11729.0202
2023 1 29 0 3.0000 102.3700 0.5000 3.0000 0.0000 163.0781 164.3831 100.3942 0.3873  10277.3501 0.0000 0.0000 0.0000 0.0000 10277.3501
2023 1 30 0 3.0000 90.0000 0.5000 3.0000 0.0000 163.0508 164.3558 100.3774 0.3873  9033.9629 0.0000 0.0000 0.0000 0.0000 9033.9629
2023 1 31 0 3.0000 105.1200 0.5000 3.0000 0.0000 163.0239 164.3289 100.3608 0.3872  10549.9239 0.0000 0.0000 0.0000 0.0000 10549.9239
2023 2 1 0 3.0000 103.8300 0.5000 3.0000 0.0000 162.9963 164.3013 100.3438 0.3871  10418.6953 0.0000 0.0000 0.0000 0.0000 10418.6953
2023 2 2 0 3.0000 145.2800 0.5000 3.0000 0.0000 162.9691 164.2741 100.3271 0.3871  14575.5165 0.0000 0.0000 0.0000 0.0000 14575.5165
2023 2 3 0 3.0000 113.1000 0.5000 3.0000 0.0000 162.9421 164.2471 100.3104 0.3870  11345.1052 0.0000 0.0000 0.0000 0.0000 11345.1052
2023 2 4 0 3.0000 138.8200 0.5000 3.0000 0.0000 162.9135 164.2185 100.2928 0.3869  13922.6480 0.0000 0.0000 0.0000 0.0000 13922.6480
2023 2 5 0 3.0000 122.8300 0.5000 3.0000 0.0000 162.8839 164.1889 100.2746 0.3869  12316.7309 0.0000 0.0000 0.0000 0.0000 12316.7309
2023 2 6 0 3.0000 161.3800 0.5000 3.0000 0.0000 162.8539 164.1589 100.2561 0.3868  16179.3326 0.0000 0.0000 0.0000 0.0000 16179.3326
2023 2 7 0 3.0000 132.4500 0.5000 3.0000 0.0000 162.8234 164.1284 100.2374 0.3867  13276.4373 0.0000 0.0000 0.0000 0.0000 13276.4373
2023 2 8 0 3.0000 120.3300 0.5000 3.0000 0.0000 162.7926 164.0976 100.2184 0.3866  12059.2807 0.0000 0.0000 0.0000 0.0000 12059.2807
2023 2 9 0 3.0000 98.3400 0.5000 3.0000 0.0000 162.7622 164.0672 100.1996 0.3866  9853.6324 0.0000 0.0000 0.0000 0.0000 9853.6324
2023 2 10 0 3.0000 97.5400 0.5000 3.0000 0.0000 162.7328 164.0378 100.1816 0.3865  9771.7090 0.0000 0.0000 0.0000 0.0000 9771.7090
2023 2 11 0 3.0000 94.6300 0.5000 3.0000 0.0000 162.7034 164.0084 100.1634 0.3864  9478.4661 0.0000 0.0000 0.0000 0.0000 9478.4661
2023 2 12 0 3.0000 111.6200 0.5000 3.0000 0.0000 162.6735 163.9785 100.1450 0.3864  11178.1899 0.0000 0.0000 0.0000 0.0000 11178.1899
2023 2 13 0 3.0000 115.7800 0.5000 3.0000 0.0000 162.6438 163.9488 100.1268 0.3863  11592.6809 0.0000 0.0000 0.0000 0.0000 11592.6809
2023 2 14 0 3.0000 140.8300 0.5000 3.0000 0.0000 162.6141 163.9191 100.1085 0.3862  14098.2832 0.0000 0.0000 0.0000 0.0000 14098.2832
2023 2 15 0 3.0000 122.5300 0.5000 3.0000 0.0000 162.5837 163.8887 100.0898 0.3861  12264.0041 0.0000 0.0000 0.0000 0.0000 12264.0041
2023 2 16 0 3.0000 120.9800 0.5000 3.0000 0.0000 162.5524 163.8574 100.0705 0.3861  12106.5301 0.0000 0.0000 0.0000 0.0000 12106.5301
2023 2 17 0 3.0000 92.1200 0.5000 3.0000 0.0000 162.5214 163.8264 100.0514 0.3860  9216.7352 0.0000 0.0000 0.0000 0.0000 9216.7352
2023 2 18 0 3.0000 97.8800 0.5000 3.0000 0.0000 162.4913 163.7963 100.0329 0.3859  9791.2184 0.0000 0.0000 0.0000 0.0000 9791.2184
2023 2 19 0 3.0000 107.6300 0.5000 3.0000 0.0000 162.4618 163.7668 100.0147 0.3859  10764.5842 0.0000 0.0000 0.0000 0.0000 10764.5842
2023 2 20 0 3.0000 77.5600 0.5000 3.0000 0.0000 162.4328 163.7378 99.9969 0.3858  7755.7603 0.0000 0.0000 0.0000 0.0000 7755.7603
2023 2 21 0 3.0000 106.7100 0.5000 3.0000 0.0000 162.4046 163.7096 99.9795 0.3857  10668.8121 0.0000 0.0000 0.0000 0.0000 10668.8121
2023 2 22 0 3.0000 118.3800 0.5000 3.0000 0.0000 162.3760 163.6810 99.9619 0.3857  11833.4878 0.0000 0.0000 0.0000 0.0000 11833.4878
2023 2 23 0 3.0000 116.1600 0.5000 3.0000 0.0000 162.3469 163.6519 99.9440 0.3856  11609.4953 0.0000 0.0000 0.0000 0.0000 11609.4953
2023 2 24 0 3.0000 103.8000 0.5000 3.0000 0.0000 162.3180 163.6230 99.9262 0.3855  10372.3429 0.0000 0.0000 0.0000 0.0000 10372.3429
2023 2 25 0 3.0000 97.6000 0.5000 3.0000 0.0000 162.2901 163.5951 99.9090 0.3855  9751.1193 0.0000 0.0000 0.0000 0.0000 9751.1193
2023 2 26 0 3.0000 111.9200 0.5000 3.0000 0.0000 162.2648 163.5698 99.8934 0.3854  11180.0740 0.0000 0.0000 0.0000 0.0000 11180.0740
2023 2 27 0 3.0000 124.5700 0.5000 3.0000 0.0000 162.2422 163.5472 99.8795 0.3853  12441.9926 0.0000 0.0000 0.0000 0.0000 12441.9926
2023 2 28 0 3.0000 124.0900 0.5000 3.0000 0.0000 162.2192 163.5242 99.8654 0.3853  12392.2988 0.0000 0.0000 0.0000 0.0000 12392.2988
2023 3 1 0 3.0000 130.8400 0.5000 3.0000 0.0000 162.1943 163.4993 99.8501 0.3852  13064.3843 0.0000 0.0000 0.0000 0.0000 13064.3843
2023 3 2 0 3.0000 120.4000 0.5000 3.0000 0.0000 162.1681 163.4731 99.8339 0.3852  12020.0046 0.0000 0.0000 0.0000 0.0000 12020.0046
2023 3 3 0 3.0000 115.5800 0.5000 3.0000 0.0000 162.1407 163.4457 99.8171 0.3851  11536.8559 0.0000 0.0000 0.0000 0.0000 11536.8559
2023 3 4 0 3.0000 112.2200 0.5000 3.0000 0.0000 162.1125 163.4175 99.7997 0.3850  11199.5250 0.0000 0.0000 0.0000 0.0000 11199.5250
2023 3 5 0 3.0000 129.9600 0.5000 3.0000 0.0000 162.0843 163.3893 99.7823 0.3850  12967.7144 0.0000 0.0000 0.0000 0.0000 12967.7144
2023 3 6 0 3.0000 153.1300 0.5000 3.0000 0.0000 162.0551 163.3601 99.7644 0.3849  15276.9201 0.0000 0.0000 0.0000 0.0000 15276.9201
2023 3 7 0 3.0000 116.0800 0.5000 3.0000 0.0000 162.0239 163.3289 99.7452 0.3848  11578.4180 0.0000 0.0000 0.0000 0.0000 11578.4180
2023 3 8 0 3.0000 150.8300 0.5000 3.0000 0.0000 161.9918 163.2968 99.7254 0.3847  15041.5797 0.0000 0.0000 0.0000 0.0000 15041.5797
2023 3 9 0 3.0000 138.5100 0.5000 3.0000 0.0000 161.9593 163.2643 99.7054 0.3847  13810.1961 0.0000 0.0000 0.0000 0.0000 13810.1961
2023 3 10 0 3.0000 127.3700 0.5000 3.0000 0.0000 161.9263 163.2313 99.6850 0.3846  12696.8849 0.0000 0.0000 0.0000 0.0000 12696.8849
2023 3 11 0 3.0000 110.5300 0.5000 3.0000 0.0000 161.8927 163.1977 99.6644 0.3845  11015.9071 0.0000 0.0000 0.0000 0.0000 11015.9071
2023 3 12 0 3.0000 106.8200 0.5000 3.0000 0.0000 161.8592 163.1642 99.6438 0.3844  10643.9475 0.0000 0.0000 0.0000 0.0000 10643.9475
2023 3 13 0 3.0000 94.6800 0.5000 3.0000 0.0000 161.8259 163.1309 99.6232 0.3843  9432.3293 0.0000 0.0000 0.0000 0.0000 9432.3293
2023 3 14 0 3.0000 102.8300 0.5000 3.0000 0.0000 161.7925 163.0975 99.6027 0.3843  10242.1488 0.0000 0.0000 0.0000 0.0000 10242.1488
2023 3 15 0 3.0000 121.6400 0.5000 3.0000 0.0000 161.7590 163.0640 99.5821 0.3842  12113.1653 0.0000 0.0000 0.0000 0.0000 12113.1653
2023 3 16 0 3.0000 112.8100 0.5000 3.0000 0.0000 161.7252 163.0302 99.5613 0.3841  11231.5048 0.0000 0.0000 0.0000 0.0000 11231.5048
2023 3 17 0 3.0000 104.1500 0.5000 3.0000 0.0000 161.6914 162.9964 99.5405 0.3840  10367.1388 0.0000 0.0000 0.0000 0.0000 10367.1388
2023 3 18 0 3.0000 109.0000 0.5000 3.0000 0.0000 161.6583 162.9633 99.5201 0.3840  10847.6902 0.0000 0.0000 0.0000 0.0000 10847.6902
2023 3 19 0 3.0000 110.0900 0.5000 3.0000 0.0000 161.6257 162.9307 99.5000 0.3839  10953.9552 0.0000 0.0000 0.0000 0.0000 10953.9552
2023 3 20 0 3.0000 116.7600 0.5000 3.0000 0.0000 161.5933 162.8983 99.4801 0.3838  11615.2937 0.0000 0.0000 0.0000 0.0000 11615.2937
2023 3 21 0 3.0000 111.3100 0.5000 3.0000 0.0000 161.5613 162.8663 99.4604 0.3837  11070.9345 0.0000 0.0000 0.0000 0.0000 11070.9345
2023 3 22 0 3.0000 92.3600 0.5000 3.0000 0.0000 161.5294 162.8344 99.4407 0.3836  9184.3452 0.0000 0.0000 0.0000 0.0000 9184.3452
2023 3 23 0 3.0000 86.1100 0.5000 3.0000 0.0000 161.4979 162.8029 99.4213 0.3836  8561.1718 0.0000 0.0000 0.0000 0.0000 8561.1718
2023 3 24 0 3.0000 83.8300 0.5000 3.0000 0.0000 161.4679 162.7729 99.4029 0.3835  8332.9423 0.0000 0.0000 0.0000 0.0000 8332.9423
2023 3 25 0 3.0000 73.3600 0.5000 3.0000 0.0000 161.4399 162.7449 99.3856 0.3834  7290.9310 0.0000 0.0000 0.0000 0.0000 7290.9310
2023 3 26 0 3.0000 92.4600 0.5000 3.0000 0.0000 161.4133 162.7183 99.3693 0.3834  9187.6810 0.0000 0.0000 0.0000 0.0000 9187.6810
2023 3 27 0 3.0000 100.9400 0.5000 3.0000 0.0000 161.3872 162.6922 99.3532 0.3833  10028.7136 0.0000 0.0000 0.0000 0.0000 10028.7136
2023 3 28 0 3.0000 123.8500 0.5000 3.0000 0.0000 161.3615 162.6665 99.3374 0.3832  12302.9332 0.0000 0.0000 0.0000 0.0000 12302.9332
2023 3 29 0 3.0000 127.0200 0.5000 3.0000 0.0000 161.3347 162.6397 99.3209 0.3832  12615.7402 0.0000 0.0000 0.0000 0.0000 12615.7402
2023 3 30 0 3.0000 103.7800 0.5000 3.0000 0.0000 161.3066 162.6116 99.3036 0.3831  10305.7235 0.0000 0.0000 0.0000 0.0000 10305.7235
2023 3 31 0 3.0000 111.8200 0.5000 3.0000 0.0000 161.2823 162.5873 99.2886 0.3831  11102.4538 0.0000 0.0000 0.0000 0.0000 11102.4538
2023 4 1 0 3.0000 97.9300 0.5000 3.0000 0.0000 161.2761 162.5811 99.2848 0.3830  9722.9576 0.0000 0.0000 0.0000 0.0000 9722.9576
2023 4 2 0 3.0000 105.1000 0.5000 3.0000 0.0000 161.2820 162.5870 99.2884 0.3831  10435.2135 0.0000 0.0000 0.0000 0.0000 10435.2135
2023 4 3 0 3.0000 126.4800 0.5000 3.0000 0.0000 161.2793 162.5843 99.2868 0.3831  12557.7917 0.0000 0.0000 0.0000 0.0000 12557.7917
2023 4 4 0 3.0000 133.1300 0.5000 3.0000 0.0000 161.2645 162.5695 99.2777 0.3830  13216.8347 0.0000 0.0000 0.0000 0.0000 13216.8347
2023 4 5 0 3.0000 130.9100 0.5000 3.0000 0.0000 161.2430 162.5480 99.2644 0.3830  12994.7090 0.0000 0.0000 0.0000 0.0000 12994.7090
2023 4 6 0 3.0000 125.8900 0.5000 3.0000 0.0000 161.2192 162.5242 99.2497 0.3829  12494.5501 0.0000 0.0000 0.0000 0.0000 12494.5501
2023 4 7 0 3.0000 117.9200 0.5000 3.0000 0.0000 161.1934 162.4984 99.2339 0.3828  11701.6567 0.0000 0.0000 0.0000 0.0000 11701.6567
2023 4 8 0 3.0000 120.6500 0.5000 3.0000 0.0000 161.1659 162.4709 99.2170 0.3828  11970.5260 0.0000 0.0000 0.0000 0.0000 11970.5260
2023 4 9 0 3.0000 110.2100 0.5000 3.0000 0.0000 161.1375 162.4425 99.1995 0.3827  10932.7727 0.0000 0.0000 0.0000 0.0000 10932.7727
2023 4 10 0 3.0000 54.3700 0.5000 3.0000 0.0000 161.1089 162.4139 99.1819 0.3826  5392.5193 0.0000 0.0000 0.0000 0.0000 5392.5193
2023 4 11 0 3.0000 84.4600 0.5000 3.0000 0.0000 161.0907 162.3957 99.1707 0.3826  8375.9561 0.0000 0.0000 0.0000 0.0000 8375.9561
2023 4 12 0 3.0000 111.9800 0.5000 3.0000 0.0000 161.0811 162.3861 99.1647 0.3826  11104.4690 0.0000 0.0000 0.0000 0.0000 11104.4690
2023 4 13 0 3.0000 107.2100 0.5000 3.0000 0.0000 161.0698 162.3748 99.1578 0.3826  10630.7068 0.0000 0.0000 0.0000 0.0000 10630.7068
2023 4 14 0 3.0000 118.9300 0.5000 3.0000 0.0000 161.0605 162.3655 99.1521 0.3825  11792.1583 0.0000 0.0000 0.0000 0.0000 11792.1583
2023 4 15 0 3.0000 111.6600 0.5000 3.0000 0.0000 161.0528 162.3578 99.1473 0.3825  11070.7917 0.0000 0.0000 0.0000 0.0000 11070.7917
2023 4 16 0 3.0000 115.1500 0.5000 3.0000 0.0000 161.0445 162.3495 99.1422 0.3825  11416.2272 0.0000 0.0000 0.0000 0.0000 11416.2272
2023 4 17 0 3.0000 125.4800 0.5000 3.0000 0.0000 161.0371 162.3421 99.1377 0.3825  12439.7944 0.0000 0.0000 0.0000 0.0000 12439.7944
2023 4 18 0 3.0000 114.7600 0.5000 3.0000 0.0000 161.0317 162.3367 99.1343 0.3825  11376.6550 0.0000 0.0000 0.0000 0.0000 11376.6550
2023 4 19 0 3.0000 108.7500 0.5000 3.0000 0.0000 161.0284 162.3334 99.1323 0.3825  10780.6395 0.0000 0.0000 0.0000 0.0000 10780.6395
2023 4 20 0 3.0000 111.1600 0.5000 3.0000 0.0000 161.0285 162.3335 99.1324 0.3825  11019.5531 0.0000 0.0000 0.0000 0.0000 11019.5531
2023 4 21 0 3.0000 107.9900 0.5000 3.0000 0.0000 161.0340 162.3390 99.1357 0.3825  10705.6681 0.0000 0.0000 0.0000 0.0000 10705.6681
2023 4 22 0 3.0000 98.4000 0.5000 3.0000 0.0000 161.0460 162.3510 99.1431 0.3825  9755.6840 0.0000 0.0000 0.0000 0.0000 9755.6840
2023 4 23 0 3.0000 97.8600 0.5000 3.0000 0.0000 161.0678 162.3728 99.1565 0.3825  9703.4584 0.0000 0.0000 0.0000 0.0000 9703.4584
2023 4 24 0 3.0000 116.5300 0.5000 3.0000 0.0000 161.0960 162.4010 99.1739 0.3826  11556.7402 0.0000 0.0000 0.0000 0.0000 11556.7402
2023 4 25 0 3.0000 104.4700 0.5000 3.0000 0.0000 161.1212 162.4262 99.1894 0.3827  10362.3207 0.0000 0.0000 0.0000 0.0000 10362.3207
2023 4 26 0 3.0000 114.3700 0.5000 3.0000 0.0000 161.1389 162.4439 99.2003 0.3827  11345.5417 0.0000 0.0000 0.0000 0.0000 11345.5417
2023 4 27 0 3.0000 123.3800 0.5000 3.0000 0.0000 161.1478 162.4528 99.2058 0.3827  12240.0152 0.0000 0.0000 0.0000 0.0000 12240.0152
2023 4 28 0 3.0000 121.7100 0.5000 3.0000 0.0000 161.1496 162.4546 99.2069 0.3827  12074.4708 0.0000 0.0000 0.0000 0.0000 12074.4708
2023 4 29 0 3.0000 112.7000 0.5000 3.0000 0.0000 161.1470 162.4520 99.2053 0.3827  11180.4393 0.0000 0.0000 0.0000 0.0000 11180.4393
2023 4 30 0 3.0000 99.7900 0.5000 3.0000 0.0000 161.1419 162.4469 99.2022 0.3827  9899.3852 0.0000 0.0000 0.0000 0.0000 9899.3852
2023 5 1 0 3.0000 106.3400 0.5000 3.0000 0.0000 161.1353 162.4403 99.1981 0.3827  10548.7242 0.0000 0.0000 0.0000 0.0000 10548.7242
2023 5 2 0 3.0000 121.7900 0.5000 3.0000 0.0000 161.1286 162.4336 99.1940 0.3827  12080.8371 0.0000 0.0000 0.0000 0.0000 12080.8371
2023 5 3 0 3.0000 118.1800 0.5000 3.0000 0.0000 161.1233 162.4283 99.1907 0.3827  11722.3611 0.0000 0.0000 0.0000 0.0000 11722.3611
2023 5 4 0 3.0000 112.1600 0.5000 3.0000 0.0000 161.1192 162.4242 99.1882 0.3827  11124.9511 0.0000 0.0000 0.0000 0.0000 11124.9511
2023 5 5 0 3.0000 97.5700 0.5000 3.0000 0.0000 161.1146 162.4196 99.1854 0.3827  9677.5184 0.0000 0.0000 0.0000 0.0000 9677.5184
2023 5 6 0 3.0000 94.9300 0.5000 3.0000 0.0000 161.1079 162.4129 99.1812 0.3826  9415.2734 0.0000 0.0000 0.0000 0.0000 9415.2734
2023 5 7 0 3.0000 88.0500 0.5000 3.0000 0.0000 161.0993 162.4043 99.1760 0.3826  8732.4431 0.0000 0.0000 0.0000 0.0000 8732.4431
2023 5 8 0 3.0000 102.0400 0.5000 3.0000 0.0000 161.0915 162.3965 99.1712 0.3826  10119.4250 0.0000 0.0000 0.0000 0.0000 10119.4250
2023 5 9 0 3.0000 96.1600 0.5000 3.0000 0.0000 161.0907 162.3957 99.1706 0.3826  9536.2498 0.0000 0.0000 0.0000 0.0000 9536.2498
2023 5 10 0 3.0000 94.0200 0.5000 3.0000 0.0000 161.1106 162.4156 99.1829 0.3827  9325.1771 0.0000 0.0000 0.0000 0.0000 9325.1771
2023 5 11 0 3.0000 101.3600 0.5000 3.0000 0.0000 161.1515 162.4565 99.2081 0.3827  10055.7342 0.0000 0.0000 0.0000 0.0000 10055.7342
2023 5 12 0 3.0000 91.5000 0.5000 3.0000 0.0000 161.2064 162.5114 99.2419 0.3829  9080.6321 0.0000 0.0000 0.0000 0.0000 9080.6321
2023 5 13 0 3.0000 74.6100 0.5000 3.0000 0.0000 161.2729 162.5779 99.2828 0.3830  7407.4931 0.0000 0.0000 0.0000 0.0000 7407.4931
2023 5 14 0 3.0000 72.7500 0.5000 3.0000 0.0000 161.3425 162.6475 99.3257 0.3832  7225.9443 0.0000 0.0000 0.0000 0.0000 7225.9443
2023 5 15 0 3.0000 94.8900 0.5000 3.0000 0.0000 161.4192 162.7242 99.3729 0.3834  9429.4915 0.0000 0.0000 0.0000 0.0000 9429.4915
2023 5 16 0 3.0000 63.0700 0.5000 3.0000 0.0000 161.5144 162.8194 99.4315 0.3836  6271.1437 0.0000 0.0000 0.0000 0.0000 6271.1437
2023 5 17 0 3.0000 54.3000 0.5000 3.0000 0.0000 161.6073 162.9123 99.4887 0.3838  5402.2354 0.0000 0.0000 0.0000 0.0000 5402.2354
2023 5 18 0 3.0000 88.1100 0.5000 3.0000 0.0000 161.6738 162.9788 99.5296 0.3840  8769.5573 0.0000 0.0000 0.0000 0.0000 8769.5573
2023 5 19 0 3.0000 92.9400 0.5000 3.0000 0.0000 161.7213 163.0263 99.5589 0.3841  9253.0003 0.0000 0.0000 0.0000 0.0000 9253.0003
2023 5 20 0 3.0000 52.6300 0.5000 3.0000 0.0000 161.7623 163.0673 99.5841 0.3842  5241.1110 0.0000 0.0000 0.0000 0.0000 5241.1110
2023 5 21 0 3.0000 37.1300 0.5000 3.0000 0.0000 161.8008 163.1058 99.6078 0.3843  3698.4392 0.0000 0.0000 0.0000 0.0000 3698.4392
2023 5 22 0 3.0000 84.4700 0.5000 3.0000 0.0000 161.8366 163.1416 99.6299 0.3844  8415.7339 0.0000 0.0000 0.0000 0.0000 8415.7339
2023 5 23 0 3.0000 63.0000 0.5000 3.0000 0.0000 161.8810 163.1860 99.6572 0.3845  6278.4021 0.0000 0.0000 0.0000 0.0000 6278.4021
2023 5 24 0 3.0000 82.4800 0.5000 3.0000 0.0000 161.9355 163.2405 99.6907 0.3846  8222.4933 0.0000 0.0000 0.0000 0.0000 8222.4933
2023 5 25 0 3.0000 57.6600 0.5000 3.0000 0.0000 161.9869 163.2919 99.7224 0.3847  5749.9910 0.0000 0.0000 0.0000 0.0000 5749.9910
2023 5 26 0 3.0000 61.9200 0.5000 3.0000 0.0000 162.0341 163.3391 99.7514 0.3848  6176.6094 0.0000 0.0000 0.0000 0.0000 6176.6094
2023 5 27 0 3.0000 61.7400 0.5000 3.0000 0.0000 162.0767 163.3817 99.7777 0.3849  6160.2734 0.0000 0.0000 0.0000 0.0000 6160.2734
2023 5 28 0 3.0000 48.1500 0.5000 3.0000 0.0000 162.1076 163.4126 99.7967 0.3850  4805.2091 0.0000 0.0000 0.0000 0.0000 4805.2091
2023 5 29 0 3.0000 41.9900 0.5000 3.0000 0.0000 162.1236 163.4286 99.8065 0.3851  4190.8761 0.0000 0.0000 0.0000 0.0000 4190.8761
2023 5 30 0 3.0000 85.7800 0.5000 3.0000 0.0000 162.1282 163.4332 99.8094 0.3851  8561.6496 0.0000 0.0000 0.0000 0.0000 8561.6496
2023 5 31 0 3.0000 60.1500 0.5000 3.0000 0.0000 162.1264 163.4314 99.8083 0.3851  6003.4666 0.0000 0.0000 0.0000 0.0000 6003.4666
2023 6 1 0 3.0000 67.1300 0.5000 3.0000 0.0000 162.1199 163.4249 99.8042 0.3850  6699.8586 0.0000 0.0000 0.0000 0.0000 6699.8586
2023 6 2 0 3.0000 80.9600 0.5000 3.0000 0.0000 162.1090 163.4140 99.7975 0.3850  8079.6072 0.0000 0.0000 0.0000 0.0000 8079.6072
2023 6 3 0 3.0000 62.3200 0.5000 3.0000 0.0000 162.0938 163.3988 99.7882 0.3850  6218.7984 0.0000 0.0000 0.0000 0.0000 6218.7984
2023 6 4 0 3.0000 61.2100 0.5000 3.0000 0.0000 162.0754 163.3804 99.7769 0.3849  6107.3429 0.0000 0.0000 0.0000 0.0000 6107.3429
2023 6 5 0 3.0000 87.8500 0.5000 3.0000 0.0000 162.0549 163.3599 99.7642 0.3849  8764.2869 0.0000 0.0000 0.0000 0.0000 8764.2869
2023 6 6 0 3.0000 90.1800 0.5000 3.0000 0.0000 162.0321 163.3371 99.7502 0.3848  8995.4756 0.0000 0.0000 0.0000 0.0000 8995.4756
2023 6 7 0 3.0000 96.7800 0.5000 3.0000 0.0000 162.0073 163.3123 99.7349 0.3848  9652.3470 0.0000 0.0000 0.0000 0.0000 9652.3470
2023 6 8 0 3.0000 89.0900 0.5000 3.0000 0.0000 161.9806 163.2856 99.7185 0.3847  8883.9211 0.0000 0.0000 0.0000 0.0000 8883.9211
2023 6 9 0 3.0000 88.9200 0.5000 3.0000 0.0000 161.9523 163.2573 99.7010 0.3846  8865.4171 0.0000 0.0000 0.0000 0.0000 8865.4171
2023 6 10 0 3.0000 61.8300 0.5000 3.0000 0.0000 161.9224 163.2274 99.6827 0.3846  6163.3809 0.0000 0.0000 0.0000 0.0000 6163.3809
2023 6 11 0 3.0000 47.6500 0.5000 3.0000 0.0000 161.8913 163.1963 99.6635 0.3845  4748.9681 0.0000 0.0000 0.0000 0.0000 4748.9681
2023 6 12 0 3.0000 88.7900 0.5000 3.0000 0.0000 161.8592 163.1642 99.6438 0.3844  8847.3705 0.0000 0.0000 0.0000 0.0000 8847.3705
2023 6 13 0 3.0000 99.0700 0.5000 3.0000 0.0000 161.8263 163.1313 99.6235 0.3844  9869.7026 0.0000 0.0000 0.0000 0.0000 9869.7026
2023 6 14 0 3.0000 105.6600 0.5000 3.0000 0.0000 161.7927 163.0977 99.6028 0.3843  10524.0371 0.0000 0.0000 0.0000 0.0000 10524.0371
2023 6 15 0 3.0000 116.5000 0.5000 3.0000 0.0000 161.7586 163.0636 99.5818 0.3842  11601.2814 0.0000 0.0000 0.0000 0.0000 11601.2814
2023 6 16 0 3.0000 123.1200 0.5000 3.0000 0.0000 161.7241 163.0291 99.5606 0.3841  12257.8996 0.0000 0.0000 0.0000 0.0000 12257.8996
2023 6 17 0 3.0000 107.5100 0.5000 3.0000 0.0000 161.6893 162.9943 99.5392 0.3840  10701.4554 0.0000 0.0000 0.0000 0.0000 10701.4554
2023 6 18 0 3.0000 102.7200 0.5000 3.0000 0.0000 161.6542 162.9592 99.5176 0.3839  10222.4457 0.0000 0.0000 0.0000 0.0000 10222.4457
2023 6 19 0 3.0000 116.7200 0.5000 3.0000 0.0000 161.6190 162.9240 99.4959 0.3839  11613.1635 0.0000 0.0000 0.0000 0.0000 11613.1635
2023 6 20 0 3.0000 131.3100 0.5000 3.0000 0.0000 161.5839 162.8889 99.4743 0.3838  13061.9695 0.0000 0.0000 0.0000 0.0000 13061.9695
2023 6 21 0 3.0000 131.9100 0.5000 3.0000 0.0000 161.5495 162.8545 99.4531 0.3837  13118.8596 0.0000 0.0000 0.0000 0.0000 13118.8596
2023 6 22 0 3.0000 129.3300 0.5000 3.0000 0.0000 161.5195 162.8245 99.4347 0.3836  12859.8858 0.0000 0.0000 0.0000 0.0000 12859.8858
2023 6 23 0 3.0000 112.7300 0.5000 3.0000 0.0000 161.4919 162.7969 99.4176 0.3836  11207.3516 0.0000 0.0000 0.0000 0.0000 11207.3516
2023 6 24 0 3.0000 91.6000 0.5000 3.0000 0.0000 161.4614 162.7664 99.3989 0.3835  9104.9350 0.0000 0.0000 0.0000 0.0000 9104.9350
2023 6 25 0 3.0000 78.9200 0.5000 3.0000 0.0000 161.4287 162.7337 99.3788 0.3834  7842.9720 0.0000 0.0000 0.0000 0.0000 7842.9720
2023 6 26 0 3.0000 97.3600 0.5000 3.0000 0.0000 161.3950 162.7000 99.3580 0.3833  9673.4920 0.0000 0.0000 0.0000 0.0000 9673.4920
2023 6 27 0 3.0000 97.1000 0.5000 3.0000 0.0000 161.3607 162.6657 99.3369 0.3832  9645.6127 0.0000 0.0000 0.0000 0.0000 9645.6127
2023 6 28 0 3.0000 110.3800 0.5000 3.0000 0.0000 161.3264 162.6314 99.3157 0.3832  10962.4721 0.0000 0.0000 0.0000 0.0000 10962.4721
2023 6 29 0 3.0000 115.5800 0.5000 3.0000 0.0000 161.2920 162.5970 99.2946 0.3831  11476.4653 0.0000 0.0000 0.0000 0.0000 11476.4653
2023 6 30 0 3.0000 106.1600 0.5000 3.0000 0.0000 161.2576 162.5626 99.2734 0.3830  10538.8655 0.0000 0.0000 0.0000 0.0000 10538.8655
2023 7 1 0 3.0000 61.0800 0.5000 3.0000 0.0000 161.2232 162.5282 99.2522 0.3829  6062.3258 0.0000 0.0000 0.0000 0.0000 6062.3258
2023 7 2 0 3.0000 15.9100 0.5000 3.0000 0.0000 161.1886 162.4936 99.2310 0.3828  1578.7644 0.0000 0.0000 0.0000 0.0000 1578.7644
2023 7 3 0 3.0000 50.3200 0.5000 3.0000 0.0000 161.1542 162.4592 99.2097 0.3828  4992.2332 0.0000 0.0000 0.0000 0.0000 4992.2332
2023 7 4 0 3.0000 83.2500 0.5000 3.0000 0.0000 161.1201 162.4251 99.1888 0.3827  8257.4651 0.0000 0.0000 0.0000 0.0000 8257.4651
2023 7 5 0 3.0000 80.5300 0.5000 3.0000 0.0000 161.0865 162.3915 99.1681 0.3826  7986.0063 0.0000 0.0000 0.0000 0.0000 7986.0063
2023 7 6 0 3.0000 96.7500 0.5000 3.0000 0.0000 161.0533 162.3583 99.1476 0.3825  9592.5351 0.0000 0.0000 0.0000 0.0000 9592.5351
2023 7 7 0 3.0000 101.0400 0.5000 3.0000 0.0000 161.0211 162.3261 99.1278 0.3824  10015.8766 0.0000 0.0000 0.0000 0.0000 10015.8766
2023 7 8 0 3.0000 87.4600 0.5000 3.0000 0.0000 160.9914 162.2964 99.1095 0.3824  8668.1182 0.0000 0.0000 0.0000 0.0000 8668.1182
2023 7 9 0 3.0000 94.0500 0.5000 3.0000 0.0000 160.9637 162.2687 99.0925 0.3823  9319.6457 0.0000 0.0000 0.0000 0.0000 9319.6457
2023 7 10 0 3.0000 98.2100 0.5000 3.0000 0.0000 160.9356 162.2406 99.0752 0.3822  9730.1750 0.0000 0.0000 0.0000 0.0000 9730.1750
2023 7 11 0 3.0000 89.8900 0.5000 3.0000 0.0000 160.9070 162.2120 99.0575 0.3822  8904.2827 0.0000 0.0000 0.0000 0.0000 8904.2827
2023 7 12 0 3.0000 76.6900 0.5000 3.0000 0.0000 160.8795 162.1845 99.0406 0.3821  7595.4270 0.0000 0.0000 0.0000 0.0000 7595.4270
2023 7 13 0 3.0000 83.4900 0.5000 3.0000 0.0000 160.8524 162.1574 99.0240 0.3820  8267.5113 0.0000 0.0000 0.0000 0.0000 8267.5113
2023 7 14 0 3.0000 85.4800 0.5000 3.0000 0.0000 160.8236 162.1286 99.0062 0.3820  8463.0540 0.0000 0.0000 0.0000 0.0000 8463.0540
2023 7 15 0 3.0000 33.3300 0.5000 3.0000 0.0000 160.7949 162.0999 98.9886 0.3819  3299.2886 0.0000 0.0000 0.0000 0.0000 3299.2886
2023 7 16 0 3.0000 17.8600 0.5000 3.0000 0.0000 160.7723 162.0773 98.9747 0.3818  1767.6878 0.0000 0.0000 0.0000 0.0000 1767.6878
2023 7 17 0 3.0000 30.5600 0.5000 3.0000 0.0000 160.7598 162.0648 98.9670 0.3818  3024.4305 0.0000 0.0000 0.0000 0.0000 3024.4305
2023 7 18 0 3.0000 64.7000 0.5000 3.0000 0.0000 160.7504 162.0554 98.9612 0.3818  6402.7883 0.0000 0.0000 0.0000 0.0000 6402.7883
2023 7 19 0 3.0000 77.7600 0.5000 3.0000 0.0000 160.7356 162.0406 98.9521 0.3818  7694.5132 0.0000 0.0000 0.0000 0.0000 7694.5132
2023 7 20 0 3.0000 64.6700 0.5000 3.0000 0.0000 160.7152 162.0202 98.9395 0.3817  6398.4165 0.0000 0.0000 0.0000 0.0000 6398.4165
2023 7 21 0 3.0000 83.1300 0.5000 3.0000 0.0000 160.6916 161.9966 98.9250 0.3817  8223.6326 0.0000 0.0000 0.0000 0.0000 8223.6326
2023 7 22 0 3.0000 75.6300 0.5000 3.0000 0.0000 160.6658 161.9708 98.9091 0.3816  7480.4936 0.0000 0.0000 0.0000 0.0000 7480.4936
2023 7 23 0 3.0000 33.2000 0.5000 3.0000 0.0000 160.6389 161.9439 98.8925 0.3815  3283.2327 0.0000 0.0000 0.0000 0.0000 3283.2327
2023 7 24 0 3.0000 69.9000 0.5000 3.0000 0.0000 160.6112 161.9162 98.8755 0.3815  6911.3970 0.0000 0.0000 0.0000 0.0000 6911.3970
2023 7 25 0 3.0000 60.2500 0.5000 3.0000 0.0000 160.5820 161.8870 98.8575 0.3814  5956.1647 0.0000 0.0000 0.0000 0.0000 5956.1647
2023 7 26 0 3.0000 69.5200 0.5000 3.0000 0.0000 160.5516 161.8566 98.8388 0.3813  6871.2699 0.0000 0.0000 0.0000 0.0000 6871.2699
2023 7 27 0 3.0000 87.3400 0.5000 3.0000 0.0000 160.5202 161.8252 98.8194 0.3812  8630.8894 0.0000 0.0000 0.0000 0.0000 8630.8894
2023 7 28 0 3.0000 86.7600 0.5000 3.0000 0.0000 160.4880 161.7930 98.7996 0.3812  8571.8534 0.0000 0.0000 0.0000 0.0000 8571.8534
2023 7 29 0 3.0000 74.6100 0.5000 3.0000 0.0000 160.4551 161.7601 98.7794 0.3811  7369.9277 0.0000 0.0000 0.0000 0.0000 7369.9277
2023 7 30 0 3.0000 39.5200 0.5000 3.0000 0.0000 160.4223 161.7273 98.7592 0.3810  3902.9617 0.0000 0.0000 0.0000 0.0000 3902.9617
2023 7 31 0 3.0000 69.3300 0.5000 3.0000 0.0000 160.3928 161.6978 98.7410 0.3809  6845.7169 0.0000 0.0000 0.0000 0.0000 6845.7169
2023 8 1 0 3.0000 73.8700 0.5000 3.0000 0.0000 160.3650 161.6700 98.7239 0.3809  7292.7353 0.0000 0.0000 0.0000 0.0000 7292.7353
2023 8 2 0 3.0000 64.7500 0.5000 3.0000 0.0000 160.3342 161.6392 98.7049 0.3808  6391.1432 0.0000 0.0000 0.0000 0.0000 6391.1432
2023 8 3 0 3.0000 43.5500 0.5000 3.0000 0.0000 160.3011 161.6061 98.6846 0.3807  4297.7138 0.0000 0.0000 0.0000 0.0000 4297.7138
2023 8 4 0 3.0000 62.1300 0.5000 3.0000 0.0000 160.2671 161.5721 98.6636 0.3806  6129.9708 0.0000 0.0000 0.0000 0.0000 6129.9708
2023 8 5 0 3.0000 76.9400 0.5000 3.0000 0.0000 160.2326 161.5376 98.6424 0.3806  7589.5441 0.0000 0.0000 0.0000 0.0000 7589.5441
2023 8 6 0 3.0000 57.5500 0.5000 3.0000 0.0000 160.1977 161.5027 98.6209 0.3805  5675.6336 0.0000 0.0000 0.0000 0.0000 5675.6336
2023 8 7 0 3.0000 16.8300 0.5000 3.0000 0.0000 160.1625 161.4675 98.5992 0.3804  1659.4249 0.0000 0.0000 0.0000 0.0000 1659.4249
2023 8 8 0 3.0000 0.0400 0.5000 3.0000 0.0000 160.1295 161.4345 98.5789 0.3803  3.9432 0.0000 0.0000 0.0000 0.0000 3.9432
2023 8 9 0 3.0000 14.7000 0.5000 3.0000 0.0000 160.1004 161.4054 98.5610 0.3803  1448.8466 0.0000 0.0000 0.0000 0.0000 1448.8466
2023 8 10 0 3.0000 51.2900 0.5000 3.0000 0.0000 160.0722 161.3772 98.5437 0.3802  5054.3040 0.0000 0.0000 0.0000 0.0000 5054.3040
2023 8 11 0 3.0000 72.3800 0.5000 3.0000 0.0000 160.0444 161.3494 98.5266 0.3801  7131.3517 0.0000 0.0000 0.0000 0.0000 7131.3517
2023 8 12 0 3.0000 69.7000 0.5000 3.0000 0.0000 160.0159 161.3209 98.5090 0.3801  6866.0778 0.0000 0.0000 0.0000 0.0000 6866.0778
2023 8 13 0 3.0000 63.1900 0.5000 3.0000 0.0000 159.9849 161.2899 98.4899 0.3800  6223.5790 0.0000 0.0000 0.0000 0.0000 6223.5790
2023 8 14 0 3.0000 85.9500 0.5000 3.0000 0.0000 159.9526 161.2576 98.4700 0.3799  8463.4976 0.0000 0.0000 0.0000 0.0000 8463.4976
2023 8 15 0 3.0000 82.7300 0.5000 3.0000 0.0000 159.9240 161.2290 98.4524 0.3798  8144.9669 0.0000 0.0000 0.0000 0.0000 8144.9669
2023 8 16 0 3.0000 93.5300 0.5000 3.0000 0.0000 159.9012 161.2062 98.4384 0.3798  9206.9436 0.0000 0.0000 0.0000 0.0000 9206.9436
2023 8 17 0 3.0000 92.9900 0.5000 3.0000 0.0000 159.8786 161.1836 98.4245 0.3797  9152.4930 0.0000 0.0000 0.0000 0.0000 9152.4930
2023 8 18 0 3.0000 84.3900 0.5000 3.0000 0.0000 159.8531 161.1581 98.4088 0.3797  8304.7154 0.0000 0.0000 0.0000 0.0000 8304.7154
2023 8 19 0 3.0000 48.8800 0.5000 3.0000 0.0000 159.8258 161.1308 98.3919 0.3796  4809.3984 0.0000 0.0000 0.0000 0.0000 4809.3984
2023 8 20 0 3.0000 75.6000 0.5000 3.0000 0.0000 159.8023 161.1073 98.3775 0.3795  7437.3365 0.0000 0.0000 0.0000 0.0000 7437.3365
2023 8 21 0 3.0000 88.4800 0.5000 3.0000 0.0000 159.7808 161.0858 98.3642 0.3795  8703.2685 0.0000 0.0000 0.0000 0.0000 8703.2685
2023 8 22 0 3.0000 92.0800 0.5000 3.0000 0.0000 159.7556 161.0606 98.3487 0.3794  9055.9500 0.0000 0.0000 0.0000 0.0000 9055.9500
2023 8 23 0 3.0000 99.5400 0.5000 3.0000 0.0000 159.7279 161.0329 98.3317 0.3794  9787.9375 0.0000 0.0000 0.0000 0.0000 9787.9375
2023 8 24 0 3.0000 99.6900 0.5000 3.0000 0.0000 159.6986 161.0036 98.3136 0.3793  9800.8864 0.0000 0.0000 0.0000 0.0000 9800.8864
2023 8 25 0 3.0000 93.1800 0.5000 3.0000 0.0000 159.6697 160.9747 98.2959 0.3792  9159.2111 0.0000 0.0000 0.0000 0.0000 9159.2111
2023 8 26 0 3.0000 87.9600 0.5000 3.0000 0.0000 159.6455 160.9505 98.2810 0.3792  8644.7940 0.0000 0.0000 0.0000 0.0000 8644.7940
2023 8 27 0 3.0000 89.4800 0.5000 3.0000 0.0000 159.6250 160.9300 98.2683 0.3791  8793.0521 0.0000 0.0000 0.0000 0.0000 8793.0521
2023 8 28 0 3.0000 91.8000 0.5000 3.0000 0.0000 159.6029 160.9079 98.2547 0.3791  9019.7834 0.0000 0.0000 0.0000 0.0000 9019.7834
2023 8 29 0 3.0000 95.0600 0.5000 3.0000 0.0000 159.5773 160.8823 98.2390 0.3790  9338.5944 0.0000 0.0000 0.0000 0.0000 9338.5944
2023 8 30 0 3.0000 99.5900 0.5000 3.0000 0.0000 159.5493 160.8543 98.2217 0.3789  9781.9019 0.0000 0.0000 0.0000 0.0000 9781.9019
2023 8 31 0 3.0000 97.2200 0.5000 3.0000 0.0000 159.5198 160.8248 98.2036 0.3789  9547.3526 0.0000 0.0000 0.0000 0.0000 9547.3526
