POWERSTATION node 1 SVOLETJONN
init_Power = 0.00000
penstock_config = SHARED
headloss_coef = 0.300000
yyyy mm dd hh [m3/s]    [Euro/MWh]  [fr_g0] [m3/s] [m3/s] [m] [m] [MWh] [GWh/Mm3] [Euro] [Euro] [Euro] [Euro] [Euro] [Euro]
yyyy mm dd hh Up_Inflow Price Action_g0 tot_outflow auto_qmin Hnetto Hbrutto Power est_eekv income tot_cost startstopCost adjust_cost cost_aggressive_actions profit
2022 9 1 0 2.0000 564.8800 0.5000 2.0000 0.0000 62.8669 64.0669 24.1734 0.1399  13655.0950 1.0000 1.0000 0.0000 0.0000 13654.0950
2022 9 2 0 2.0000 425.8500 0.5000 2.0000 0.0000 62.5877 63.7877 24.0661 0.1393  10248.5426 0.0000 0.0000 0.0000 0.0000 10248.5426
2022 9 3 0 2.0000 383.9200 0.5000 2.0000 0.0000 62.3002 63.5002 23.9555 0.1386  9197.0030 0.0000 0.0000 0.0000 0.0000 9197.0030
2022 9 4 0 2.0000 310.1000 0.5000 2.0000 0.0000 62.0138 63.2138 23.8454 0.1380  7394.4619 0.0000 0.0000 0.0000 0.0000 7394.4619
2022 9 5 0 2.0000 388.8400 0.5000 2.0000 0.0000 61.7394 62.9394 23.7399 0.1374  9231.0169 0.0000 0.0000 0.0000 0.0000 9231.0169
2022 9 6 0 2.0000 414.3500 0.5000 2.0000 0.0000 61.4816 62.6816 23.6408 0.1368  9795.5558 0.0000 0.0000 0.0000 0.0000 9795.5558
2022 9 7 0 2.0000 451.5300 0.5000 2.0000 0.0000 61.2346 62.4346 23.5458 0.1363  10631.6317 0.0000 0.0000 0.0000 0.0000 10631.6317
2022 9 8 0 2.0000 426.5600 0.5000 2.0000 0.0000 60.9828 62.1828 23.4490 0.1357  10002.3949 0.0000 0.0000 0.0000 0.0000 10002.3949
2022 9 9 0 2.0000 352.9300 0.5000 2.0000 0.0000 60.7203 61.9203 23.3480 0.1351  8240.2212 0.0000 0.0000 0.0000 0.0000 8240.2212
2022 9 10 0 2.0000 410.9400 0.5000 2.0000 0.0000 60.4554 61.6554 23.2462 0.1345  9552.7831 0.0000 0.0000 0.0000 0.0000 9552.7831
2022 9 11 0 2.0000 400.0100 0.5000 2.0000 0.0000 60.2024 61.4024 23.1489 0.1340  9259.7914 0.0000 0.0000 0.0000 0.0000 9259.7914
2022 9 12 0 2.0000 407.9500 0.5000 2.0000 0.0000 59.9852 61.1852 23.0654 0.1335  9409.5193 0.0000 0.0000 0.0000 0.0000 9409.5193
2022 9 13 0 2.0000 382.5800 0.5000 2.0000 0.0000 59.9372 61.1372 23.0469 0.1334  8817.2934 0.0000 0.0000 0.0000 0.0000 8817.2934
2022 9 14 0 2.0000 425.5000 0.5000 2.0000 0.0000 59.9667 61.1667 23.0583 0.1334  9811.2953 0.0000 0.0000 0.0000 0.0000 9811.2953
2022 9 15 0 2.0000 355.8200 0.5000 2.0000 0.0000 59.9033 61.1033 23.0339 0.1333  8195.9118 0.0000 0.0000 0.0000 0.0000 8195.9118
2022 9 16 0 2.0000 329.3900 0.5000 2.0000 0.0000 59.7886 60.9886 22.9898 0.1330  7572.5971 0.0000 0.0000 0.0000 0.0000 7572.5971
2022 9 17 0 2.0000 246.9600 0.5000 2.0000 0.0000 59.6309 60.8309 22.9291 0.1327  5662.5828 0.0000 0.0000 0.0000 0.0000 5662.5828
2022 9 18 0 2.0000 117.5900 0.5000 2.0000 0.0000 59.4364 60.6364 22.8543 0.1323  2687.4407 0.0000 0.0000 0.0000 0.0000 2687.4407
2022 9 19 0 2.0000 288.3300 0.5000 2.0000 0.0000 59.2120 60.4120 22.7681 0.1318  6564.7130 0.0000 0.0000 0.0000 0.0000 6564.7130
2022 9 20 0 2.0000 380.8200 0.5000 2.0000 0.0000 58.9709 60.1709 22.6754 0.1312  8635.2311 0.0000 0.0000 0.0000 0.0000 8635.2311
2022 9 21 0 2.0000 388.8300 0.5000 2.0000 0.0000 58.7036 59.9036 22.5726 0.1306  8776.8964 0.0000 0.0000 0.0000 0.0000 8776.8964
2022 9 22 0 2.0000 378.9000 0.5000 2.0000 0.0000 58.4122 59.6122 22.4605 0.1300  8510.2962 0.0000 0.0000 0.0000 0.0000 8510.2962
2022 9 23 0 2.0000 359.9800 0.5000 2.0000 0.0000 58.1182 59.3182 22.3475 0.1293  8044.6422 0.0000 0.0000 0.0000 0.0000 8044.6422
2022 9 24 0 2.0000 350.7100 0.5000 2.0000 0.0000 57.8482 59.0482 22.2437 0.1287  7801.0783 0.0000 0.0000 0.0000 0.0000 7801.0783
2022 9 25 0 2.0000 299.0800 0.5000 2.0000 0.0000 57.7804 58.9804 22.2176 0.1286  6644.8402 0.0000 0.0000 0.0000 0.0000 6644.8402
2022 9 26 0 2.0000 259.4000 0.5000 2.0000 0.0000 58.0881 59.2881 22.3359 0.1293  5793.9329 0.0000 0.0000 0.0000 0.0000 5793.9329
2022 9 27 0 2.0000 306.8900 0.5000 2.0000 0.0000 58.6910 59.8910 22.5677 0.1306  6925.8149 0.0000 0.0000 0.0000 0.0000 6925.8149
2022 9 28 0 2.0000 308.5200 0.5000 2.0000 0.0000 59.5550 60.7550 22.9000 0.1325  7065.0936 0.0000 0.0000 0.0000 0.0000 7065.0936
2022 9 29 0 2.0000 347.1000 0.5000 2.0000 0.0000 60.3521 61.5521 23.2065 0.1343  8054.9607 0.0000 0.0000 0.0000 0.0000 8054.9607
2022 9 30 0 2.0000 278.9700 0.5000 2.0000 0.0000 60.8048 62.0048 23.3805 0.1353  6522.4588 0.0000 0.0000 0.0000 0.0000 6522.4588
2022 10 1 0 2.0000 90.2400 0.5000 2.0000 0.0000 61.4529 62.6529 23.6297 0.1367  2132.3453 0.0000 0.0000 0.0000 0.0000 2132.3453
2022 10 2 0 2.0000 182.7200 0.5000 2.0000 0.0000 62.5396 63.7396 24.0476 0.1392  4393.9748 0.0000 0.0000 0.0000 0.0000 4393.9748
2022 10 3 0 2.0000 234.6000 0.5000 2.0000 0.0000 63.6597 64.8597 24.4783 0.1417  5742.6069 0.0000 0.0000 0.0000 0.0000 5742.6069
2022 10 4 0 2.0000 199.0100 0.5000 2.0000 0.0000 64.6690 65.8690 24.8664 0.1439  4948.6563 0.0000 0.0000 0.0000 0.0000 4948.6563
2022 10 5 0 2.0000 51.1100 0.5000 2.0000 0.0000 65.4829 66.6829 25.1793 0.1457  1286.9165 0.0000 0.0000 0.0000 0.0000 1286.9165
2022 10 6 0 2.0000 23.8700 0.5000 2.0000 0.0000 65.8000 67.0000 25.3013 0.1464  603.9412 0.0000 0.0000 0.0000 0.0000 603.9412
2022 10 7 0 2.0000 30.2900 0.5000 2.0000 0.0000 65.8000 67.0000 25.3013 0.1464  766.3753 0.0000 0.0000 0.0000 0.0000 766.3753
2022 10 8 0 2.0000 53.3800 0.5000 2.0000 0.0000 65.8000 67.0000 25.3013 0.1464  1350.5815 0.0000 0.0000 0.0000 0.0000 1350.5815
2022 10 9 0 2.0000 91.9400 0.5000 2.0000 0.0000 65.8000 67.0000 25.3013 0.1464  2326.1982 0.0000 0.0000 0.0000 0.0000 2326.1982
2022 10 10 0 2.0000 137.7100 0.5000 2.0000 0.0000 65.8000 67.0000 25.3013 0.1464  3484.2371 0.0000 0.0000 0.0000 0.0000 3484.2371
2022 10 11 0 2.0000 174.3200 0.5000 2.0000 0.0000 65.8000 67.0000 25.3013 0.1464  4410.5164 0.0000 0.0000 0.0000 0.0000 4410.5164
2022 10 12 0 2.0000 199.9900 0.5000 2.0000 0.0000 65.8000 67.0000 25.3013 0.1464  5059.9998 0.0000 0.0000 0.0000 0.0000 5059.9998
2022 10 13 0 2.0000 233.6000 0.5000 2.0000 0.0000 65.8000 67.0000 25.3013 0.1464  5910.3752 0.0000 0.0000 0.0000 0.0000 5910.3752
2022 10 14 0 2.0000 217.2400 0.5000 2.0000 0.0000 65.8000 67.0000 25.3013 0.1464  5496.4465 0.0000 0.0000 0.0000 0.0000 5496.4465
2022 10 15 0 2.0000 154.6600 0.5000 2.0000 0.0000 65.8000 67.0000 25.3013 0.1464  3913.0934 0.0000 0.0000 0.0000 0.0000 3913.0934
2022 10 16 0 2.0000 113.2100 0.5000 2.0000 0.0000 65.8000 67.0000 25.3013 0.1464  2864.3560 0.0000 0.0000 0.0000 0.0000 2864.3560
2022 10 17 0 2.0000 146.2200 0.5000 2.0000 0.0000 65.8000 67.0000 25.3013 0.1464  3699.5507 0.0000 0.0000 0.0000 0.0000 3699.5507
2022 10 18 0 2.0000 163.8200 0.5000 2.0000 0.0000 65.8000 67.0000 25.3013 0.1464  4144.8531 0.0000 0.0000 0.0000 0.0000 4144.8531
2022 10 19 0 2.0000 159.7000 0.5000 2.0000 0.0000 65.8000 67.0000 25.3013 0.1464  4040.6116 0.0000 0.0000 0.0000 0.0000 4040.6116
2022 10 20 0 2.0000 142.1100 0.5000 2.0000 0.0000 65.8000 67.0000 25.3013 0.1464  3595.5625 0.0000 0.0000 0.0000 0.0000 3595.5625
2022 10 21 0 2.0000 157.4800 0.5000 2.0000 0.0000 65.8000 67.0000 25.3013 0.1464  3984.4428 0.0000 0.0000 0.0000 0.0000 3984.4428
2022 10 22 0 2.0000 142.0700 0.5000 2.0000 0.0000 65.8000 67.0000 25.3013 0.1464  3594.5506 0.0000 0.0000 0.0000 0.0000 3594.5506
2022 10 23 0 2.0000 99.6700 0.5000 2.0000 0.0000 65.8000 67.0000 25.3013 0.1464  2521.7768 0.0000 0.0000 0.0000 0.0000 2521.7768
2022 10 24 0 2.0000 85.2000 0.5000 2.0000 0.0000 65.8000 67.0000 25.3013 0.1464  2155.6675 0.0000 0.0000 0.0000 0.0000 2155.6675
2022 10 25 0 2.0000 110.5100 0.5000 2.0000 0.0000 65.8000 67.0000 25.3013 0.1464  2796.0426 0.0000 0.0000 0.0000 0.0000 2796.0426
2022 10 26 0 2.0000 121.4900 0.5000 2.0000 0.0000 65.8000 67.0000 25.3013 0.1464  3073.8504 0.0000 0.0000 0.0000 0.0000 3073.8504
2022 10 27 0 2.0000 117.6600 0.5000 2.0000 0.0000 65.8000 67.0000 25.3013 0.1464  2976.9467 0.0000 0.0000 0.0000 0.0000 2976.9467
2022 10 28 0 2.0000 103.2200 0.5000 2.0000 0.0000 65.8000 67.0000 25.3013 0.1464  2611.5964 0.0000 0.0000 0.0000 0.0000 2611.5964
2022 10 29 0 2.0000 101.6200 0.5000 2.0000 0.0000 65.8000 67.0000 25.3013 0.1464  2571.1144 0.0000 0.0000 0.0000 0.0000 2571.1144
2022 10 30 0 2.0000 117.9300 0.5000 2.0000 0.0000 65.8000 67.0000 25.3013 0.1464  2983.7780 0.0000 0.0000 0.0000 0.0000 2983.7780
2022 10 31 0 2.0000 144.1300 0.5000 2.0000 0.0000 65.8000 67.0000 25.3013 0.1464  3646.6712 0.0000 0.0000 0.0000 0.0000 3646.6712
2022 11 1 0 2.0000 72.4900 0.5000 2.0000 0.0000 65.8000 67.0000 25.3013 0.1464  1834.0885 0.0000 0.0000 0.0000 0.0000 1834.0885
2022 11 2 0 2.0000 71.1700 0.5000 2.0000 0.0000 65.8000 67.0000 25.3013 0.1464  1800.6909 0.0000 0.0000 0.0000 0.0000 1800.6909
2022 11 3 0 2.0000 86.5000 0.5000 2.0000 0.0000 65.8000 67.0000 25.3013 0.1464  2188.5593 0.0000 0.0000 0.0000 0.0000 2188.5593
2022 11 4 0 2.0000 72.6700 0.5000 2.0000 0.0000 65.8000 67.0000 25.3013 0.1464  1838.6427 0.0000 0.0000 0.0000 0.0000 1838.6427
2022 11 5 0 2.0000 47.6500 0.5000 2.0000 0.0000 65.8000 67.0000 25.3013 0.1464  1205.6052 0.0000 0.0000 0.0000 0.0000 1205.6052
2022 11 6 0 2.0000 35.7500 0.5000 2.0000 0.0000 65.8000 67.0000 25.3013 0.1464  904.5202 0.0000 0.0000 0.0000 0.0000 904.5202
2022 11 7 0 2.0000 43.8300 0.5000 2.0000 0.0000 65.8000 67.0000 25.3013 0.1464  1108.9544 0.0000 0.0000 0.0000 0.0000 1108.9544
2022 11 8 0 2.0000 51.0900 0.5000 2.0000 0.0000 65.8000 67.0000 25.3013 0.1464  1292.6415 0.0000 0.0000 0.0000 0.0000 1292.6415
2022 11 9 0 2.0000 42.5700 0.5000 2.0000 0.0000 65.8000 67.0000 25.3013 0.1464  1077.0748 0.0000 0.0000 0.0000 0.0000 1077.0748
2022 11 10 0 2.0000 27.4000 0.5000 2.0000 0.0000 65.8000 67.0000 25.3013 0.1464  693.2546 0.0000 0.0000 0.0000 0.0000 693.2546
2022 11 11 0 2.0000 2.0000 0.5000 2.0000 0.0000 65.8000 67.0000 25.3013 0.1464  50.6025 0.0000 0.0000 0.0000 0.0000 50.6025
2022 11 12 0 2.0000 2.3700 0.5000 2.0000 0.0000 65.8000 67.0000 25.3013 0.1464  59.9640 0.0000 0.0000 0.0000 0.0000 59.9640
2022 11 13 0 2.0000 29.9300 0.5000 2.0000 0.0000 65.8000 67.0000 25.3013 0.1464  757.2668 0.0000 0.0000 0.0000 0.0000 757.2668
2022 11 14 0 2.0000 53.6800 0.5000 2.0000 0.0000 65.8000 67.0000 25.3013 0.1464  1358.1718 0.0000 0.0000 0.0000 0.0000 1358.1718
2022 11 15 0 2.0000 53.7500 0.5000 2.0000 0.0000 65.8000 67.0000 25.3013 0.1464  1359.9429 0.0000 0.0000 0.0000 0.0000 1359.9429
2022 11 16 0 2.0000 27.6900 0.5000 2.0000 0.0000 65.8000 67.0000 25.3013 0.1464  700.5920 0.0000 0.0000 0.0000 0.0000 700.5920
2022 11 17 0 2.0000 48.9100 0.5000 2.0000 0.0000 65.8000 67.0000 25.3013 0.1464  1237.4848 0.0000 0.0000 0.0000 0.0000 1237.4848
2022 11 18 0 2.0000 113.7000 0.5000 2.0000 0.0000 65.8000 67.0000 25.3013 0.1464  2876.7535 0.0000 0.0000 0.0000 0.0000 2876.7535
2022 11 19 0 2.0000 167.1000 0.5000 2.0000 0.0000 65.8000 67.0000 25.3013 0.1464  4227.8412 0.0000 0.0000 0.0000 0.0000 4227.8412
2022 11 20 0 2.0000 162.8400 0.5000 2.0000 0.0000 65.8000 67.0000 25.3013 0.1464  4120.0576 0.0000 0.0000 0.0000 0.0000 4120.0576
2022 11 21 0 2.0000 209.5500 0.5000 2.0000 0.0000 65.8000 67.0000 25.3013 0.1464  5301.8798 0.0000 0.0000 0.0000 0.0000 5301.8798
2022 11 22 0 2.0000 174.4300 0.5000 2.0000 0.0000 65.8000 67.0000 25.3013 0.1464  4413.2991 0.0000 0.0000 0.0000 0.0000 4413.2991
2022 11 23 0 2.0000 149.8400 0.5000 2.0000 0.0000 65.8000 67.0000 25.3013 0.1464  3791.1412 0.0000 0.0000 0.0000 0.0000 3791.1412
2022 11 24 0 2.0000 172.1800 0.5000 2.0000 0.0000 65.8000 67.0000 25.3013 0.1464  4356.3713 0.0000 0.0000 0.0000 0.0000 4356.3713
2022 11 25 0 2.0000 200.3300 0.5000 2.0000 0.0000 65.8000 67.0000 25.3013 0.1464  5068.6021 0.0000 0.0000 0.0000 0.0000 5068.6021
2022 11 26 0 2.0000 196.0200 0.5000 2.0000 0.0000 65.8000 67.0000 25.3013 0.1464  4959.5537 0.0000 0.0000 0.0000 0.0000 4959.5537
2022 11 27 0 2.0000 146.0400 0.5000 2.0000 0.0000 65.8000 67.0000 25.3013 0.1464  3694.9963 0.0000 0.0000 0.0000 0.0000 3694.9963
2022 11 28 0 2.0000 195.3000 0.5000 2.0000 0.0000 65.8000 67.0000 25.3013 0.1464  4941.3368 0.0000 0.0000 0.0000 0.0000 4941.3368
2022 11 29 0 2.0000 362.5600 0.5000 2.0000 0.0000 65.8000 67.0000 25.3013 0.1464  9173.2259 0.0000 0.0000 0.0000 0.0000 9173.2259
2022 11 30 0 2.0000 364.6000 0.5000 2.0000 0.0000 65.8000 67.0000 25.3013 0.1464  9224.8407 0.0000 0.0000 0.0000 0.0000 9224.8407
2022 12 1 0 2.0000 349.6500 0.5000 2.0000 0.0000 65.8000 67.0000 25.3013 0.1464  8846.5865 0.0000 0.0000 0.0000 0.0000 8846.5865
2022 12 2 0 2.0000 324.9900 0.5000 2.0000 0.0000 65.8000 67.0000 25.3013 0.1464  8222.6573 0.0000 0.0000 0.0000 0.0000 8222.6573
2022 12 3 0 2.0000 268.8200 0.5000 2.0000 0.0000 65.8000 67.0000 25.3013 0.1464  6801.4857 0.0000 0.0000 0.0000 0.0000 6801.4857
2022 12 4 0 2.0000 271.5000 0.5000 2.0000 0.0000 65.8000 67.0000 25.3013 0.1464  6869.2929 0.0000 0.0000 0.0000 0.0000 6869.2929
2022 12 5 0 2.0000 290.7800 0.5000 2.0000 0.0000 65.8000 67.0000 25.3013 0.1464  7357.1013 0.0000 0.0000 0.0000 0.0000 7357.1013
2022 12 6 0 2.0000 346.8000 0.5000 2.0000 0.0000 65.8000 67.0000 25.3013 0.1464  8774.4777 0.0000 0.0000 0.0000 0.0000 8774.4777
2022 12 7 0 2.0000 334.1100 0.5000 2.0000 0.0000 65.8000 67.0000 25.3013 0.1464  8453.4047 0.0000 0.0000 0.0000 0.0000 8453.4047
2022 12 8 0 2.0000 399.0300 0.5000 2.0000 0.0000 65.8000 67.0000 25.3013 0.1464  10095.9630 0.0000 0.0000 0.0000 0.0000 10095.9630
2022 12 9 0 2.0000 418.6900 0.5000 2.0000 0.0000 65.8000 67.0000 25.3013 0.1464  10593.3859 0.0000 0.0000 0.0000 0.0000 10593.3859
2022 12 10 0 2.0000 362.9800 0.5000 2.0000 0.0000 65.8000 67.0000 25.3013 0.1464  9183.8528 0.0000 0.0000 0.0000 0.0000 9183.8528
2022 12 11 0 2.0000 338.6100 0.5000 2.0000 0.0000 65.8000 67.0000 25.3013 0.1464  8567.2603 0.0000 0.0000 0.0000 0.0000 8567.2603
2022 12 12 0 2.0000 446.1100 0.5000 2.0000 0.0000 65.8000 67.0000 25.3013 0.1464  11287.1461 0.0000 0.0000 0.0000 0.0000 11287.1461
2022 12 13 0 2.0000 458.6300 0.5000 2.0000 0.0000 65.8000 67.0000 25.3013 0.1464  11603.9184 0.0000 0.0000 0.0000 0.0000 11603.9184
2022 12 14 0 2.0000 451.4100 0.5000 2.0000 0.0000 65.8000 67.0000 25.3013 0.1464  11421.2433 0.0000 0.0000 0.0000 0.0000 11421.2433
2022 12 15 0 2.0000 396.6100 0.5000 2.0000 0.0000 65.8000 67.0000 25.3013 0.1464  10034.7336 0.0000 0.0000 0.0000 0.0000 10034.7336
2022 12 16 0 2.0000 413.8400 0.5000 2.0000 0.0000 65.8000 67.0000 25.3013 0.1464  10470.6746 0.0000 0.0000 0.0000 0.0000 10470.6746
2022 12 17 0 2.0000 254.6500 0.5000 2.0000 0.0000 65.8000 67.0000 25.3013 0.1464  6442.9665 0.0000 0.0000 0.0000 0.0000 6442.9665
2022 12 18 0 2.0000 206.4000 0.5000 2.0000 0.0000 65.8000 67.0000 25.3013 0.1464  5222.1806 0.0000 0.0000 0.0000 0.0000 5222.1806
2022 12 19 0 2.0000 211.4800 0.5000 2.0000 0.0000 65.8000 67.0000 25.3013 0.1464  5350.7110 0.0000 0.0000 0.0000 0.0000 5350.7110
2022 12 20 0 2.0000 205.2500 0.5000 2.0000 0.0000 65.8000 67.0000 25.3013 0.1464  5193.0843 0.0000 0.0000 0.0000 0.0000 5193.0843
2022 12 21 0 2.0000 223.3000 0.5000 2.0000 0.0000 65.8000 67.0000 25.3013 0.1464  5649.7721 0.0000 0.0000 0.0000 0.0000 5649.7721
2022 12 22 0 2.0000 201.9700 0.5000 2.0000 0.0000 65.8000 67.0000 25.3013 0.1464  5110.0961 0.0000 0.0000 0.0000 0.0000 5110.0961
2022 12 23 0 2.0000 193.2900 0.5000 2.0000 0.0000 65.8000 67.0000 25.3013 0.1464  4890.4810 0.0000 0.0000 0.0000 0.0000 4890.4810
2022 12 24 0 2.0000 142.3700 0.5000 2.0000 0.0000 65.8000 67.0000 25.3013 0.1464  3602.1407 0.0000 0.0000 0.0000 0.0000 3602.1407
2022 12 25 0 2.0000 129.4400 0.5000 2.0000 0.0000 65.8000 67.0000 25.3013 0.1464  3274.9956 0.0000 0.0000 0.0000 0.0000 3274.9956
2022 12 26 0 2.0000 111.7200 0.5000 2.0000 0.0000 65.8000 67.0000 25.3013 0.1464  2826.6571 0.0000 0.0000 0.0000 0.0000 2826.6571
2022 12 27 0 2.0000 141.3500 0.5000 2.0000 0.0000 65.8000 67.0000 25.3013 0.1464  3576.3337 0.0000 0.0000 0.0000 0.0000 3576.3337
2022 12 28 0 2.0000 122.1300 0.5000 2.0000 0.0000 65.8000 67.0000 25.3013 0.1464  3090.0432 0.0000 0.0000 0.0000 0.0000 3090.0432
2022 12 29 0 2.0000 96.2800 0.5000 2.0000 0.0000 65.8000 67.0000 25.3013 0.1464  2436.0056 0.0000 0.0000 0.0000 0.0000 2436.0056
2022 12 30 0 2.0000 100.4100 0.5000 2.0000 0.0000 65.8000 67.0000 25.3013 0.1464  2540.4999 0.0000 0.0000 0.0000 0.0000 2540.4999
2022 12 31 0 2.0000 116.2200 0.5000 2.0000 0.0000 65.8000 67.0000 25.3013 0.1464  2940.5128 0.0000 0.0000 0.0000 0.0000 2940.5128
2023 1 1 0 2.0000 112.5700 0.5000 2.0000 0.0000 65.8000 67.0000 25.3013 0.1464  2848.1632 0.0000 0.0000 0.0000 0.0000 2848.1632
2023 1 2 0 2.0000 149.2600 0.5000 2.0000 0.0000 65.8000 67.0000 25.3013 0.1464  3776.4664 0.0000 0.0000 0.0000 0.0000 3776.4664
2023 1 3 0 2.0000 154.5400 0.5000 2.0000 0.0000 65.8000 67.0000 25.3013 0.1464  3910.0570 0.0000 0.0000 0.0000 0.0000 3910.0570
2023 1 4 0 2.0000 114.6400 0.5000 2.0000 0.0000 65.7966 66.9966 25.3000 0.1464  2900.3891 0.0000 0.0000 0.0000 0.0000 2900.3891
2023 1 5 0 2.0000 144.1600 0.5000 2.0000 0.0000 65.7966 66.9966 25.3000 0.1464  3647.2445 0.0000 0.0000 0.0000 0.0000 3647.2445
2023 1 6 0 2.0000 126.0400 0.5000 2.0000 0.0000 65.8000 67.0000 25.3013 0.1464  3188.9712 0.0000 0.0000 0.0000 0.0000 3188.9712
2023 1 7 0 2.0000 102.5400 0.5000 2.0000 0.0000 65.8000 67.0000 25.3013 0.1464  2594.3915 0.0000 0.0000 0.0000 0.0000 2594.3915
2023 1 8 0 2.0000 75.8000 0.5000 2.0000 0.0000 65.8000 67.0000 25.3013 0.1464  1917.8358 0.0000 0.0000 0.0000 0.0000 1917.8358
2023 1 9 0 2.0000 133.2800 0.5000 2.0000 0.0000 65.8000 67.0000 25.3013 0.1464  3372.1523 0.0000 0.0000 0.0000 0.0000 3372.1523
2023 1 10 0 2.0000 130.4400 0.5000 2.0000 0.0000 65.8000 67.0000 25.3013 0.1464  3300.2968 0.0000 0.0000 0.0000 0.0000 3300.2968
2023 1 11 0 2.0000 96.6800 0.5000 2.0000 0.0000 65.8000 67.0000 25.3013 0.1464  2446.1261 0.0000 0.0000 0.0000 0.0000 2446.1261
2023 1 12 0 2.0000 89.9500 0.5000 2.0000 0.0000 65.8000 67.0000 25.3013 0.1464  2275.8485 0.0000 0.0000 0.0000 0.0000 2275.8485
2023 1 13 0 2.0000 82.8000 0.5000 2.0000 0.0000 65.8000 67.0000 25.3013 0.1464  2094.9447 0.0000 0.0000 0.0000 0.0000 2094.9447
2023 1 14 0 2.0000 94.7100 0.5000 2.0000 0.0000 65.8000 67.0000 25.3013 0.1464  2396.2826 0.0000 0.0000 0.0000 0.0000 2396.2826
2023 1 15 0 2.0000 70.7800 0.5000 2.0000 0.0000 65.8000 67.0000 25.3013 0.1464  1790.8234 0.0000 0.0000 0.0000 0.0000 1790.8234
2023 1 16 0 2.0000 139.7600 0.5000 2.0000 0.0000 65.8000 67.0000 25.3013 0.1464  3536.1044 0.0000 0.0000 0.0000 0.0000 3536.1044
2023 1 17 0 2.0000 134.1900 0.5000 2.0000 0.0000 65.8000 67.0000 25.3013 0.1464  3395.1766 0.0000 0.0000 0.0000 0.0000 3395.1766
2023 1 18 0 2.0000 138.3800 0.5000 2.0000 0.0000 65.8000 67.0000 25.3013 0.1464  3501.1889 0.0000 0.0000 0.0000 0.0000 3501.1889
2023 1 19 0 2.0000 148.5600 0.5000 2.0000 0.0000 65.7855 66.9855 25.2957 0.1464  3757.9270 0.0000 0.0000 0.0000 0.0000 3757.9270
2023 1 20 0 2.0000 162.5000 0.5000 2.0000 0.0000 65.7363 66.9363 25.2768 0.1463  4107.4735 0.0000 0.0000 0.0000 0.0000 4107.4735
2023 1 21 0 2.0000 150.1900 0.5000 2.0000 0.0000 65.6585 66.8585 25.2469 0.1461  3791.8256 0.0000 0.0000 0.0000 0.0000 3791.8256
2023 1 22 0 2.0000 151.8000 0.5000 2.0000 0.0000 65.5724 66.7724 25.2137 0.1459  3827.4467 0.0000 0.0000 0.0000 0.0000 3827.4467
2023 1 23 0 2.0000 197.7300 0.5000 2.0000 0.0000 65.5065 66.7065 25.1884 0.1458  4980.5074 0.0000 0.0000 0.0000 0.0000 4980.5074
2023 1 24 0 2.0000 184.5400 0.5000 2.0000 0.0000 65.4455 66.6455 25.1649 0.1456  4643.9378 0.0000 0.0000 0.0000 0.0000 4643.9378
2023 1 25 0 2.0000 137.5700 0.5000 2.0000 0.0000 65.3689 66.5689 25.1355 0.1455  3457.8902 0.0000 0.0000 0.0000 0.0000 3457.8902
2023 1 26 0 2.0000 132.3800 0.5000 2.0000 0.0000 65.3102 66.5102 25.1129 0.1453  3324.4491 0.0000 0.0000 0.0000 0.0000 3324.4491
2023 1 27 0 2.0000 154.0500 0.5000 2.0000 0.0000 65.2610 66.4610 25.0940 0.1452  3865.7340 0.0000 0.0000 0.0000 0.0000 3865.7340
2023 1 28 0 2.0000 116.8100 0.5000 2.0000 0.0000 65.1916 66.3916 25.0673 0.1451  2928.1143 0.0000 0.0000 0.0000 0.0000 2928.1143
2023 1 29 0 2.0000 102.3700 0.5000 2.0000 0.0000 65.1019 66.3019 25.0328 0.1449  2562.6119 0.0000 0.0000 0.0000 0.0000 2562.6119
2023 1 30 0 2.0000 90.0000 0.5000 2.0000 0.0000 65.0194 66.2194 25.0011 0.1447  2250.0993 0.0000 0.0000 0.0000 0.0000 2250.0993
2023 1 31 0 2.0000 105.1200 0.5000 2.0000 0.0000 64.9476 66.1476 24.9735 0.1445  2625.2136 0.0000 0.0000 0.0000 0.0000 2625.2136
2023 2 1 0 2.0000 103.8300 0.5000 2.0000 0.0000 64.8615 66.0615 24.9404 0.1443  2589.5598 0.0000 0.0000 0.0000 0.0000 2589.5598
2023 2 2 0 2.0000 145.2800 0.5000 2.0000 0.0000 64.7849 65.9849 24.9109 0.1442  3619.0608 0.0000 0.0000 0.0000 0.0000 3619.0608
2023 2 3 0 2.0000 113.1000 0.5000 2.0000 0.0000 64.7071 65.9071 24.8810 0.1440  2814.0448 0.0000 0.0000 0.0000 0.0000 2814.0448
2023 2 4 0 2.0000 138.8200 0.5000 2.0000 0.0000 64.5888 65.7888 24.8355 0.1437  3447.6709 0.0000 0.0000 0.0000 0.0000 3447.6709
2023 2 5 0 2.0000 122.8300 0.5000 2.0000 0.0000 64.4431 65.6431 24.7795 0.1434  3043.6685 0.0000 0.0000 0.0000 0.0000 3043.6685
2023 2 6 0 2.0000 161.3800 0.5000 2.0000 0.0000 64.2831 65.4831 24.7180 0.1430  3988.9899 0.0000 0.0000 0.0000 0.0000 3988.9899
2023 2 7 0 2.0000 132.4500 0.5000 2.0000 0.0000 64.1088 65.3088 24.6510 0.1427  3265.0205 0.0000 0.0000 0.0000 0.0000 3265.0205
2023 2 8 0 2.0000 120.3300 0.5000 2.0000 0.0000 63.9238 65.1238 24.5798 0.1422  2957.6892 0.0000 0.0000 0.0000 0.0000 2957.6892
2023 2 9 0 2.0000 98.3400 0.5000 2.0000 0.0000 63.7471 64.9471 24.5119 0.1419  2410.4974 0.0000 0.0000 0.0000 0.0000 2410.4974
2023 2 10 0 2.0000 97.5400 0.5000 2.0000 0.0000 63.5882 64.7882 24.4508 0.1415  2384.9314 0.0000 0.0000 0.0000 0.0000 2384.9314
2023 2 11 0 2.0000 94.6300 0.5000 2.0000 0.0000 63.4425 64.6425 24.3948 0.1412  2308.4777 0.0000 0.0000 0.0000 0.0000 2308.4777
2023 2 12 0 2.0000 111.6200 0.5000 2.0000 0.0000 63.3099 64.5099 24.3438 0.1409  2717.2540 0.0000 0.0000 0.0000 0.0000 2717.2540
2023 2 13 0 2.0000 115.7800 0.5000 2.0000 0.0000 63.1833 64.3833 24.2951 0.1406  2812.8863 0.0000 0.0000 0.0000 0.0000 2812.8863
2023 2 14 0 2.0000 140.8300 0.5000 2.0000 0.0000 63.0555 64.2555 24.2459 0.1403  3414.5565 0.0000 0.0000 0.0000 0.0000 3414.5565
2023 2 15 0 2.0000 122.5300 0.5000 2.0000 0.0000 62.9098 64.1098 24.1899 0.1400  2963.9906 0.0000 0.0000 0.0000 0.0000 2963.9906
2023 2 16 0 2.0000 120.9800 0.5000 2.0000 0.0000 62.7402 63.9402 24.1247 0.1396  2918.6092 0.0000 0.0000 0.0000 0.0000 2918.6092
2023 2 17 0 2.0000 92.1200 0.5000 2.0000 0.0000 62.5790 63.7790 24.0627 0.1393  2216.6596 0.0000 0.0000 0.0000 0.0000 2216.6596
2023 2 18 0 2.0000 97.8800 0.5000 2.0000 0.0000 62.4428 63.6428 24.0104 0.1389  2350.1358 0.0000 0.0000 0.0000 0.0000 2350.1358
2023 2 19 0 2.0000 107.6300 0.5000 2.0000 0.0000 62.3234 63.5234 23.9644 0.1387  2579.2920 0.0000 0.0000 0.0000 0.0000 2579.2920
2023 2 20 0 2.0000 77.5600 0.5000 2.0000 0.0000 62.2194 63.4194 23.9244 0.1385  1855.5802 0.0000 0.0000 0.0000 0.0000 1855.5802
2023 2 21 0 2.0000 106.7100 0.5000 2.0000 0.0000 62.1309 63.3309 23.8904 0.1383  2549.3468 0.0000 0.0000 0.0000 0.0000 2549.3468
2023 2 22 0 2.0000 118.3800 0.5000 2.0000 0.0000 62.0340 63.2340 23.8532 0.1380  2823.7399 0.0000 0.0000 0.0000 0.0000 2823.7399
2023 2 23 0 2.0000 116.1600 0.5000 2.0000 0.0000 61.9300 63.1300 23.8132 0.1378  2766.1412 0.0000 0.0000 0.0000 0.0000 2766.1412
2023 2 24 0 2.0000 103.8000 0.5000 2.0000 0.0000 61.8416 63.0416 23.7792 0.1376  2468.2780 0.0000 0.0000 0.0000 0.0000 2468.2780
2023 2 25 0 2.0000 97.6000 0.5000 2.0000 0.0000 61.7912 62.9912 23.7598 0.1375  2318.9573 0.0000 0.0000 0.0000 0.0000 2318.9573
2023 2 26 0 2.0000 111.9200 0.5000 2.0000 0.0000 61.8434 63.0434 23.7799 0.1376  2661.4421 0.0000 0.0000 0.0000 0.0000 2661.4421
2023 2 27 0 2.0000 124.5700 0.5000 2.0000 0.0000 62.0099 63.2099 23.8439 0.1380  2970.2363 0.0000 0.0000 0.0000 0.0000 2970.2363
2023 2 28 0 2.0000 124.0900 0.5000 2.0000 0.0000 62.1741 63.3741 23.9070 0.1384  2966.6256 0.0000 0.0000 0.0000 0.0000 2966.6256
2023 3 1 0 2.0000 130.8400 0.5000 2.0000 0.0000 62.2620 63.4620 23.9409 0.1385  3132.4210 0.0000 0.0000 0.0000 0.0000 3132.4210
2023 3 2 0 2.0000 120.4000 0.5000 2.0000 0.0000 62.2963 63.4963 23.9540 0.1386  2884.0653 0.0000 0.0000 0.0000 0.0000 2884.0653
2023 3 3 0 2.0000 115.5800 0.5000 2.0000 0.0000 62.2912 63.4912 23.9521 0.1386  2768.3820 0.0000 0.0000 0.0000 0.0000 2768.3820
2023 3 4 0 2.0000 112.2200 0.5000 2.0000 0.0000 62.2623 63.4623 23.9410 0.1385  2686.6560 0.0000 0.0000 0.0000 0.0000 2686.6560
2023 3 5 0 2.0000 129.9600 0.5000 2.0000 0.0000 62.2263 63.4263 23.9271 0.1385  3109.5675 0.0000 0.0000 0.0000 0.0000 3109.5675
2023 3 6 0 2.0000 153.1300 0.5000 2.0000 0.0000 62.1581 63.3581 23.9009 0.1383  3659.9410 0.0000 0.0000 0.0000 0.0000 3659.9410
2023 3 7 0 2.0000 116.0800 0.5000 2.0000 0.0000 62.0314 63.2314 23.8522 0.1380  2768.7611 0.0000 0.0000 0.0000 0.0000 2768.7611
2023 3 8 0 2.0000 150.8300 0.5000 2.0000 0.0000 61.8762 63.0762 23.7925 0.1377  3588.6208 0.0000 0.0000 0.0000 0.0000 3588.6208
2023 3 9 0 2.0000 138.5100 0.5000 2.0000 0.0000 61.7078 62.9078 23.7278 0.1373  3286.5307 0.0000 0.0000 0.0000 0.0000 3286.5307
2023 3 10 0 2.0000 127.3700 0.5000 2.0000 0.0000 61.5192 62.7192 23.6552 0.1369  3012.9661 0.0000 0.0000 0.0000 0.0000 3012.9661
2023 3 11 0 2.0000 110.5300 0.5000 2.0000 0.0000 61.3163 62.5163 23.5772 0.1364  2605.9877 0.0000 0.0000 0.0000 0.0000 2605.9877
2023 3 12 0 2.0000 106.8200 0.5000 2.0000 0.0000 61.1146 62.3146 23.4996 0.1360  2510.2306 0.0000 0.0000 0.0000 0.0000 2510.2306
2023 3 13 0 2.0000 94.6800 0.5000 2.0000 0.0000 60.9176 62.1176 23.4239 0.1356  2217.7745 0.0000 0.0000 0.0000 0.0000 2217.7745
2023 3 14 0 2.0000 102.8300 0.5000 2.0000 0.0000 60.7171 61.9171 23.3468 0.1351  2400.7501 0.0000 0.0000 0.0000 0.0000 2400.7501
2023 3 15 0 2.0000 121.6400 0.5000 2.0000 0.0000 60.5094 61.7094 23.2669 0.1346  2830.1890 0.0000 0.0000 0.0000 0.0000 2830.1890
2023 3 16 0 2.0000 112.8100 0.5000 2.0000 0.0000 60.2922 61.4922 23.1834 0.1342  2615.3194 0.0000 0.0000 0.0000 0.0000 2615.3194
2023 3 17 0 2.0000 104.1500 0.5000 2.0000 0.0000 60.0749 61.2749 23.0999 0.1337  2405.8520 0.0000 0.0000 0.0000 0.0000 2405.8520
2023 3 18 0 2.0000 109.0000 0.5000 2.0000 0.0000 59.8768 61.0768 23.0237 0.1332  2509.5814 0.0000 0.0000 0.0000 0.0000 2509.5814
2023 3 19 0 2.0000 110.0900 0.5000 2.0000 0.0000 59.6882 60.8882 22.9512 0.1328  2526.6926 0.0000 0.0000 0.0000 0.0000 2526.6926
2023 3 20 0 2.0000 116.7600 0.5000 2.0000 0.0000 59.5019 60.7019 22.8795 0.1324  2671.4158 0.0000 0.0000 0.0000 0.0000 2671.4158
2023 3 21 0 2.0000 111.3100 0.5000 2.0000 0.0000 59.3240 60.5240 22.8111 0.1320  2539.1084 0.0000 0.0000 0.0000 0.0000 2539.1084
2023 3 22 0 2.0000 92.3600 0.5000 2.0000 0.0000 59.1485 60.3485 22.7437 0.1316  2100.6044 0.0000 0.0000 0.0000 0.0000 2100.6044
2023 3 23 0 2.0000 86.1100 0.5000 2.0000 0.0000 58.9850 60.1850 22.6808 0.1313  1953.0400 0.0000 0.0000 0.0000 0.0000 1953.0400
2023 3 24 0 2.0000 83.8300 0.5000 2.0000 0.0000 58.8574 60.0574 22.6317 0.1310  1897.2177 0.0000 0.0000 0.0000 0.0000 1897.2177
2023 3 25 0 2.0000 73.3600 0.5000 2.0000 0.0000 58.7811 59.9811 22.6024 0.1308  1658.1088 0.0000 0.0000 0.0000 0.0000 1658.1088
2023 3 26 0 2.0000 92.4600 0.5000 2.0000 0.0000 58.7437 59.9437 22.5880 0.1307  2088.4851 0.0000 0.0000 0.0000 0.0000 2088.4851
2023 3 27 0 2.0000 100.9400 0.5000 2.0000 0.0000 58.7301 59.9301 22.5828 0.1307  2279.5052 0.0000 0.0000 0.0000 0.0000 2279.5052
2023 3 28 0 2.0000 123.8500 0.5000 2.0000 0.0000 58.7377 59.9377 22.5857 0.1307  2797.2390 0.0000 0.0000 0.0000 0.0000 2797.2390
2023 3 29 0 2.0000 127.0200 0.5000 2.0000 0.0000 58.7335 59.9335 22.5840 0.1307  2868.6259 0.0000 0.0000 0.0000 0.0000 2868.6259
2023 3 30 0 2.0000 103.7800 0.5000 2.0000 0.0000 58.6987 59.8987 22.5707 0.1306  2342.3870 0.0000 0.0000 0.0000 0.0000 2342.3870
2023 3 31 0 2.0000 111.8200 0.5000 2.0000 0.0000 58.8359 60.0359 22.6234 0.1309  2529.7530 0.0000 0.0000 0.0000 0.0000 2529.7530
2023 4 1 0 2.0000 97.9300 0.5000 2.0000 0.0000 59.6999 60.8999 22.9557 0.1328  2248.0469 0.0000 0.0000 0.0000 0.0000 2248.0469
2023 4 2 0 2.0000 105.1000 0.5000 2.0000 0.0000 61.0429 62.2429 23.4721 0.1358  2466.9135 0.0000 0.0000 0.0000 0.0000 2466.9135
2023 4 3 0 2.0000 126.4800 0.5000 2.0000 0.0000 62.0354 63.2354 23.8537 0.1380  3017.0192 0.0000 0.0000 0.0000 0.0000 3017.0192
2023 4 4 0 2.0000 133.1300 0.5000 2.0000 0.0000 62.5501 63.7501 24.0516 0.1392  3201.9903 0.0000 0.0000 0.0000 0.0000 3201.9903
2023 4 5 0 2.0000 130.9100 0.5000 2.0000 0.0000 62.8048 64.0048 24.1496 0.1398  3161.4206 0.0000 0.0000 0.0000 0.0000 3161.4206
2023 4 6 0 2.0000 125.8900 0.5000 2.0000 0.0000 62.9643 64.1643 24.2109 0.1401  3047.9069 0.0000 0.0000 0.0000 0.0000 3047.9069
2023 4 7 0 2.0000 117.9200 0.5000 2.0000 0.0000 63.0510 64.2510 24.2442 0.1403  2858.8782 0.0000 0.0000 0.0000 0.0000 2858.8782
2023 4 8 0 2.0000 120.6500 0.5000 2.0000 0.0000 63.0710 64.2710 24.2519 0.1403  2925.9914 0.0000 0.0000 0.0000 0.0000 2925.9914
2023 4 9 0 2.0000 110.2100 0.5000 2.0000 0.0000 63.0480 64.2480 24.2431 0.1403  2671.8295 0.0000 0.0000 0.0000 0.0000 2671.8295
2023 4 10 0 2.0000 54.3700 0.5000 2.0000 0.0000 63.0108 64.2108 24.2288 0.1402  1317.3175 0.0000 0.0000 0.0000 0.0000 1317.3175
2023 4 11 0 2.0000 84.4600 0.5000 2.0000 0.0000 63.2310 64.4310 24.3134 0.1407  2053.5125 0.0000 0.0000 0.0000 0.0000 2053.5125
2023 4 12 0 2.0000 111.9800 0.5000 2.0000 0.0000 63.6586 64.8586 24.4779 0.1417  2741.0303 0.0000 0.0000 0.0000 0.0000 2741.0303
2023 4 13 0 2.0000 107.2100 0.5000 2.0000 0.0000 64.0397 65.2397 24.6244 0.1425  2639.9823 0.0000 0.0000 0.0000 0.0000 2639.9823
2023 4 14 0 2.0000 118.9300 0.5000 2.0000 0.0000 64.4709 65.6709 24.7902 0.1435  2948.2987 0.0000 0.0000 0.0000 0.0000 2948.2987
2023 4 15 0 2.0000 111.6600 0.5000 2.0000 0.0000 64.9355 66.1355 24.9688 0.1445  2788.0199 0.0000 0.0000 0.0000 0.0000 2788.0199
2023 4 16 0 2.0000 115.1500 0.5000 2.0000 0.0000 65.3833 66.5833 25.1410 0.1455  2894.9915 0.0000 0.0000 0.0000 0.0000 2894.9915
2023 4 17 0 2.0000 125.4800 0.5000 2.0000 0.0000 65.7036 66.9036 25.2642 0.1462  3170.1529 0.0000 0.0000 0.0000 0.0000 3170.1529
2023 4 18 0 2.0000 114.7600 0.5000 2.0000 0.0000 65.8000 67.0000 25.3013 0.1464  2903.5730 0.0000 0.0000 0.0000 0.0000 2903.5730
2023 4 19 0 2.0000 108.7500 0.5000 2.0000 0.0000 65.8000 67.0000 25.3013 0.1464  2751.5124 0.0000 0.0000 0.0000 0.0000 2751.5124
2023 4 20 0 2.0000 111.1600 0.5000 2.0000 0.0000 65.8000 67.0000 25.3013 0.1464  2812.4885 0.0000 0.0000 0.0000 0.0000 2812.4885
2023 4 21 0 2.0000 107.9900 0.5000 2.0000 0.0000 65.8000 67.0000 25.3013 0.1464  2732.2834 0.0000 0.0000 0.0000 0.0000 2732.2834
2023 4 22 0 2.0000 98.4000 0.5000 2.0000 0.0000 65.8000 67.0000 25.3013 0.1464  2489.6443 0.0000 0.0000 0.0000 0.0000 2489.6443
2023 4 23 0 2.0000 97.8600 0.5000 2.0000 0.0000 65.8000 67.0000 25.3013 0.1464  2475.9816 0.0000 0.0000 0.0000 0.0000 2475.9816
2023 4 24 0 2.0000 116.5300 0.5000 2.0000 0.0000 65.8000 67.0000 25.3013 0.1464  2948.3562 0.0000 0.0000 0.0000 0.0000 2948.3562
2023 4 25 0 2.0000 104.4700 0.5000 2.0000 0.0000 65.8000 67.0000 25.3013 0.1464  2643.2230 0.0000 0.0000 0.0000 0.0000 2643.2230
2023 4 26 0 2.0000 114.3700 0.5000 2.0000 0.0000 65.8000 67.0000 25.3013 0.1464  2893.7055 0.0000 0.0000 0.0000 0.0000 2893.7055
2023 4 27 0 2.0000 123.3800 0.5000 2.0000 0.0000 65.8000 67.0000 25.3013 0.1464  3121.6698 0.0000 0.0000 0.0000 0.0000 3121.6698
2023 4 28 0 2.0000 121.7100 0.5000 2.0000 0.0000 65.8000 67.0000 25.3013 0.1464  3079.4167 0.0000 0.0000 0.0000 0.0000 3079.4167
2023 4 29 0 2.0000 112.7000 0.5000 2.0000 0.0000 65.8000 67.0000 25.3013 0.1464  2851.4523 0.0000 0.0000 0.0000 0.0000 2851.4523
2023 4 30 0 2.0000 99.7900 0.5000 2.0000 0.0000 65.8000 67.0000 25.3013 0.1464  2524.8131 0.0000 0.0000 0.0000 0.0000 2524.8131
2023 5 1 0 2.0000 106.3400 0.5000 2.0000 0.0000 65.8000 67.0000 25.3013 0.1464  2690.5362 0.0000 0.0000 0.0000 0.0000 2690.5362
2023 5 2 0 2.0000 121.7900 0.5000 2.0000 0.0000 65.8000 67.0000 25.3013 0.1464  3081.4409 0.0000 0.0000 0.0000 0.0000 3081.4409
2023 5 3 0 2.0000 118.1800 0.5000 2.0000 0.0000 65.8000 67.0000 25.3013 0.1464  2990.1033 0.0000 0.0000 0.0000 0.0000 2990.1033
2023 5 4 0 2.0000 112.1600 0.5000 2.0000 0.0000 65.8000 67.0000 25.3013 0.1464  2837.7898 0.0000 0.0000 0.0000 0.0000 2837.7898
2023 5 5 0 2.0000 97.5700 0.5000 2.0000 0.0000 65.8000 67.0000 25.3013 0.1464  2468.6442 0.0000 0.0000 0.0000 0.0000 2468.6442
2023 5 6 0 2.0000 94.9300 0.5000 2.0000 0.0000 65.8000 67.0000 25.3013 0.1464  2401.8489 0.0000 0.0000 0.0000 0.0000 2401.8489
2023 5 7 0 2.0000 88.0500 0.5000 2.0000 0.0000 65.8000 67.0000 25.3013 0.1464  2227.7763 0.0000 0.0000 0.0000 0.0000 2227.7763
2023 5 8 0 2.0000 102.0400 0.5000 2.0000 0.0000 65.8000 67.0000 25.3013 0.1464  2581.7409 0.0000 0.0000 0.0000 0.0000 2581.7409
2023 5 9 0 2.0000 96.1600 0.5000 2.0000 0.0000 65.8000 67.0000 25.3013 0.1464  2432.9696 0.0000 0.0000 0.0000 0.0000 2432.9696
2023 5 10 0 2.0000 94.0200 0.5000 2.0000 0.0000 65.8000 67.0000 25.3013 0.1464  2378.8247 0.0000 0.0000 0.0000 0.0000 2378.8247
2023 5 11 0 2.0000 101.3600 0.5000 2.0000 0.0000 65.8000 67.0000 25.3013 0.1464  2564.5360 0.0000 0.0000 0.0000 0.0000 2564.5360
2023 5 12 0 2.0000 91.5000 0.5000 2.0000 0.0000 65.8000 67.0000 25.3013 0.1464  2315.0656 0.0000 0.0000 0.0000 0.0000 2315.0656
2023 5 13 0 2.0000 74.6100 0.5000 2.0000 0.0000 65.8000 67.0000 25.3013 0.1464  1887.7273 0.0000 0.0000 0.0000 0.0000 1887.7273
2023 5 14 0 2.0000 72.7500 0.5000 2.0000 0.0000 65.8000 67.0000 25.3013 0.1464  1840.6669 0.0000 0.0000 0.0000 0.0000 1840.6669
2023 5 15 0 2.0000 94.8900 0.5000 2.0000 0.0000 65.8000 67.0000 25.3013 0.1464  2400.8368 0.0000 0.0000 0.0000 0.0000 2400.8368
2023 5 16 0 2.0000 63.0700 0.5000 2.0000 0.0000 65.8000 67.0000 25.3013 0.1464  1595.7507 0.0000 0.0000 0.0000 0.0000 1595.7507
2023 5 17 0 2.0000 54.3000 0.5000 2.0000 0.0000 65.8000 67.0000 25.3013 0.1464  1373.8586 0.0000 0.0000 0.0000 0.0000 1373.8586
2023 5 18 0 2.0000 88.1100 0.5000 2.0000 0.0000 65.8000 67.0000 25.3013 0.1464  2229.2943 0.0000 0.0000 0.0000 0.0000 2229.2943
2023 5 19 0 2.0000 92.9400 0.5000 2.0000 0.0000 65.8000 67.0000 25.3013 0.1464  2351.4995 0.0000 0.0000 0.0000 0.0000 2351.4995
2023 5 20 0 2.0000 52.6300 0.5000 2.0000 0.0000 65.8000 67.0000 25.3013 0.1464  1331.6055 0.0000 0.0000 0.0000 0.0000 1331.6055
2023 5 21 0 2.0000 37.1300 0.5000 2.0000 0.0000 65.8000 67.0000 25.3013 0.1464  939.4359 0.0000 0.0000 0.0000 0.0000 939.4359
2023 5 22 0 2.0000 84.4700 0.5000 2.0000 0.0000 65.8000 67.0000 25.3013 0.1464  2137.1977 0.0000 0.0000 0.0000 0.0000 2137.1977
2023 5 23 0 2.0000 63.0000 0.5000 2.0000 0.0000 65.8000 67.0000 25.3013 0.1464  1593.9796 0.0000 0.0000 0.0000 0.0000 1593.9796
2023 5 24 0 2.0000 82.4800 0.5000 2.0000 0.0000 65.8000 67.0000 25.3013 0.1464  2086.8483 0.0000 0.0000 0.0000 0.0000 2086.8483
2023 5 25 0 2.0000 57.6600 0.5000 2.0000 0.0000 65.8000 67.0000 25.3013 0.1464  1458.8708 0.0000 0.0000 0.0000 0.0000 1458.8708
2023 5 26 0 2.0000 61.9200 0.5000 2.0000 0.0000 65.8000 67.0000 25.3013 0.1464  1566.6542 0.0000 0.0000 0.0000 0.0000 1566.6542
2023 5 27 0 2.0000 61.7400 0.5000 2.0000 0.0000 65.8000 67.0000 25.3013 0.1464  1562.1000 0.0000 0.0000 0.0000 0.0000 1562.1000
2023 5 28 0 2.0000 48.1500 0.5000 2.0000 0.0000 65.8000 67.0000 25.3013 0.1464  1218.2559 0.0000 0.0000 0.0000 0.0000 1218.2559
2023 5 29 0 2.0000 41.9900 0.5000 2.0000 0.0000 65.8000 67.0000 25.3013 0.1464  1062.4001 0.0000 0.0000 0.0000 0.0000 1062.4001
2023 5 30 0 2.0000 85.7800 0.5000 2.0000 0.0000 65.8000 67.0000 25.3013 0.1464  2170.3423 0.0000 0.0000 0.0000 0.0000 2170.3423
2023 5 31 0 2.0000 60.1500 0.5000 2.0000 0.0000 65.8000 67.0000 25.3013 0.1464  1521.8710 0.0000 0.0000 0.0000 0.0000 1521.8710
2023 6 1 0 2.0000 67.1300 0.5000 2.0000 0.0000 65.8000 67.0000 25.3013 0.1464  1698.4737 0.0000 0.0000 0.0000 0.0000 1698.4737
2023 6 2 0 2.0000 80.9600 0.5000 2.0000 0.0000 65.8000 67.0000 25.3013 0.1464  2048.3902 0.0000 0.0000 0.0000 0.0000 2048.3902
2023 6 3 0 2.0000 62.3200 0.5000 2.0000 0.0000 65.8000 67.0000 25.3013 0.1464  1576.7747 0.0000 0.0000 0.0000 0.0000 1576.7747
2023 6 4 0 2.0000 61.2100 0.5000 2.0000 0.0000 65.8000 67.0000 25.3013 0.1464  1548.6903 0.0000 0.0000 0.0000 0.0000 1548.6903
2023 6 5 0 2.0000 87.8500 0.5000 2.0000 0.0000 65.8000 67.0000 25.3013 0.1464  2222.7159 0.0000 0.0000 0.0000 0.0000 2222.7159
2023 6 6 0 2.0000 90.1800 0.5000 2.0000 0.0000 65.8000 67.0000 25.3013 0.1464  2281.6679 0.0000 0.0000 0.0000 0.0000 2281.6679
2023 6 7 0 2.0000 96.7800 0.5000 2.0000 0.0000 65.8000 67.0000 25.3013 0.1464  2448.6562 0.0000 0.0000 0.0000 0.0000 2448.6562
2023 6 8 0 2.0000 89.0900 0.5000 2.0000 0.0000 65.8000 67.0000 25.3013 0.1464  2254.0894 0.0000 0.0000 0.0000 0.0000 2254.0894
2023 6 9 0 2.0000 88.9200 0.5000 2.0000 0.0000 65.8000 67.0000 25.3013 0.1464  2249.7883 0.0000 0.0000 0.0000 0.0000 2249.7883
2023 6 10 0 2.0000 61.8300 0.5000 2.0000 0.0000 65.7485 66.9485 25.2814 0.1463  1563.1519 0.0000 0.0000 0.0000 0.0000 1563.1519
2023 6 11 0 2.0000 47.6500 0.5000 2.0000 0.0000 65.6110 66.8110 25.2286 0.1460  1202.1416 0.0000 0.0000 0.0000 0.0000 1202.1416
2023 6 12 0 2.0000 88.7900 0.5000 2.0000 0.0000 65.4271 66.6271 25.1579 0.1456  2233.7683 0.0000 0.0000 0.0000 0.0000 2233.7683
2023 6 13 0 2.0000 99.0700 0.5000 2.0000 0.0000 65.2218 66.4218 25.0789 0.1451  2484.5704 0.0000 0.0000 0.0000 0.0000 2484.5704
2023 6 14 0 2.0000 105.6600 0.5000 2.0000 0.0000 64.9962 66.1962 24.9922 0.1446  2640.6763 0.0000 0.0000 0.0000 0.0000 2640.6763
2023 6 15 0 2.0000 116.5000 0.5000 2.0000 0.0000 64.7540 65.9540 24.8991 0.1441  2900.7397 0.0000 0.0000 0.0000 0.0000 2900.7397
2023 6 16 0 2.0000 123.1200 0.5000 2.0000 0.0000 64.5022 65.7022 24.8022 0.1435  3053.6514 0.0000 0.0000 0.0000 0.0000 3053.6514
2023 6 17 0 2.0000 107.5100 0.5000 2.0000 0.0000 64.2421 65.4421 24.7022 0.1430  2655.7347 0.0000 0.0000 0.0000 0.0000 2655.7347
2023 6 18 0 2.0000 102.7200 0.5000 2.0000 0.0000 63.9748 65.1748 24.5994 0.1424  2526.8540 0.0000 0.0000 0.0000 0.0000 2526.8540
2023 6 19 0 2.0000 116.7200 0.5000 2.0000 0.0000 63.7063 64.9063 24.4962 0.1418  2859.1967 0.0000 0.0000 0.0000 0.0000 2859.1967
2023 6 20 0 2.0000 131.3100 0.5000 2.0000 0.0000 63.4438 64.6438 24.3953 0.1412  3203.3415 0.0000 0.0000 0.0000 0.0000 3203.3415
2023 6 21 0 2.0000 131.9100 0.5000 2.0000 0.0000 63.2111 64.4111 24.3058 0.1407  3206.1749 0.0000 0.0000 0.0000 0.0000 3206.1749
2023 6 22 0 2.0000 129.3300 0.5000 2.0000 0.0000 63.1619 64.3619 24.2869 0.1405  3141.0212 0.0000 0.0000 0.0000 0.0000 3141.0212
2023 6 23 0 2.0000 112.7300 0.5000 2.0000 0.0000 63.2081 64.4081 24.3046 0.1407  2739.8615 0.0000 0.0000 0.0000 0.0000 2739.8615
2023 6 24 0 2.0000 91.6000 0.5000 2.0000 0.0000 63.1399 64.3399 24.2784 0.1405  2223.9012 0.0000 0.0000 0.0000 0.0000 2223.9012
2023 6 25 0 2.0000 78.9200 0.5000 2.0000 0.0000 62.9870 64.1870 24.2196 0.1402  1911.4124 0.0000 0.0000 0.0000 0.0000 1911.4124
2023 6 26 0 2.0000 97.3600 0.5000 2.0000 0.0000 62.7841 63.9841 24.1416 0.1397  2350.4256 0.0000 0.0000 0.0000 0.0000 2350.4256
2023 6 27 0 2.0000 97.1000 0.5000 2.0000 0.0000 62.5597 63.7597 24.0553 0.1392  2335.7714 0.0000 0.0000 0.0000 0.0000 2335.7714
2023 6 28 0 2.0000 110.3800 0.5000 2.0000 0.0000 62.3318 63.5318 23.9677 0.1387  2645.5511 0.0000 0.0000 0.0000 0.0000 2645.5511
2023 6 29 0 2.0000 115.5800 0.5000 2.0000 0.0000 62.1014 63.3014 23.8791 0.1382  2759.9464 0.0000 0.0000 0.0000 0.0000 2759.9464
2023 6 30 0 2.0000 106.1600 0.5000 2.0000 0.0000 61.8675 63.0675 23.7892 0.1377  2525.4570 0.0000 0.0000 0.0000 0.0000 2525.4570
2023 7 1 0 2.0000 61.0800 0.5000 2.0000 0.0000 61.6265 62.8265 23.6965 0.1371  1447.3801 0.0000 0.0000 0.0000 0.0000 1447.3801
2023 7 2 0 2.0000 15.9100 0.5000 2.0000 0.0000 61.3783 62.5783 23.6010 0.1366  375.4923 0.0000 0.0000 0.0000 0.0000 375.4923
2023 7 3 0 2.0000 50.3200 0.5000 2.0000 0.0000 61.1300 62.3300 23.5056 0.1360  1182.8008 0.0000 0.0000 0.0000 0.0000 1182.8008
2023 7 4 0 2.0000 83.2500 0.5000 2.0000 0.0000 60.8937 62.0937 23.4147 0.1355  1949.2756 0.0000 0.0000 0.0000 0.0000 1949.2756
2023 7 5 0 2.0000 80.5300 0.5000 2.0000 0.0000 60.6682 61.8682 23.3280 0.1350  1878.6028 0.0000 0.0000 0.0000 0.0000 1878.6028
2023 7 6 0 2.0000 96.7500 0.5000 2.0000 0.0000 60.4521 61.6521 23.2449 0.1345  2248.9460 0.0000 0.0000 0.0000 0.0000 2248.9460
2023 7 7 0 2.0000 101.0400 0.5000 2.0000 0.0000 60.2766 61.4766 23.1774 0.1341  2341.8480 0.0000 0.0000 0.0000 0.0000 2341.8480
2023 7 8 0 2.0000 87.4600 0.5000 2.0000 0.0000 60.2096 61.4096 23.1517 0.1340  2024.8439 0.0000 0.0000 0.0000 0.0000 2024.8439
2023 7 9 0 2.0000 94.0500 0.5000 2.0000 0.0000 60.2343 61.4343 23.1612 0.1340  2178.3080 0.0000 0.0000 0.0000 0.0000 2178.3080
2023 7 10 0 2.0000 98.2100 0.5000 2.0000 0.0000 60.2484 61.4484 23.1666 0.1341  2275.1874 0.0000 0.0000 0.0000 0.0000 2275.1874
2023 7 11 0 2.0000 89.8900 0.5000 2.0000 0.0000 60.2206 61.4206 23.1559 0.1340  2081.4840 0.0000 0.0000 0.0000 0.0000 2081.4840
2023 7 12 0 2.0000 76.6900 0.5000 2.0000 0.0000 60.2025 61.4025 23.1489 0.1340  1775.2903 0.0000 0.0000 0.0000 0.0000 1775.2903
2023 7 13 0 2.0000 83.4900 0.5000 2.0000 0.0000 60.1831 61.3831 23.1415 0.1339  1932.0812 0.0000 0.0000 0.0000 0.0000 1932.0812
2023 7 14 0 2.0000 85.4800 0.5000 2.0000 0.0000 60.1065 61.3065 23.1120 0.1338  1975.6159 0.0000 0.0000 0.0000 0.0000 1975.6159
2023 7 15 0 2.0000 33.3300 0.5000 2.0000 0.0000 60.0216 61.2216 23.0794 0.1336  769.2355 0.0000 0.0000 0.0000 0.0000 769.2355
2023 7 16 0 2.0000 17.8600 0.5000 2.0000 0.0000 60.0893 61.2893 23.1054 0.1337  412.6622 0.0000 0.0000 0.0000 0.0000 412.6622
2023 7 17 0 2.0000 30.5600 0.5000 2.0000 0.0000 60.4060 61.6060 23.2272 0.1344  709.8227 0.0000 0.0000 0.0000 0.0000 709.8227
2023 7 18 0 2.0000 64.7000 0.5000 2.0000 0.0000 60.7824 61.9824 23.3719 0.1353  1512.1617 0.0000 0.0000 0.0000 0.0000 1512.1617
2023 7 19 0 2.0000 77.7600 0.5000 2.0000 0.0000 61.0240 62.2240 23.4648 0.1358  1824.6247 0.0000 0.0000 0.0000 0.0000 1824.6247
2023 7 20 0 2.0000 64.6700 0.5000 2.0000 0.0000 61.1418 62.3418 23.5101 0.1361  1520.3971 0.0000 0.0000 0.0000 0.0000 1520.3971
2023 7 21 0 2.0000 83.1300 0.5000 2.0000 0.0000 61.1796 62.3796 23.5246 0.1361  1955.6031 0.0000 0.0000 0.0000 0.0000 1955.6031
2023 7 22 0 2.0000 75.6300 0.5000 2.0000 0.0000 61.1614 62.3614 23.5177 0.1361  1778.6398 0.0000 0.0000 0.0000 0.0000 1778.6398
2023 7 23 0 2.0000 33.2000 0.5000 2.0000 0.0000 61.1158 62.3158 23.5001 0.1360  780.2041 0.0000 0.0000 0.0000 0.0000 780.2041
2023 7 24 0 2.0000 69.9000 0.5000 2.0000 0.0000 61.0476 62.2476 23.4739 0.1358  1640.8246 0.0000 0.0000 0.0000 0.0000 1640.8246
2023 7 25 0 2.0000 60.2500 0.5000 2.0000 0.0000 60.9412 62.1412 23.4330 0.1356  1411.8372 0.0000 0.0000 0.0000 0.0000 1411.8372
2023 7 26 0 2.0000 69.5200 0.5000 2.0000 0.0000 60.8039 62.0039 23.3802 0.1353  1625.3889 0.0000 0.0000 0.0000 0.0000 1625.3889
2023 7 27 0 2.0000 87.3400 0.5000 2.0000 0.0000 60.6451 61.8451 23.3191 0.1349  2036.6897 0.0000 0.0000 0.0000 0.0000 2036.6897
2023 7 28 0 2.0000 86.7600 0.5000 2.0000 0.0000 60.4672 61.6672 23.2507 0.1346  2017.2303 0.0000 0.0000 0.0000 0.0000 2017.2303
2023 7 29 0 2.0000 74.6100 0.5000 2.0000 0.0000 60.2774 61.4774 23.1777 0.1341  1729.2889 0.0000 0.0000 0.0000 0.0000 1729.2889
2023 7 30 0 2.0000 39.5200 0.5000 2.0000 0.0000 60.1030 61.3030 23.1107 0.1337  913.3342 0.0000 0.0000 0.0000 0.0000 913.3342
2023 7 31 0 2.0000 69.3300 0.5000 2.0000 0.0000 60.0741 61.2741 23.0996 0.1337  1601.4933 0.0000 0.0000 0.0000 0.0000 1601.4933
2023 8 1 0 2.0000 73.8700 0.5000 2.0000 0.0000 60.1168 61.3168 23.1160 0.1338  1707.5758 0.0000 0.0000 0.0000 0.0000 1707.5758
2023 8 2 0 2.0000 64.7500 0.5000 2.0000 0.0000 60.0461 61.2461 23.0888 0.1336  1495.0001 0.0000 0.0000 0.0000 0.0000 1495.0001
2023 8 3 0 2.0000 43.5500 0.5000 2.0000 0.0000 59.8909 61.0909 23.0291 0.1333  1002.9177 0.0000 0.0000 0.0000 0.0000 1002.9177
2023 8 4 0 2.0000 62.1300 0.5000 2.0000 0.0000 59.6963 60.8963 22.9543 0.1328  1426.1502 0.0000 0.0000 0.0000 0.0000 1426.1502
2023 8 5 0 2.0000 76.9400 0.5000 2.0000 0.0000 59.4851 60.6851 22.8731 0.1324  1759.8531 0.0000 0.0000 0.0000 0.0000 1759.8531
2023 8 6 0 2.0000 57.5500 0.5000 2.0000 0.0000 59.2631 60.4631 22.7877 0.1319  1311.4321 0.0000 0.0000 0.0000 0.0000 1311.4321
2023 8 7 0 2.0000 16.8300 0.5000 2.0000 0.0000 59.0268 60.2268 22.6968 0.1313  381.9878 0.0000 0.0000 0.0000 0.0000 381.9878
2023 8 8 0 2.0000 0.0400 0.5000 2.0000 0.0000 58.8485 60.0485 22.6283 0.1310  0.9051 0.0000 0.0000 0.0000 0.0000 0.9051
2023 8 9 0 2.0000 14.7000 0.5000 2.0000 0.0000 58.7997 59.9997 22.6095 0.1308  332.3600 0.0000 0.0000 0.0000 0.0000 332.3600
2023 8 10 0 2.0000 51.2900 0.5000 2.0000 0.0000 58.8047 60.0047 22.6114 0.1309  1159.7404 0.0000 0.0000 0.0000 0.0000 1159.7404
2023 8 11 0 2.0000 72.3800 0.5000 2.0000 0.0000 58.8362 60.0362 22.6236 0.1309  1637.4927 0.0000 0.0000 0.0000 0.0000 1637.4927
2023 8 12 0 2.0000 69.7000 0.5000 2.0000 0.0000 58.8517 60.0517 22.6295 0.1310  1577.2784 0.0000 0.0000 0.0000 0.0000 1577.2784
2023 8 13 0 2.0000 63.1900 0.5000 2.0000 0.0000 58.7693 59.9693 22.5978 0.1308  1427.9569 0.0000 0.0000 0.0000 0.0000 1427.9569
2023 8 14 0 2.0000 85.9500 0.5000 2.0000 0.0000 58.6261 59.8261 22.5428 0.1305  1937.5504 0.0000 0.0000 0.0000 0.0000 1937.5504
2023 8 15 0 2.0000 82.7300 0.5000 2.0000 0.0000 58.5821 59.7821 22.5258 0.1304  1863.5636 0.0000 0.0000 0.0000 0.0000 1863.5636
2023 8 16 0 2.0000 93.5300 0.5000 2.0000 0.0000 58.6982 59.8982 22.5705 0.1306  2111.0182 0.0000 0.0000 0.0000 0.0000 2111.0182
2023 8 17 0 2.0000 92.9900 0.5000 2.0000 0.0000 58.8090 60.0090 22.6131 0.1309  2102.7924 0.0000 0.0000 0.0000 0.0000 2102.7924
2023 8 18 0 2.0000 84.3900 0.5000 2.0000 0.0000 58.8285 60.0285 22.6206 0.1309  1908.9532 0.0000 0.0000 0.0000 0.0000 1908.9532
2023 8 19 0 2.0000 48.8800 0.5000 2.0000 0.0000 58.7912 59.9912 22.6062 0.1308  1104.9930 0.0000 0.0000 0.0000 0.0000 1104.9930
2023 8 20 0 2.0000 75.6000 0.5000 2.0000 0.0000 58.8460 60.0460 22.6273 0.1309  1710.6260 0.0000 0.0000 0.0000 0.0000 1710.6260
2023 8 21 0 2.0000 88.4800 0.5000 2.0000 0.0000 58.9488 60.1488 22.6668 0.1312  2005.5629 0.0000 0.0000 0.0000 0.0000 2005.5629
2023 8 22 0 2.0000 92.0800 0.5000 2.0000 0.0000 58.9533 60.1533 22.6686 0.1312  2087.3219 0.0000 0.0000 0.0000 0.0000 2087.3219
2023 8 23 0 2.0000 99.5400 0.5000 2.0000 0.0000 58.8988 60.0988 22.6476 0.1311  2254.3444 0.0000 0.0000 0.0000 0.0000 2254.3444
2023 8 24 0 2.0000 99.6900 0.5000 2.0000 0.0000 58.7935 59.9935 22.6071 0.1308  2253.7059 0.0000 0.0000 0.0000 0.0000 2253.7059
2023 8 25 0 2.0000 93.1800 0.5000 2.0000 0.0000 58.6953 59.8953 22.5694 0.1306  2103.0139 0.0000 0.0000 0.0000 0.0000 2103.0139
2023 8 26 0 2.0000 87.9600 0.5000 2.0000 0.0000 58.7214 59.9214 22.5794 0.1307  1986.0857 0.0000 0.0000 0.0000 0.0000 1986.0857
2023 8 27 0 2.0000 89.4800 0.5000 2.0000 0.0000 58.8422 60.0422 22.6259 0.1309  2024.5641 0.0000 0.0000 0.0000 0.0000 2024.5641
2023 8 28 0 2.0000 91.8000 0.5000 2.0000 0.0000 58.9169 60.1169 22.6546 0.1311  2079.6927 0.0000 0.0000 0.0000 0.0000 2079.6927
2023 8 29 0 2.0000 95.0600 0.5000 2.0000 0.0000 58.9035 60.1035 22.6494 0.1311  2153.0566 0.0000 0.0000 0.0000 0.0000 2153.0566
2023 8 30 0 2.0000 99.5900 0.5000 2.0000 0.0000 58.8308 60.0308 22.6215 0.1309  2252.8748 0.0000 0.0000 0.0000 0.0000 2252.8748
2023 8 31 0 2.0000 97.2200 0.5000 2.0000 0.0000 58.7132 59.9132 22.5763 0.1306  2194.8632 0.0000 0.0000 0.0000 0.0000 2194.8632
