RESERVOIR node 0 SYN_RHO1_R0P5
reservoir_init_fr= 0.70000  masl=749.844
Filling at HRW [Mm3] = 5.00000
Filling at LRW [Mm3] = 0.50000
Active reservoir capacity [Mm3] = 4.50000
yyyy mm dd hh [m3/s] [Euro/MWh] [fr] [m3/s] [Mm3] [masl] [fr] [Euro]         [m3/s]     [m3/s]    [m3/s]   [m3/s]    [m3/s] 
yyyy mm dd hh Inflow Price Action Up_Inflow Res_Mm3 Res_masl Res_fr lrw_cost tunnelflow hatchflow overflow auto_qmin tot_outflow
2022 9 1 0 0.4663 564.8800 0.0000 0.0000 3.5175 753.9297 0.6706 0.0000 2.0000 0.0000 0.0000 0.0000 2.0000 
2022 9 2 0 0.4130 425.8500 0.0000 0.0000 3.3804 753.6457 0.6401 0.0000 2.0000 0.0000 0.0000 0.0000 2.0000 
2022 9 3 0 0.3730 383.9200 0.0000 0.0000 3.2398 753.3546 0.6088 0.0000 2.0000 0.0000 0.0000 0.0000 2.0000 
2022 9 4 0 0.4263 310.1000 0.0000 0.0000 3.1038 753.0730 0.5786 0.0000 2.0000 0.0000 0.0000 0.0000 2.0000 
2022 9 5 0 0.5063 388.8400 0.0000 0.0000 2.9748 752.8057 0.5499 0.0000 2.0000 0.0000 0.0000 0.0000 2.0000 
2022 9 6 0 0.6128 414.3500 0.0000 0.0000 2.8549 752.5575 0.5233 0.0000 2.0000 0.0000 0.0000 0.0000 2.0000 
2022 9 7 0 0.6262 451.5300 0.0000 0.0000 2.7362 752.3117 0.4969 0.0000 2.0000 0.0000 0.0000 0.0000 2.0000 
2022 9 8 0 0.5595 426.5600 0.0000 0.0000 2.6118 752.0540 0.4693 0.0000 2.0000 0.0000 0.0000 0.0000 2.0000 
2022 9 9 0 0.5063 352.9300 0.0000 0.0000 2.4827 751.7867 0.4406 0.0000 2.0000 0.0000 0.0000 0.0000 2.0000 
2022 9 10 0 0.5329 410.9400 0.0000 0.0000 2.3559 751.5242 0.4124 0.0000 2.0000 0.0000 0.0000 0.0000 2.0000 
2022 9 11 0 0.6395 400.0100 0.0000 0.0000 2.2384 751.2807 0.3863 0.0000 2.0000 0.0000 0.0000 0.0000 2.0000 
2022 9 12 0 0.9326 407.9500 0.0000 0.0000 2.1462 751.0897 0.3658 0.0000 2.0000 0.0000 0.0000 0.0000 2.0000 
2022 9 13 0 2.5313 382.5800 0.0000 0.0000 2.1921 751.1848 0.3760 0.0000 2.0000 0.0000 0.0000 0.0000 2.0000 
2022 9 14 0 1.7985 425.5000 0.0000 0.0000 2.1747 751.1487 0.3721 0.0000 2.0000 0.0000 0.0000 0.0000 2.0000 
2022 9 15 0 1.4921 355.8200 0.0000 0.0000 2.1308 751.0578 0.3624 0.0000 2.0000 0.0000 0.0000 0.0000 2.0000 
2022 9 16 0 1.2257 329.3900 0.0000 0.0000 2.0639 750.9193 0.3475 0.0000 2.0000 0.0000 0.0000 0.0000 2.0000 
2022 9 17 0 1.0125 246.9600 0.0000 0.0000 1.9786 750.7426 0.3286 0.0000 2.0000 0.0000 0.0000 0.0000 2.0000 
2022 9 18 0 0.8127 117.5900 0.0000 0.0000 1.8760 750.5301 0.3058 0.0000 2.0000 0.0000 0.0000 0.0000 2.0000 
2022 9 19 0 0.6794 288.3300 0.0000 0.0000 1.7619 750.2938 0.2804 0.0000 2.0000 0.0000 0.0000 0.0000 2.0000 
2022 9 20 0 0.5995 380.8200 0.0000 0.0000 1.6409 750.0480 0.2535 0.0000 2.0000 0.0000 0.0000 0.0000 2.0000 
2022 9 21 0 0.5462 388.8300 0.0000 0.0000 1.5153 749.7592 0.2256 0.0000 2.0000 0.0000 0.0000 0.0000 2.0000 
2022 9 22 0 0.5196 378.9000 0.0000 0.0000 1.3874 749.4652 0.1972 0.0000 2.0000 0.0000 0.0000 0.0000 2.0000 
2022 9 23 0 0.5196 359.9800 0.0000 0.0000 1.2595 749.1712 0.1688 0.0000 2.0000 0.0000 0.0000 0.0000 2.0000 
2022 9 24 0 0.5462 350.7100 0.0000 0.0000 1.1338 748.9253 0.1409 0.0000 2.0000 0.0000 0.0000 0.0000 2.0000 
2022 9 25 0 2.7711 299.0800 0.0000 0.0000 1.2005 749.0356 0.1557 0.0000 2.0000 0.0000 0.0000 0.0000 2.0000 
2022 9 26 0 4.5429 259.4000 0.0000 0.0000 1.4202 749.5406 0.2045 0.0000 2.0000 0.0000 0.0000 0.0000 2.0000 
2022 9 27 0 5.6620 306.8900 0.0000 0.0000 1.7366 750.2414 0.2748 0.0000 2.0000 0.0000 0.0000 0.0000 2.0000 
2022 9 28 0 7.7403 308.5200 0.0000 0.0000 2.2325 751.2686 0.3850 0.0000 2.0000 0.0000 0.0000 0.0000 2.0000 
2022 9 29 0 5.1691 347.1000 0.0000 0.0000 2.5064 751.8356 0.4459 0.0000 2.0000 0.0000 0.0000 0.0000 2.0000 
2022 9 30 0 3.8902 278.9700 0.0000 0.0000 2.6697 752.1739 0.4821 0.0000 2.0000 0.0000 0.0000 0.0000 2.0000 
2022 10 1 0 7.3540 90.2400 0.0000 0.0000 3.1322 753.1319 0.5849 0.0000 2.0000 0.0000 0.0000 0.0000 2.0000 
2022 10 2 0 8.7928 182.7200 0.0000 0.0000 3.7191 754.3473 0.7154 0.0000 2.0000 0.0000 0.0000 0.0000 2.0000 
2022 10 3 0 7.7270 234.6000 0.0000 0.0000 4.2140 755.3721 0.8253 0.0000 2.0000 0.0000 0.0000 0.0000 2.0000 
2022 10 4 0 7.5538 199.0100 0.0000 0.0000 4.6938 756.3659 0.9320 0.0000 2.0000 0.0000 0.0000 0.0000 2.0000 
2022 10 5 0 15.3474 51.1100 0.0000 0.0000 5.5543 757.2217 1.1232 0.0000 2.0000 0.0000 3.3881 0.0000 5.3881 
2022 10 6 0 22.5282 23.8700 0.0000 0.0000 6.5234 757.6094 1.3385 0.0000 2.0000 0.0000 9.3117 0.0000 11.3117 
2022 10 7 0 9.0859 30.2900 0.0000 0.0000 6.3976 757.5590 1.3106 0.0000 2.0000 0.0000 8.5425 0.0000 10.5425 
2022 10 8 0 7.7004 53.3800 0.0000 0.0000 6.2369 757.4947 1.2749 0.0000 2.0000 0.0000 7.5603 0.0000 9.5603 
2022 10 9 0 6.0750 91.9400 0.0000 0.0000 6.0398 757.4159 1.2311 0.0000 2.0000 0.0000 6.3558 0.0000 8.3558 
2022 10 10 0 5.2357 137.7100 0.0000 0.0000 5.8634 757.3454 1.1919 0.0000 2.0000 0.0000 5.2775 0.0000 7.2775 
2022 10 11 0 4.9826 174.3200 0.0000 0.0000 5.7336 757.2935 1.1630 0.0000 2.0000 0.0000 4.4844 0.0000 6.4844 
2022 10 12 0 4.2765 199.9900 0.0000 0.0000 5.6088 757.2435 1.1353 0.0000 2.0000 0.0000 3.7213 0.0000 5.7213 
2022 10 13 0 3.7969 233.6000 0.0000 0.0000 5.5000 757.2000 1.1111 0.0000 2.0000 0.0000 3.0562 0.0000 5.0562 
2022 10 14 0 3.2906 217.2400 0.0000 0.0000 5.4002 757.1601 1.0889 0.0000 2.0000 0.0000 2.4460 0.0000 4.4460 
2022 10 15 0 5.0758 154.6600 0.0000 0.0000 5.4358 757.1743 1.0968 0.0000 2.0000 0.0000 2.6637 0.0000 4.6637 
2022 10 16 0 5.9018 113.2100 0.0000 0.0000 5.5058 757.2023 1.1124 0.0000 2.0000 0.0000 3.0916 0.0000 5.0916 
2022 10 17 0 5.5421 146.2200 0.0000 0.0000 5.5313 757.2125 1.1181 0.0000 2.0000 0.0000 3.2473 0.0000 5.2473 
2022 10 18 0 5.1957 163.8200 0.0000 0.0000 5.5283 757.2113 1.1174 0.0000 2.0000 0.0000 3.2295 0.0000 5.2295 
2022 10 19 0 4.4897 159.7000 0.0000 0.0000 5.4865 757.1946 1.1081 0.0000 2.0000 0.0000 2.9738 0.0000 4.9738 
2022 10 20 0 3.6770 142.1100 0.0000 0.0000 5.4132 757.1653 1.0918 0.0000 2.0000 0.0000 2.5256 0.0000 4.5256 
2022 10 21 0 3.1841 157.4800 0.0000 0.0000 5.3373 757.1349 1.0750 0.0000 2.0000 0.0000 2.0620 0.0000 4.0620 
2022 10 22 0 3.0242 142.0700 0.0000 0.0000 5.2787 757.1115 1.0619 0.0000 2.0000 0.0000 1.7033 0.0000 3.7033 
2022 10 23 0 6.5546 99.6700 0.0000 0.0000 5.4399 757.1760 1.0978 0.0000 2.0000 0.0000 2.6887 0.0000 4.6887 
2022 10 24 0 8.7795 85.2000 0.0000 0.0000 5.6712 757.2685 1.1491 0.0000 2.0000 0.0000 4.1025 0.0000 6.1025 
2022 10 25 0 6.3548 110.5100 0.0000 0.0000 5.6854 757.2742 1.1523 0.0000 2.0000 0.0000 4.1897 0.0000 6.1897 
2022 10 26 0 15.6539 121.4900 0.0000 0.0000 6.2205 757.4882 1.2712 0.0000 2.0000 0.0000 7.4605 0.0000 9.4605 
2022 10 27 0 8.8994 117.6600 0.0000 0.0000 6.1888 757.4755 1.2642 0.0000 2.0000 0.0000 7.2666 0.0000 9.2666 
2022 10 28 0 6.6079 103.2200 0.0000 0.0000 6.0385 757.4154 1.2308 0.0000 2.0000 0.0000 6.3478 0.0000 8.3478 
2022 10 29 0 7.9135 101.6200 0.0000 0.0000 6.0139 757.4056 1.2253 0.0000 2.0000 0.0000 6.1977 0.0000 8.1977 
2022 10 30 0 7.2208 117.9300 0.0000 0.0000 5.9587 757.3835 1.2130 0.0000 2.0000 0.0000 5.8601 0.0000 7.8601 
2022 10 31 0 4.4897 144.1300 0.0000 0.0000 5.7681 757.3073 1.1707 0.0000 2.0000 0.0000 4.6952 0.0000 6.6952 
2022 11 1 0 4.4897 72.4900 0.0000 0.0000 5.6434 757.2574 1.1430 0.0000 2.0000 0.0000 3.9330 0.0000 5.9330 
2022 11 2 0 7.2341 71.1700 0.0000 0.0000 5.7170 757.2868 1.1593 0.0000 2.0000 0.0000 4.3827 0.0000 6.3827 
2022 11 3 0 14.3882 86.5000 0.0000 0.0000 6.1696 757.4679 1.2599 0.0000 2.0000 0.0000 7.1494 0.0000 9.1494 
2022 11 4 0 13.2292 72.6700 0.0000 0.0000 6.4003 757.5601 1.3112 0.0000 2.0000 0.0000 8.5594 0.0000 10.5594 
2022 11 5 0 10.8711 47.6500 0.0000 0.0000 6.4179 757.5672 1.3151 0.0000 2.0000 0.0000 8.6671 0.0000 10.6671 
2022 11 6 0 8.0334 35.7500 0.0000 0.0000 6.2690 757.5076 1.2820 0.0000 2.0000 0.0000 7.7569 0.0000 9.7569 
2022 11 7 0 10.1384 43.8300 0.0000 0.0000 6.2906 757.5162 1.2868 0.0000 2.0000 0.0000 7.8887 0.0000 9.8887 
2022 11 8 0 8.7129 51.0900 0.0000 0.0000 6.2241 757.4896 1.2720 0.0000 2.0000 0.0000 7.4824 0.0000 9.4824 
2022 11 9 0 10.1384 42.5700 0.0000 0.0000 6.2612 757.5045 1.2803 0.0000 2.0000 0.0000 7.7091 0.0000 9.7091 
2022 11 10 0 7.8336 27.4000 0.0000 0.0000 6.1552 757.4621 1.2567 0.0000 2.0000 0.0000 7.0609 0.0000 9.0609 
2022 11 11 0 6.3282 2.0000 0.0000 0.0000 6.0007 757.4003 1.2224 0.0000 2.0000 0.0000 6.1165 0.0000 8.1165 
2022 11 12 0 5.1824 2.3700 0.0000 0.0000 5.8348 757.3339 1.1855 0.0000 2.0000 0.0000 5.1025 0.0000 7.1025 
2022 11 13 0 4.4364 29.9300 0.0000 0.0000 5.6840 757.2736 1.1520 0.0000 2.0000 0.0000 4.1811 0.0000 6.1811 
2022 11 14 0 4.3298 53.6800 0.0000 0.0000 5.5794 757.2317 1.1287 0.0000 2.0000 0.0000 3.5413 0.0000 5.5413 
2022 11 15 0 6.0617 53.7500 0.0000 0.0000 5.6088 757.2435 1.1353 0.0000 2.0000 0.0000 3.7211 0.0000 5.7211 
2022 11 16 0 9.1125 27.6900 0.0000 0.0000 5.8005 757.3202 1.1779 0.0000 2.0000 0.0000 4.8932 0.0000 6.8932 
2022 11 17 0 17.4391 48.9100 0.0000 0.0000 6.3968 757.5587 1.3104 0.0000 2.0000 0.0000 8.5379 0.0000 10.5379 
2022 11 18 0 8.5130 113.7000 0.0000 0.0000 6.2823 757.5129 1.2850 0.0000 2.0000 0.0000 7.8381 0.0000 9.8381 
2022 11 19 0 5.0226 167.1000 0.0000 0.0000 6.0100 757.4040 1.2245 0.0000 2.0000 0.0000 6.1738 0.0000 8.1738 
2022 11 20 0 5.3689 162.8400 0.0000 0.0000 5.8514 757.3406 1.1892 0.0000 2.0000 0.0000 5.2045 0.0000 7.2045 
2022 11 21 0 3.6770 209.5500 0.0000 0.0000 5.6520 757.2608 1.1449 0.0000 2.0000 0.0000 3.9854 0.0000 5.9854 
2022 11 22 0 3.0642 174.4300 0.0000 0.0000 5.4868 757.1947 1.1082 0.0000 2.0000 0.0000 2.9758 0.0000 4.9758 
2022 11 23 0 3.7969 149.8400 0.0000 0.0000 5.4202 757.1681 1.0934 0.0000 2.0000 0.0000 2.5684 0.0000 4.5684 
2022 11 24 0 3.9568 172.1800 0.0000 0.0000 5.3856 757.1542 1.0857 0.0000 2.0000 0.0000 2.3570 0.0000 4.3570 
2022 11 25 0 5.4489 200.3300 0.0000 0.0000 5.4473 757.1789 1.0994 0.0000 2.0000 0.0000 2.7343 0.0000 4.7343 
2022 11 26 0 7.8336 196.0200 0.0000 0.0000 5.6226 757.2490 1.1383 0.0000 2.0000 0.0000 3.8054 0.0000 5.8054 
2022 11 27 0 8.8061 146.0400 0.0000 0.0000 5.7922 757.3169 1.1761 0.0000 2.0000 0.0000 4.8425 0.0000 6.8425 
2022 11 28 0 10.4315 195.3000 0.0000 0.0000 5.9952 757.3981 1.2211 0.0000 2.0000 0.0000 6.0828 0.0000 8.0828 
2022 11 29 0 7.0609 362.5600 0.0000 0.0000 5.9374 757.3749 1.2083 0.0000 2.0000 0.0000 5.7296 0.0000 7.7296 
2022 11 30 0 4.8227 364.6000 0.0000 0.0000 5.7730 757.3092 1.1718 0.0000 2.0000 0.0000 4.7250 0.0000 6.7250 
2022 12 1 0 3.7036 349.6500 0.0000 0.0000 5.6022 757.2409 1.1338 0.0000 2.0000 0.0000 3.6808 0.0000 5.6808 
2022 12 2 0 3.1308 324.9900 0.0000 0.0000 5.4580 757.1832 1.1018 0.0000 2.0000 0.0000 2.7995 0.0000 4.7995 
2022 12 3 0 2.6378 268.8200 0.0000 0.0000 5.3358 757.1343 1.0746 0.0000 2.0000 0.0000 2.0524 0.0000 4.0524 
2022 12 4 0 2.4247 271.5000 0.0000 0.0000 5.2437 757.0975 1.0542 0.0000 2.0000 0.0000 1.4899 0.0000 3.4899 
2022 12 5 0 2.2648 290.7800 0.0000 0.0000 5.1745 757.0698 1.0388 0.0000 2.0000 0.0000 1.0665 0.0000 3.0665 
2022 12 6 0 2.2515 346.8000 0.0000 0.0000 5.1284 757.0514 1.0285 0.0000 2.0000 0.0000 0.7848 0.0000 2.7848 
2022 12 7 0 2.1982 334.1100 0.0000 0.0000 5.0952 757.0381 1.0212 0.0000 2.0000 0.0000 0.5821 0.0000 2.5821 
2022 12 8 0 2.3181 399.0300 0.0000 0.0000 5.0803 757.0321 1.0178 0.0000 2.0000 0.0000 0.4909 0.0000 2.4909 
2022 12 9 0 2.4913 418.6900 0.0000 0.0000 5.0803 757.0321 1.0179 0.0000 2.0000 0.0000 0.4910 0.0000 2.4910 
2022 12 10 0 2.4913 362.9800 0.0000 0.0000 5.0803 757.0321 1.0179 0.0000 2.0000 0.0000 0.4911 0.0000 2.4911 
2022 12 11 0 2.6378 338.6100 0.0000 0.0000 5.0886 757.0355 1.0197 0.0000 2.0000 0.0000 0.5418 0.0000 2.5418 
2022 12 12 0 2.6512 446.1100 0.0000 0.0000 5.0948 757.0379 1.0211 0.0000 2.0000 0.0000 0.5796 0.0000 2.5796 
2022 12 13 0 2.5313 458.6300 0.0000 0.0000 5.0921 757.0368 1.0205 0.0000 2.0000 0.0000 0.5629 0.0000 2.5629 
2022 12 14 0 2.3847 451.4100 0.0000 0.0000 5.0820 757.0328 1.0182 0.0000 2.0000 0.0000 0.5013 0.0000 2.5013 
2022 12 15 0 2.2115 396.6100 0.0000 0.0000 5.0656 757.0263 1.0146 0.0000 2.0000 0.0000 0.4012 0.0000 2.4012 
2022 12 16 0 2.0916 413.8400 0.0000 0.0000 5.0481 757.0193 1.0107 0.0000 2.0000 0.0000 0.2942 0.0000 2.2942 
2022 12 17 0 2.0117 254.6500 0.0000 0.0000 5.0322 757.0129 1.0071 0.0000 2.0000 0.0000 0.1966 0.0000 2.1966 
2022 12 18 0 2.0650 206.4000 0.0000 0.0000 5.0247 757.0099 1.0055 0.0000 2.0000 0.0000 0.1511 0.0000 2.1511 
2022 12 19 0 2.2515 211.4800 0.0000 0.0000 5.0304 757.0122 1.0068 0.0000 2.0000 0.0000 0.1858 0.0000 2.1858 
2022 12 20 0 2.8377 205.2500 0.0000 0.0000 5.0673 757.0269 1.0149 0.0000 2.0000 0.0000 0.4111 0.0000 2.4111 
2022 12 21 0 4.9959 223.3000 0.0000 0.0000 5.2134 757.0854 1.0474 0.0000 2.0000 0.0000 1.3044 0.0000 3.3044 
2022 12 22 0 5.1558 201.9700 0.0000 0.0000 5.3181 757.1272 1.0707 0.0000 2.0000 0.0000 1.9442 0.0000 3.9442 
2022 12 23 0 3.8235 193.2900 0.0000 0.0000 5.3113 757.1245 1.0692 0.0000 2.0000 0.0000 1.9025 0.0000 3.9025 
2022 12 24 0 2.7311 142.3700 0.0000 0.0000 5.2450 757.0980 1.0544 0.0000 2.0000 0.0000 1.4977 0.0000 3.4977 
2022 12 25 0 2.2382 129.4400 0.0000 0.0000 5.1738 757.0695 1.0386 0.0000 2.0000 0.0000 1.0624 0.0000 3.0624 
2022 12 26 0 4.1832 111.7200 0.0000 0.0000 5.2372 757.0949 1.0527 0.0000 2.0000 0.0000 1.4498 0.0000 3.4498 
2022 12 27 0 3.3439 141.3500 0.0000 0.0000 5.2312 757.0925 1.0514 0.0000 2.0000 0.0000 1.4132 0.0000 3.4132 
2022 12 28 0 2.4114 122.1300 0.0000 0.0000 5.1746 757.0698 1.0388 0.0000 2.0000 0.0000 1.0670 0.0000 3.0670 
2022 12 29 0 2.3980 96.2800 0.0000 0.0000 5.1367 757.0547 1.0304 0.0000 2.0000 0.0000 0.8358 0.0000 2.8358 
2022 12 30 0 2.1982 100.4100 0.0000 0.0000 5.1007 757.0403 1.0224 0.0000 2.0000 0.0000 0.6154 0.0000 2.6154 
2022 12 31 0 2.7844 116.2200 0.0000 0.0000 5.1102 757.0441 1.0245 0.0000 2.0000 0.0000 0.6738 0.0000 2.6738 
2023 1 1 0 2.2781 112.5700 0.0000 0.0000 5.0879 757.0351 1.0195 0.0000 2.0000 0.0000 0.5371 0.0000 2.5371 
2023 1 2 0 1.9850 149.2600 0.0000 0.0000 5.0567 757.0227 1.0126 0.0000 2.0000 0.0000 0.3463 0.0000 2.3463 
2023 1 3 0 1.7985 154.5400 0.0000 0.0000 5.0257 757.0103 1.0057 0.0000 2.0000 0.0000 0.1570 0.0000 2.1570 
2023 1 4 0 1.6653 114.6400 0.0000 0.0000 4.9968 756.9933 0.9993 0.0000 2.0000 0.0000 0.0000 0.0000 2.0000 
2023 1 5 0 2.2915 144.1600 0.0000 0.0000 5.0144 757.0057 1.0032 0.0000 2.0000 0.0000 0.0878 0.0000 2.0878 
2023 1 6 0 1.9451 126.0400 0.0000 0.0000 5.0063 757.0025 1.0014 0.0000 2.0000 0.0000 0.0385 0.0000 2.0385 
2023 1 7 0 1.9717 102.5400 0.0000 0.0000 5.0025 757.0010 1.0006 0.0000 2.0000 0.0000 0.0154 0.0000 2.0154 
2023 1 8 0 3.9035 75.8000 0.0000 0.0000 5.1093 757.0437 1.0243 0.0000 2.0000 0.0000 0.6679 0.0000 2.6679 
2023 1 9 0 5.6754 133.2800 0.0000 0.0000 5.2793 757.1117 1.0621 0.0000 2.0000 0.0000 1.7073 0.0000 3.7073 
2023 1 10 0 4.1832 130.4400 0.0000 0.0000 5.3062 757.1225 1.0680 0.0000 2.0000 0.0000 1.8718 0.0000 3.8718 
2023 1 11 0 3.4638 96.6800 0.0000 0.0000 5.2832 757.1133 1.0629 0.0000 2.0000 0.0000 1.7308 0.0000 3.7308 
2023 1 12 0 2.9842 89.9500 0.0000 0.0000 5.2409 757.0964 1.0535 0.0000 2.0000 0.0000 1.4728 0.0000 3.4728 
2023 1 13 0 2.5446 82.8000 0.0000 0.0000 5.1885 757.0754 1.0419 0.0000 2.0000 0.0000 1.1520 0.0000 3.1520 
2023 1 14 0 2.1849 94.7100 0.0000 0.0000 5.1338 757.0535 1.0297 0.0000 2.0000 0.0000 0.8178 0.0000 2.8178 
2023 1 15 0 2.0650 70.7800 0.0000 0.0000 5.0912 757.0365 1.0203 0.0000 2.0000 0.0000 0.5576 0.0000 2.5576 
2023 1 16 0 1.9984 139.7600 0.0000 0.0000 5.0596 757.0238 1.0132 0.0000 2.0000 0.0000 0.3643 0.0000 2.3643 
2023 1 17 0 1.8785 134.1900 0.0000 0.0000 5.0321 757.0129 1.0071 0.0000 2.0000 0.0000 0.1964 0.0000 2.1964 
2023 1 18 0 1.8918 138.3800 0.0000 0.0000 5.0149 757.0060 1.0033 0.0000 2.0000 0.0000 0.0911 0.0000 2.0911 
2023 1 19 0 1.6653 148.5600 0.0000 0.0000 4.9860 756.9710 0.9969 0.0000 2.0000 0.0000 0.0000 0.0000 2.0000 
2023 1 20 0 1.6120 162.5000 0.0000 0.0000 4.9525 756.9016 0.9894 0.0000 2.0000 0.0000 0.0000 0.0000 2.0000 
2023 1 21 0 1.5188 150.1900 0.0000 0.0000 4.9109 756.8155 0.9802 0.0000 2.0000 0.0000 0.0000 0.0000 2.0000 
2023 1 22 0 1.5188 151.8000 0.0000 0.0000 4.8693 756.7293 0.9710 0.0000 2.0000 0.0000 0.0000 0.0000 2.0000 
2023 1 23 0 1.7452 197.7300 0.0000 0.0000 4.8473 756.6838 0.9661 0.0000 2.0000 0.0000 0.0000 0.0000 2.0000 
2023 1 24 0 1.5720 184.5400 0.0000 0.0000 4.8103 756.6072 0.9578 0.0000 2.0000 0.0000 0.0000 0.0000 2.0000 
2023 1 25 0 1.5720 137.5700 0.0000 0.0000 4.7733 756.5306 0.9496 0.0000 2.0000 0.0000 0.0000 0.0000 2.0000 
2023 1 26 0 1.7719 132.3800 0.0000 0.0000 4.7536 756.4898 0.9453 0.0000 2.0000 0.0000 0.0000 0.0000 2.0000 
2023 1 27 0 1.6786 154.0500 0.0000 0.0000 4.7259 756.4323 0.9391 0.0000 2.0000 0.0000 0.0000 0.0000 2.0000 
2023 1 28 0 1.5454 116.8100 0.0000 0.0000 4.6866 756.3509 0.9304 0.0000 2.0000 0.0000 0.0000 0.0000 2.0000 
2023 1 29 0 1.4521 102.3700 0.0000 0.0000 4.6393 756.2529 0.9198 0.0000 2.0000 0.0000 0.0000 0.0000 2.0000 
2023 1 30 0 1.6253 90.0000 0.0000 0.0000 4.6069 756.1859 0.9126 0.0000 2.0000 0.0000 0.0000 0.0000 2.0000 
2023 1 31 0 1.5720 105.1200 0.0000 0.0000 4.5699 756.1093 0.9044 0.0000 2.0000 0.0000 0.0000 0.0000 2.0000 
2023 2 1 0 1.4655 103.8300 0.0000 0.0000 4.5237 756.0136 0.8942 0.0000 2.0000 0.0000 0.0000 0.0000 2.0000 
2023 2 2 0 1.6786 145.2800 0.0000 0.0000 4.4960 755.9561 0.8880 0.0000 2.0000 0.0000 0.0000 0.0000 2.0000 
2023 2 3 0 1.4521 113.1000 0.0000 0.0000 4.4486 755.8581 0.8775 0.0000 2.0000 0.0000 0.0000 0.0000 2.0000 
2023 2 4 0 1.2257 138.8200 0.0000 0.0000 4.3817 755.7196 0.8626 0.0000 2.0000 0.0000 0.0000 0.0000 2.0000 
2023 2 5 0 1.1457 122.8300 0.0000 0.0000 4.3079 755.5667 0.8462 0.0000 2.0000 0.0000 0.0000 0.0000 2.0000 
2023 2 6 0 1.0658 161.3800 0.0000 0.0000 4.2272 755.3995 0.8283 0.0000 2.0000 0.0000 0.0000 0.0000 2.0000 
2023 2 7 0 0.9859 132.4500 0.0000 0.0000 4.1396 755.2181 0.8088 0.0000 2.0000 0.0000 0.0000 0.0000 2.0000 
2023 2 8 0 0.9459 120.3300 0.0000 0.0000 4.0485 755.0295 0.7886 0.0000 2.0000 0.0000 0.0000 0.0000 2.0000 
2023 2 9 0 1.0791 98.3400 0.0000 0.0000 3.9689 754.8647 0.7709 0.0000 2.0000 0.0000 0.0000 0.0000 2.0000 
2023 2 10 0 1.1457 97.5400 0.0000 0.0000 3.8951 754.7118 0.7545 0.0000 2.0000 0.0000 0.0000 0.0000 2.0000 
2023 2 11 0 1.2257 94.6300 0.0000 0.0000 3.8282 754.5733 0.7396 0.0000 2.0000 0.0000 0.0000 0.0000 2.0000 
2023 2 12 0 1.2923 111.6200 0.0000 0.0000 3.7671 754.4466 0.7260 0.0000 2.0000 0.0000 0.0000 0.0000 2.0000 
2023 2 13 0 1.2923 115.7800 0.0000 0.0000 3.7059 754.3200 0.7124 0.0000 2.0000 0.0000 0.0000 0.0000 2.0000 
2023 2 14 0 1.2790 140.8300 0.0000 0.0000 3.6436 754.1910 0.6986 0.0000 2.0000 0.0000 0.0000 0.0000 2.0000 
2023 2 15 0 1.0924 122.5300 0.0000 0.0000 3.5652 754.0286 0.6812 0.0000 2.0000 0.0000 0.0000 0.0000 2.0000 
2023 2 16 0 1.0125 120.9800 0.0000 0.0000 3.4799 753.8519 0.6622 0.0000 2.0000 0.0000 0.0000 0.0000 2.0000 
2023 2 17 0 1.1857 92.1200 0.0000 0.0000 3.4095 753.7062 0.6466 0.0000 2.0000 0.0000 0.0000 0.0000 2.0000 
2023 2 18 0 1.2923 97.8800 0.0000 0.0000 3.3484 753.5795 0.6330 0.0000 2.0000 0.0000 0.0000 0.0000 2.0000 
2023 2 19 0 1.3722 107.6300 0.0000 0.0000 3.2942 753.4672 0.6209 0.0000 2.0000 0.0000 0.0000 0.0000 2.0000 
2023 2 20 0 1.4655 77.5600 0.0000 0.0000 3.2480 753.3715 0.6107 0.0000 2.0000 0.0000 0.0000 0.0000 2.0000 
2023 2 21 0 1.5454 106.7100 0.0000 0.0000 3.2087 753.2902 0.6019 0.0000 2.0000 0.0000 0.0000 0.0000 2.0000 
2023 2 22 0 1.3722 118.3800 0.0000 0.0000 3.1545 753.1779 0.5899 0.0000 2.0000 0.0000 0.0000 0.0000 2.0000 
2023 2 23 0 1.4655 116.1600 0.0000 0.0000 3.1083 753.0822 0.5796 0.0000 2.0000 0.0000 0.0000 0.0000 2.0000 
2023 2 24 0 1.5454 103.8000 0.0000 0.0000 3.0690 753.0009 0.5709 0.0000 2.0000 0.0000 0.0000 0.0000 2.0000 
2023 2 25 0 1.8918 97.6000 0.0000 0.0000 3.0596 752.9815 0.5688 0.0000 2.0000 0.0000 0.0000 0.0000 2.0000 
2023 2 26 0 2.6911 111.9200 0.0000 0.0000 3.1194 753.1052 0.5821 0.0000 2.0000 0.0000 0.0000 0.0000 2.0000 
2023 2 27 0 3.1707 124.5700 0.0000 0.0000 3.2205 753.3147 0.6046 0.0000 2.0000 0.0000 0.0000 0.0000 2.0000 
2023 2 28 0 2.6645 124.0900 0.0000 0.0000 3.2779 753.4336 0.6173 0.0000 2.0000 0.0000 0.0000 0.0000 2.0000 
2023 3 1 0 2.3181 130.8400 0.0000 0.0000 3.3054 753.4905 0.6234 0.0000 2.0000 0.0000 0.0000 0.0000 2.0000 
2023 3 2 0 2.0650 120.4000 0.0000 0.0000 3.3110 753.5021 0.6247 0.0000 2.0000 0.0000 0.0000 0.0000 2.0000 
2023 3 3 0 1.8785 115.5800 0.0000 0.0000 3.3005 753.4804 0.6223 0.0000 2.0000 0.0000 0.0000 0.0000 2.0000 
2023 3 4 0 1.7985 112.2200 0.0000 0.0000 3.2831 753.4443 0.6185 0.0000 2.0000 0.0000 0.0000 0.0000 2.0000 
2023 3 5 0 1.7985 129.9600 0.0000 0.0000 3.2657 753.4083 0.6146 0.0000 2.0000 0.0000 0.0000 0.0000 2.0000 
2023 3 6 0 1.4388 153.1300 0.0000 0.0000 3.2172 753.3079 0.6038 0.0000 2.0000 0.0000 0.0000 0.0000 2.0000 
2023 3 7 0 1.1457 116.0800 0.0000 0.0000 3.1434 753.1550 0.5874 0.0000 2.0000 0.0000 0.0000 0.0000 2.0000 
2023 3 8 0 1.1191 150.8300 0.0000 0.0000 3.0673 752.9974 0.5705 0.0000 2.0000 0.0000 0.0000 0.0000 2.0000 
2023 3 9 0 0.9992 138.5100 0.0000 0.0000 2.9808 752.8183 0.5513 0.0000 2.0000 0.0000 0.0000 0.0000 2.0000 
2023 3 10 0 0.8926 127.3700 0.0000 0.0000 2.8852 752.6201 0.5300 0.0000 2.0000 0.0000 0.0000 0.0000 2.0000 
2023 3 11 0 0.8393 110.5300 0.0000 0.0000 2.7849 752.4124 0.5077 0.0000 2.0000 0.0000 0.0000 0.0000 2.0000 
2023 3 12 0 0.9059 106.8200 0.0000 0.0000 2.6903 752.2167 0.4867 0.0000 2.0000 0.0000 0.0000 0.0000 2.0000 
2023 3 13 0 0.8926 94.6800 0.0000 0.0000 2.5947 752.0185 0.4655 0.0000 2.0000 0.0000 0.0000 0.0000 2.0000 
2023 3 14 0 0.8660 102.8300 0.0000 0.0000 2.4967 751.8156 0.4437 0.0000 2.0000 0.0000 0.0000 0.0000 2.0000 
2023 3 15 0 0.8127 121.6400 0.0000 0.0000 2.3941 751.6032 0.4209 0.0000 2.0000 0.0000 0.0000 0.0000 2.0000 
2023 3 16 0 0.7594 112.8100 0.0000 0.0000 2.2869 751.3812 0.3971 0.0000 2.0000 0.0000 0.0000 0.0000 2.0000 
2023 3 17 0 0.8127 104.1500 0.0000 0.0000 2.1843 751.1687 0.3743 0.0000 2.0000 0.0000 0.0000 0.0000 2.0000 
2023 3 18 0 0.9725 109.0000 0.0000 0.0000 2.0955 750.9849 0.3546 0.0000 2.0000 0.0000 0.0000 0.0000 2.0000 
2023 3 19 0 0.9192 110.0900 0.0000 0.0000 2.0022 750.7915 0.3338 0.0000 2.0000 0.0000 0.0000 0.0000 2.0000 
2023 3 20 0 0.9992 116.7600 0.0000 0.0000 1.9157 750.6124 0.3146 0.0000 2.0000 0.0000 0.0000 0.0000 2.0000 
2023 3 21 0 1.0125 111.3100 0.0000 0.0000 1.8304 750.4357 0.2956 0.0000 2.0000 0.0000 0.0000 0.0000 2.0000 
2023 3 22 0 1.0258 92.3600 0.0000 0.0000 1.7462 750.2614 0.2769 0.0000 2.0000 0.0000 0.0000 0.0000 2.0000 
2023 3 23 0 1.1457 86.1100 0.0000 0.0000 1.6724 750.1085 0.2605 0.0000 2.0000 0.0000 0.0000 0.0000 2.0000 
2023 3 24 0 1.4255 83.8300 0.0000 0.0000 1.6228 750.0064 0.2495 0.0000 2.0000 0.0000 0.0000 0.0000 2.0000 
2023 3 25 0 1.7452 73.3600 0.0000 0.0000 1.6008 749.9558 0.2446 0.0000 2.0000 0.0000 0.0000 0.0000 2.0000 
2023 3 26 0 1.8785 92.4600 0.0000 0.0000 1.5903 749.9316 0.2423 0.0000 2.0000 0.0000 0.0000 0.0000 2.0000 
2023 3 27 0 1.9850 100.9400 0.0000 0.0000 1.5890 749.9286 0.2420 0.0000 2.0000 0.0000 0.0000 0.0000 2.0000 
2023 3 28 0 2.0916 123.8500 0.0000 0.0000 1.5969 749.9468 0.2438 0.0000 2.0000 0.0000 0.0000 0.0000 2.0000 
2023 3 29 0 1.8651 127.0200 0.0000 0.0000 1.5852 749.9201 0.2412 0.0000 2.0000 0.0000 0.0000 0.0000 2.0000 
2023 3 30 0 1.7852 103.7800 0.0000 0.0000 1.5667 749.8774 0.2370 0.0000 2.0000 0.0000 0.0000 0.0000 2.0000 
2023 3 31 0 3.7036 111.8200 0.0000 0.0000 1.7139 750.1944 0.2697 0.0000 2.0000 0.0000 0.0000 0.0000 2.0000 
2023 4 1 0 9.8852 97.9300 0.0000 0.0000 2.3951 751.6053 0.4211 0.0000 2.0000 0.0000 0.0000 0.0000 2.0000 
2023 4 2 0 9.1259 105.1000 0.0000 0.0000 3.0108 752.8804 0.5580 0.0000 2.0000 0.0000 0.0000 0.0000 2.0000 
2023 4 3 0 5.9684 126.4800 0.0000 0.0000 3.3537 753.5905 0.6342 0.0000 2.0000 0.0000 0.0000 0.0000 2.0000 
2023 4 4 0 3.7836 133.1300 0.0000 0.0000 3.5078 753.9096 0.6684 0.0000 2.0000 0.0000 0.0000 0.0000 2.0000 
2023 4 5 0 3.0642 130.9100 0.0000 0.0000 3.5997 754.1000 0.6888 0.0000 2.0000 0.0000 0.0000 0.0000 2.0000 
2023 4 6 0 2.7178 125.8900 0.0000 0.0000 3.6618 754.2285 0.7026 0.0000 2.0000 0.0000 0.0000 0.0000 2.0000 
2023 4 7 0 2.2515 117.9200 0.0000 0.0000 3.6835 754.2735 0.7074 0.0000 2.0000 0.0000 0.0000 0.0000 2.0000 
2023 4 8 0 1.9717 120.6500 0.0000 0.0000 3.6810 754.2684 0.7069 0.0000 2.0000 0.0000 0.0000 0.0000 2.0000 
2023 4 9 0 1.7719 110.2100 0.0000 0.0000 3.6613 754.2276 0.7025 0.0000 2.0000 0.0000 0.0000 0.0000 2.0000 
2023 4 10 0 1.8119 54.3700 0.0000 0.0000 3.6451 754.1939 0.6989 0.0000 2.0000 0.0000 0.0000 0.0000 2.0000 
2023 4 11 0 4.6495 84.4600 0.0000 0.0000 3.8740 754.6680 0.7498 0.0000 2.0000 0.0000 0.0000 0.0000 2.0000 
2023 4 12 0 4.1300 111.9800 0.0000 0.0000 4.0580 755.0492 0.7907 0.0000 2.0000 0.0000 0.0000 0.0000 2.0000 
2023 4 13 0 4.1300 107.2100 0.0000 0.0000 4.2420 755.4303 0.8316 0.0000 2.0000 0.0000 0.0000 0.0000 2.0000 
2023 4 14 0 4.6895 118.9300 0.0000 0.0000 4.4744 755.9115 0.8832 0.0000 2.0000 0.0000 0.0000 0.0000 2.0000 
2023 4 15 0 4.5030 111.6600 0.0000 0.0000 4.6907 756.3594 0.9313 0.0000 2.0000 0.0000 0.0000 0.0000 2.0000 
2023 4 16 0 4.5030 115.1500 0.0000 0.0000 4.9069 756.8073 0.9793 0.0000 2.0000 0.0000 0.0000 0.0000 2.0000 
2023 4 17 0 4.7561 125.4800 0.0000 0.0000 5.0949 757.0380 1.0211 0.0000 2.0000 0.0000 0.5803 0.0000 2.5803 
2023 4 18 0 5.1025 114.7600 0.0000 0.0000 5.2375 757.0950 1.0528 0.0000 2.0000 0.0000 1.4519 0.0000 3.4519 
2023 4 19 0 5.4888 108.7500 0.0000 0.0000 5.3527 757.1411 1.0784 0.0000 2.0000 0.0000 2.1559 0.0000 4.1559 
2023 4 20 0 6.3148 111.1600 0.0000 0.0000 5.4748 757.1899 1.1055 0.0000 2.0000 0.0000 2.9020 0.0000 4.9020 
2023 4 21 0 7.5272 107.9900 0.0000 0.0000 5.6232 757.2493 1.1385 0.0000 2.0000 0.0000 3.8093 0.0000 5.8093 
2023 4 22 0 8.7395 98.4000 0.0000 0.0000 5.7889 757.3155 1.1753 0.0000 2.0000 0.0000 4.8220 0.0000 6.8220 
2023 4 23 0 10.4048 97.8600 0.0000 0.0000 5.9914 757.3966 1.2203 0.0000 2.0000 0.0000 6.0602 0.0000 8.0602 
2023 4 24 0 10.2583 116.5300 0.0000 0.0000 6.1157 757.4463 1.2479 0.0000 2.0000 0.0000 6.8199 0.0000 8.8199 
2023 4 25 0 9.2191 104.4700 0.0000 0.0000 6.1383 757.4553 1.2530 0.0000 2.0000 0.0000 6.9578 0.0000 8.9578 
2023 4 26 0 7.9268 114.3700 0.0000 0.0000 6.0800 757.4320 1.2400 0.0000 2.0000 0.0000 6.6015 0.0000 8.6015 
2023 4 27 0 6.6079 123.3800 0.0000 0.0000 5.9673 757.3869 1.2150 0.0000 2.0000 0.0000 5.9125 0.0000 7.9125 
2023 4 28 0 5.8219 121.7100 0.0000 0.0000 5.8491 757.3396 1.1887 0.0000 2.0000 0.0000 5.1900 0.0000 7.1900 
2023 4 29 0 5.4222 112.7000 0.0000 0.0000 5.7491 757.2997 1.1665 0.0000 2.0000 0.0000 4.5791 0.0000 6.5791 
2023 4 30 0 5.1291 99.7900 0.0000 0.0000 5.6672 757.2669 1.1483 0.0000 2.0000 0.0000 4.0780 0.0000 6.0780 
2023 5 1 0 5.0092 106.3400 0.0000 0.0000 5.6067 757.2427 1.1348 0.0000 2.0000 0.0000 3.7086 0.0000 5.7086 
2023 5 2 0 5.2357 121.7900 0.0000 0.0000 5.5800 757.2320 1.1289 0.0000 2.0000 0.0000 3.5452 0.0000 5.5452 
2023 5 3 0 5.5288 118.1800 0.0000 0.0000 5.5791 757.2316 1.1287 0.0000 2.0000 0.0000 3.5395 0.0000 5.5395 
2023 5 4 0 5.6487 112.1600 0.0000 0.0000 5.5852 757.2341 1.1301 0.0000 2.0000 0.0000 3.5773 0.0000 5.5773 
2023 5 5 0 5.4356 97.5700 0.0000 0.0000 5.5772 757.2309 1.1283 0.0000 2.0000 0.0000 3.5283 0.0000 5.5283 
2023 5 6 0 5.0226 94.9300 0.0000 0.0000 5.5486 757.2195 1.1219 0.0000 2.0000 0.0000 3.3535 0.0000 5.3535 
2023 5 7 0 4.6495 88.0500 0.0000 0.0000 5.5088 757.2035 1.1131 0.0000 2.0000 0.0000 3.1102 0.0000 5.1102 
2023 5 8 0 4.9293 102.0400 0.0000 0.0000 5.4986 757.1994 1.1108 0.0000 2.0000 0.0000 3.0477 0.0000 5.0477 
2023 5 9 0 6.5813 96.1600 0.0000 0.0000 5.5853 757.2341 1.1301 0.0000 2.0000 0.0000 3.5777 0.0000 5.5777 
2023 5 10 0 11.0709 94.0200 0.0000 0.0000 5.8959 757.3584 1.1991 0.0000 2.0000 0.0000 5.4762 0.0000 7.4762 
2023 5 11 0 13.2558 101.3600 0.0000 0.0000 6.2227 757.4891 1.2717 0.0000 2.0000 0.0000 7.4736 0.0000 9.4736 
2023 5 12 0 16.8396 91.5000 0.0000 0.0000 6.6406 757.6562 1.3646 0.0000 2.0000 0.0000 10.0023 0.0000 12.0023 
2023 5 13 0 18.2517 74.6100 0.0000 0.0000 6.9703 757.7881 1.4379 0.0000 2.0000 0.0000 12.4355 0.0000 14.4355 
2023 5 14 0 18.0919 72.7500 0.0000 0.0000 7.1642 757.8657 1.4809 0.0000 2.0000 0.0000 13.8478 0.0000 15.8478 
2023 5 15 0 21.6490 94.8900 0.0000 0.0000 7.4719 757.9887 1.5493 0.0000 2.0000 0.0000 16.0885 0.0000 18.0885 
2023 5 16 0 26.8181 63.0700 0.0000 0.0000 7.9348 758.0205 1.6522 0.0000 2.0000 0.0000 19.4604 0.0000 21.4604 
2023 5 17 0 21.2892 54.3000 0.0000 0.0000 7.9257 758.0200 1.6502 0.0000 2.0000 0.0000 19.3943 0.0000 21.3943 
2023 5 18 0 16.1335 88.1100 0.0000 0.0000 7.6467 758.0069 1.5882 0.0000 2.0000 0.0000 17.3622 0.0000 19.3622 
2023 5 19 0 13.8820 92.9400 0.0000 0.0000 7.3561 757.9424 1.5236 0.0000 2.0000 0.0000 15.2454 0.0000 17.2454 
2023 5 20 0 13.6022 52.6300 0.0000 0.0000 7.1629 757.8652 1.4807 0.0000 2.0000 0.0000 13.8382 0.0000 15.8382 
2023 5 21 0 12.7629 37.1300 0.0000 0.0000 6.9998 757.7999 1.4444 0.0000 2.0000 0.0000 12.6503 0.0000 14.6503 
2023 5 22 0 12.2167 84.4700 0.0000 0.0000 6.8708 757.7483 1.4157 0.0000 2.0000 0.0000 11.7103 0.0000 13.7103 
2023 5 23 0 15.0144 63.0000 0.0000 0.0000 6.9399 757.7760 1.4311 0.0000 2.0000 0.0000 12.2140 0.0000 14.2140 
2023 5 24 0 15.8137 82.4800 0.0000 0.0000 7.0248 757.8099 1.4500 0.0000 2.0000 0.0000 12.8319 0.0000 14.8319 
2023 5 25 0 14.6414 57.6600 0.0000 0.0000 7.0147 757.8059 1.4477 0.0000 2.0000 0.0000 12.7583 0.0000 14.7583 
2023 5 26 0 15.1876 61.9200 0.0000 0.0000 7.0374 757.8150 1.4528 0.0000 2.0000 0.0000 12.9241 0.0000 14.9241 
2023 5 27 0 13.7621 61.7400 0.0000 0.0000 6.9758 757.7903 1.4391 0.0000 2.0000 0.0000 12.4753 0.0000 14.4753 
2023 5 28 0 10.9111 48.1500 0.0000 0.0000 6.7868 757.7147 1.3971 0.0000 2.0000 0.0000 11.0986 0.0000 13.0986 
2023 5 29 0 7.9268 41.9900 0.0000 0.0000 6.5044 757.6018 1.3343 0.0000 2.0000 0.0000 9.1956 0.0000 11.1956 
2023 5 30 0 6.5413 85.7800 0.0000 0.0000 6.2412 757.4965 1.2758 0.0000 2.0000 0.0000 7.5871 0.0000 9.5871 
2023 5 31 0 5.6221 60.1500 0.0000 0.0000 6.0171 757.4068 1.2260 0.0000 2.0000 0.0000 6.2168 0.0000 8.2168 
2023 6 1 0 4.9160 67.1300 0.0000 0.0000 5.8304 757.3322 1.1845 0.0000 2.0000 0.0000 5.0760 0.0000 7.0760 
2023 6 2 0 4.0633 80.9600 0.0000 0.0000 5.6601 757.2640 1.1467 0.0000 2.0000 0.0000 4.0348 0.0000 6.0348 
2023 6 3 0 3.3972 62.3200 0.0000 0.0000 5.5110 757.2044 1.1135 0.0000 2.0000 0.0000 3.1233 0.0000 5.1233 
2023 6 4 0 3.0375 61.2100 0.0000 0.0000 5.3930 757.1572 1.0873 0.0000 2.0000 0.0000 2.4024 0.0000 4.4024 
2023 6 5 0 2.6911 87.8500 0.0000 0.0000 5.2963 757.1185 1.0658 0.0000 2.0000 0.0000 1.8110 0.0000 3.8110 
2023 6 6 0 2.3181 90.1800 0.0000 0.0000 5.2119 757.0847 1.0471 0.0000 2.0000 0.0000 1.2951 0.0000 3.2951 
2023 6 7 0 1.9850 96.7800 0.0000 0.0000 5.1378 757.0551 1.0306 0.0000 2.0000 0.0000 0.8423 0.0000 2.8423 
2023 6 8 0 1.7053 89.0900 0.0000 0.0000 5.0735 757.0294 1.0163 0.0000 2.0000 0.0000 0.4494 0.0000 2.4494 
2023 6 9 0 1.4521 88.9200 0.0000 0.0000 5.0171 757.0069 1.0038 0.0000 2.0000 0.0000 0.1047 0.0000 2.1047 
2023 6 10 0 1.2257 61.8300 0.0000 0.0000 4.9502 756.8969 0.9889 0.0000 2.0000 0.0000 0.0000 0.0000 2.0000 
2023 6 11 0 1.0391 47.6500 0.0000 0.0000 4.8672 756.7250 0.9705 0.0000 2.0000 0.0000 0.0000 0.0000 2.0000 
2023 6 12 0 0.9059 88.7900 0.0000 0.0000 4.7727 756.5292 0.9495 0.0000 2.0000 0.0000 0.0000 0.0000 2.0000 
2023 6 13 0 0.7993 99.0700 0.0000 0.0000 4.6689 756.3144 0.9264 0.0000 2.0000 0.0000 0.0000 0.0000 2.0000 
2023 6 14 0 0.6794 105.6600 0.0000 0.0000 4.5549 756.0781 0.9011 0.0000 2.0000 0.0000 0.0000 0.0000 2.0000 
2023 6 15 0 0.6128 116.5000 0.0000 0.0000 4.4350 755.8299 0.8744 0.0000 2.0000 0.0000 0.0000 0.0000 2.0000 
2023 6 16 0 0.5729 123.1200 0.0000 0.0000 4.3117 755.5745 0.8470 0.0000 2.0000 0.0000 0.0000 0.0000 2.0000 
2023 6 17 0 0.5196 107.5100 0.0000 0.0000 4.1838 755.3096 0.8186 0.0000 2.0000 0.0000 0.0000 0.0000 2.0000 
2023 6 18 0 0.4929 102.7200 0.0000 0.0000 4.0536 755.0400 0.7897 0.0000 2.0000 0.0000 0.0000 0.0000 2.0000 
2023 6 19 0 0.5063 116.7200 0.0000 0.0000 3.9245 754.7727 0.7610 0.0000 2.0000 0.0000 0.0000 0.0000 2.0000 
2023 6 20 0 0.5595 131.3100 0.0000 0.0000 3.8001 754.5149 0.7333 0.0000 2.0000 0.0000 0.0000 0.0000 2.0000 
2023 6 21 0 0.8393 131.9100 0.0000 0.0000 3.6998 754.3072 0.7111 0.0000 2.0000 0.0000 0.0000 0.0000 2.0000 
2023 6 22 0 2.6112 129.3300 0.0000 0.0000 3.7526 754.4166 0.7228 0.0000 2.0000 0.0000 0.0000 0.0000 2.0000 
2023 6 23 0 1.9051 112.7300 0.0000 0.0000 3.7444 754.3996 0.7210 0.0000 2.0000 0.0000 0.0000 0.0000 2.0000 
2023 6 24 0 1.3322 91.6000 0.0000 0.0000 3.6867 754.2801 0.7082 0.0000 2.0000 0.0000 0.0000 0.0000 2.0000 
2023 6 25 0 0.9592 78.9200 0.0000 0.0000 3.5968 754.0939 0.6882 0.0000 2.0000 0.0000 0.0000 0.0000 2.0000 
2023 6 26 0 0.7727 97.3600 0.0000 0.0000 3.4907 753.8743 0.6646 0.0000 2.0000 0.0000 0.0000 0.0000 2.0000 
2023 6 27 0 0.7194 97.1000 0.0000 0.0000 3.3801 753.6451 0.6400 0.0000 2.0000 0.0000 0.0000 0.0000 2.0000 
2023 6 28 0 0.7327 110.3800 0.0000 0.0000 3.2706 753.4184 0.6157 0.0000 2.0000 0.0000 0.0000 0.0000 2.0000 
2023 6 29 0 0.6928 115.5800 0.0000 0.0000 3.1576 753.1845 0.5906 0.0000 2.0000 0.0000 0.0000 0.0000 2.0000 
2023 6 30 0 0.6928 106.1600 0.0000 0.0000 3.0447 752.9506 0.5655 0.0000 2.0000 0.0000 0.0000 0.0000 2.0000 
2023 7 1 0 0.6128 61.0800 0.0000 0.0000 2.9249 752.7024 0.5389 0.0000 2.0000 0.0000 0.0000 0.0000 2.0000 
2023 7 2 0 0.6128 15.9100 0.0000 0.0000 2.8050 752.4541 0.5122 0.0000 2.0000 0.0000 0.0000 0.0000 2.0000 
2023 7 3 0 0.6128 50.3200 0.0000 0.0000 2.6852 752.2059 0.4856 0.0000 2.0000 0.0000 0.0000 0.0000 2.0000 
2023 7 4 0 0.7461 83.2500 0.0000 0.0000 2.5768 751.9816 0.4615 0.0000 2.0000 0.0000 0.0000 0.0000 2.0000 
2023 7 5 0 0.7327 80.5300 0.0000 0.0000 2.4673 751.7548 0.4372 0.0000 2.0000 0.0000 0.0000 0.0000 2.0000 
2023 7 6 0 0.8526 96.7500 0.0000 0.0000 2.3682 751.5495 0.4152 0.0000 2.0000 0.0000 0.0000 0.0000 2.0000 
2023 7 7 0 1.1857 101.0400 0.0000 0.0000 2.2978 751.4038 0.3995 0.0000 2.0000 0.0000 0.0000 0.0000 2.0000 
2023 7 8 0 2.0650 87.4600 0.0000 0.0000 2.3034 751.4154 0.4008 0.0000 2.0000 0.0000 0.0000 0.0000 2.0000 
2023 7 9 0 2.2115 94.0500 0.0000 0.0000 2.3217 751.4533 0.4048 0.0000 2.0000 0.0000 0.0000 0.0000 2.0000 
2023 7 10 0 1.9451 98.2100 0.0000 0.0000 2.3170 751.4434 0.4038 0.0000 2.0000 0.0000 0.0000 0.0000 2.0000 
2023 7 11 0 1.7452 89.8900 0.0000 0.0000 2.2950 751.3979 0.3989 0.0000 2.0000 0.0000 0.0000 0.0000 2.0000 
2023 7 12 0 2.0517 76.6900 0.0000 0.0000 2.2994 751.4071 0.3999 0.0000 2.0000 0.0000 0.0000 0.0000 2.0000 
2023 7 13 0 1.7319 83.4900 0.0000 0.0000 2.2763 751.3591 0.3947 0.0000 2.0000 0.0000 0.0000 0.0000 2.0000 
2023 7 14 0 1.4122 85.4800 0.0000 0.0000 2.2255 751.2539 0.3834 0.0000 2.0000 0.0000 0.0000 0.0000 2.0000 
2023 7 15 0 1.6387 33.3300 0.0000 0.0000 2.1943 751.1893 0.3765 0.0000 2.0000 0.0000 0.0000 0.0000 2.0000 
2023 7 16 0 3.1174 17.8600 0.0000 0.0000 2.2908 751.3892 0.3980 0.0000 2.0000 0.0000 0.0000 0.0000 2.0000 
2023 7 17 0 4.4230 30.5600 0.0000 0.0000 2.5002 751.8228 0.4445 0.0000 2.0000 0.0000 0.0000 0.0000 2.0000 
2023 7 18 0 3.7836 64.7000 0.0000 0.0000 2.6543 752.1419 0.4787 0.0000 2.0000 0.0000 0.0000 0.0000 2.0000 
2023 7 19 0 2.9176 77.7600 0.0000 0.0000 2.7335 752.3061 0.4963 0.0000 2.0000 0.0000 0.0000 0.0000 2.0000 
2023 7 20 0 2.3980 64.6700 0.0000 0.0000 2.7679 752.3774 0.5040 0.0000 2.0000 0.0000 0.0000 0.0000 2.0000 
2023 7 21 0 2.0250 83.1300 0.0000 0.0000 2.7701 752.3818 0.5045 0.0000 2.0000 0.0000 0.0000 0.0000 2.0000 
2023 7 22 0 1.7719 75.6300 0.0000 0.0000 2.7504 752.3410 0.5001 0.0000 2.0000 0.0000 0.0000 0.0000 2.0000 
2023 7 23 0 1.7186 33.2000 0.0000 0.0000 2.7261 752.2907 0.4947 0.0000 2.0000 0.0000 0.0000 0.0000 2.0000 
2023 7 24 0 1.5188 69.9000 0.0000 0.0000 2.6845 752.2046 0.4854 0.0000 2.0000 0.0000 0.0000 0.0000 2.0000 
2023 7 25 0 1.2923 60.2500 0.0000 0.0000 2.6233 752.0779 0.4719 0.0000 2.0000 0.0000 0.0000 0.0000 2.0000 
2023 7 26 0 1.1724 69.5200 0.0000 0.0000 2.5518 751.9298 0.4560 0.0000 2.0000 0.0000 0.0000 0.0000 2.0000 
2023 7 27 0 1.0525 87.3400 0.0000 0.0000 2.4700 751.7603 0.4378 0.0000 2.0000 0.0000 0.0000 0.0000 2.0000 
2023 7 28 0 0.9592 86.7600 0.0000 0.0000 2.3800 751.5740 0.4178 0.0000 2.0000 0.0000 0.0000 0.0000 2.0000 
2023 7 29 0 0.9192 74.6100 0.0000 0.0000 2.2867 751.3807 0.3970 0.0000 2.0000 0.0000 0.0000 0.0000 2.0000 
2023 7 30 0 1.1324 39.5200 0.0000 0.0000 2.2117 751.2254 0.3804 0.0000 2.0000 0.0000 0.0000 0.0000 2.0000 
2023 7 31 0 2.5446 69.3300 0.0000 0.0000 2.2588 751.3229 0.3908 0.0000 2.0000 0.0000 0.0000 0.0000 2.0000 
2023 8 1 0 1.9318 73.8700 0.0000 0.0000 2.2529 751.3107 0.3895 0.0000 2.0000 0.0000 0.0000 0.0000 2.0000 
2023 8 2 0 1.2790 64.7500 0.0000 0.0000 2.1906 751.1816 0.3757 0.0000 2.0000 0.0000 0.0000 0.0000 2.0000 
2023 8 3 0 0.9859 43.5500 0.0000 0.0000 2.1029 751.0002 0.3562 0.0000 2.0000 0.0000 0.0000 0.0000 2.0000 
2023 8 4 0 0.8393 62.1300 0.0000 0.0000 2.0027 750.7925 0.3339 0.0000 2.0000 0.0000 0.0000 0.0000 2.0000 
2023 8 5 0 0.7993 76.9400 0.0000 0.0000 1.8989 750.5776 0.3109 0.0000 2.0000 0.0000 0.0000 0.0000 2.0000 
2023 8 6 0 0.7194 57.5500 0.0000 0.0000 1.7883 750.3485 0.2863 0.0000 2.0000 0.0000 0.0000 0.0000 2.0000 
2023 8 7 0 0.6395 16.8300 0.0000 0.0000 1.6707 750.1051 0.2602 0.0000 2.0000 0.0000 0.0000 0.0000 2.0000 
2023 8 8 0 1.3722 0.0400 0.0000 0.0000 1.6165 749.9919 0.2481 0.0000 2.0000 0.0000 0.0000 0.0000 2.0000 
2023 8 9 0 2.0783 14.7000 0.0000 0.0000 1.6233 750.0075 0.2496 0.0000 2.0000 0.0000 0.0000 0.0000 2.0000 
2023 8 10 0 1.9717 51.2900 0.0000 0.0000 1.6208 750.0019 0.2491 0.0000 2.0000 0.0000 0.0000 0.0000 2.0000 
2023 8 11 0 2.3847 72.3800 0.0000 0.0000 1.6540 750.0705 0.2565 0.0000 2.0000 0.0000 0.0000 0.0000 2.0000 
2023 8 12 0 1.7719 69.7000 0.0000 0.0000 1.6343 750.0330 0.2521 0.0000 2.0000 0.0000 0.0000 0.0000 2.0000 
2023 8 13 0 1.3589 63.1900 0.0000 0.0000 1.5789 749.9056 0.2398 0.0000 2.0000 0.0000 0.0000 0.0000 2.0000 
2023 8 14 0 1.1990 85.9500 0.0000 0.0000 1.5097 749.7465 0.2244 0.0000 2.0000 0.0000 0.0000 0.0000 2.0000 
2023 8 15 0 2.3581 82.7300 0.0000 0.0000 1.5407 749.8177 0.2313 0.0000 2.0000 0.0000 0.0000 0.0000 2.0000 
2023 8 16 0 2.8110 93.5300 0.0000 0.0000 1.6108 749.9787 0.2468 0.0000 2.0000 0.0000 0.0000 0.0000 2.0000 
2023 8 17 0 2.3048 92.9900 0.0000 0.0000 1.6371 750.0393 0.2527 0.0000 2.0000 0.0000 0.0000 0.0000 2.0000 
2023 8 18 0 1.8918 84.3900 0.0000 0.0000 1.6277 750.0178 0.2506 0.0000 2.0000 0.0000 0.0000 0.0000 2.0000 
2023 8 19 0 1.7319 48.8800 0.0000 0.0000 1.6046 749.9645 0.2455 0.0000 2.0000 0.0000 0.0000 0.0000 2.0000 
2023 8 20 0 2.8910 75.6000 0.0000 0.0000 1.6816 750.1275 0.2626 0.0000 2.0000 0.0000 0.0000 0.0000 2.0000 
2023 8 21 0 2.2382 88.4800 0.0000 0.0000 1.7021 750.1701 0.2671 0.0000 2.0000 0.0000 0.0000 0.0000 2.0000 
2023 8 22 0 1.8119 92.0800 0.0000 0.0000 1.6859 750.1364 0.2635 0.0000 2.0000 0.0000 0.0000 0.0000 2.0000 
2023 8 23 0 1.5454 99.5400 0.0000 0.0000 1.6466 750.0611 0.2548 0.0000 2.0000 0.0000 0.0000 0.0000 2.0000 
2023 8 24 0 1.3189 99.6900 0.0000 0.0000 1.5878 749.9259 0.2417 0.0000 2.0000 0.0000 0.0000 0.0000 2.0000 
2023 8 25 0 1.6919 93.1800 0.0000 0.0000 1.5611 749.8647 0.2358 0.0000 2.0000 0.0000 0.0000 0.0000 2.0000 
2023 8 26 0 2.5712 87.9600 0.0000 0.0000 1.6105 749.9781 0.2468 0.0000 2.0000 0.0000 0.0000 0.0000 2.0000 
2023 8 27 0 2.7045 89.4800 0.0000 0.0000 1.6714 750.1064 0.2603 0.0000 2.0000 0.0000 0.0000 0.0000 2.0000 
2023 8 28 0 2.1183 91.8000 0.0000 0.0000 1.6816 750.1275 0.2626 0.0000 2.0000 0.0000 0.0000 0.0000 2.0000 
2023 8 29 0 1.7319 95.0600 0.0000 0.0000 1.6584 750.0795 0.2574 0.0000 2.0000 0.0000 0.0000 0.0000 2.0000 
2023 8 30 0 1.4655 99.5900 0.0000 0.0000 1.6122 749.9821 0.2472 0.0000 2.0000 0.0000 0.0000 0.0000 2.0000 
2023 8 31 0 1.3056 97.2200 0.0000 0.0000 1.5522 749.8442 0.2338 0.0000 2.0000 0.0000 0.0000 0.0000 2.0000 
