CHANNEL node 2 VANAROSEN
N_CASCADE_LINRES 3
K_TRAVELTIME_HOURS 4.00
yyyy mm dd hh [m3/s]    [Mm3]       [m3/s]      [Euro]
yyyy mm dd hh Up_Inflow Storage_Mm3 tot_outflow Qmin_Cost
2022 9 1 0 2.0000 0.03029202 2.2994 0.0000 
2022 9 2 0 2.0000 0.02882815 2.0169 0.0000 
2022 9 3 0 2.0000 0.02880000 2.0003 0.0000 
2022 9 4 0 2.0000 0.02880000 2.0000 0.0000 
2022 9 5 0 2.0000 0.02880000 2.0000 0.0000 
2022 9 6 0 2.0000 0.02880000 2.0000 0.0000 
2022 9 7 0 2.0000 0.02880000 2.0000 0.0000 
2022 9 8 0 2.0000 0.02880000 2.0000 0.0000 
2022 9 9 0 2.0000 0.02880000 2.0000 0.0000 
2022 9 10 0 2.0000 0.02880000 2.0000 0.0000 
2022 9 11 0 2.0000 0.02880000 2.0000 0.0000 
2022 9 12 0 2.0000 0.02880000 2.0000 0.0000 
2022 9 13 0 2.0000 0.02880000 2.0000 0.0000 
2022 9 14 0 2.0000 0.02880000 2.0000 0.0000 
2022 9 15 0 2.0000 0.02880000 2.0000 0.0000 
2022 9 16 0 2.0000 0.02880000 2.0000 0.0000 
2022 9 17 0 2.0000 0.02880000 2.0000 0.0000 
2022 9 18 0 2.0000 0.02880000 2.0000 0.0000 
2022 9 19 0 2.0000 0.02880000 2.0000 0.0000 
2022 9 20 0 2.0000 0.02880000 2.0000 0.0000 
2022 9 21 0 2.0000 0.02880000 2.0000 0.0000 
2022 9 22 0 2.0000 0.02880000 2.0000 0.0000 
2022 9 23 0 2.0000 0.02880000 2.0000 0.0000 
2022 9 24 0 2.0000 0.02880000 2.0000 0.0000 
2022 9 25 0 2.0000 0.02880000 2.0000 0.0000 
2022 9 26 0 2.0000 0.02880000 2.0000 0.0000 
2022 9 27 0 2.0000 0.02880000 2.0000 0.0000 
2022 9 28 0 2.0000 0.02880000 2.0000 0.0000 
2022 9 29 0 2.0000 0.02880000 2.0000 0.0000 
2022 9 30 0 2.0000 0.02880000 2.0000 0.0000 
2022 10 1 0 2.0000 0.02880000 2.0000 0.0000 
2022 10 2 0 2.0000 0.02880000 2.0000 0.0000 
2022 10 3 0 2.0000 0.02880000 2.0000 0.0000 
2022 10 4 0 2.0000 0.02880000 2.0000 0.0000 
2022 10 5 0 5.3881 0.07492855 4.8542 0.0000 
2022 10 6 0 11.3117 0.15818770 10.3481 0.0000 
2022 10 7 0 10.5425 0.15232808 10.6103 0.0000 
2022 10 8 0 9.5603 0.13845024 9.7209 0.0000 
2022 10 9 0 8.3558 0.12128321 8.5544 0.0000 
2022 10 10 0 7.2775 0.10566008 7.4583 0.0000 
2022 10 11 0 6.4844 0.09401349 6.6192 0.0000 
2022 10 12 0 5.7213 0.08299793 5.8488 0.0000 
2022 10 13 0 5.0562 0.07334338 5.1680 0.0000 
2022 10 14 0 4.4460 0.06451207 4.5483 0.0000 
2022 10 15 0 4.6637 0.06699552 4.6350 0.0000 
2022 10 16 0 5.0916 0.07297990 5.0223 0.0000 
2022 10 17 0 5.2473 0.07543262 5.2189 0.0000 
2022 10 18 0 5.2295 0.07531631 5.2308 0.0000 
2022 10 19 0 4.9738 0.07182379 5.0142 0.0000 
2022 10 20 0 4.5256 0.06552469 4.5985 0.0000 
2022 10 21 0 4.0620 0.05886320 4.1391 0.0000 
2022 10 22 0 3.7033 0.05361630 3.7640 0.0000 
2022 10 23 0 4.6887 0.06674937 4.5367 0.0000 
2022 10 24 0 6.1025 0.08675130 5.8710 0.0000 
2022 10 25 0 6.1897 0.08904217 6.1632 0.0000 
2022 10 26 0 9.4605 0.13366182 8.9441 0.0000 
2022 10 27 0 9.2666 0.13354261 9.2680 0.0000 
2022 10 28 0 8.3478 0.12093194 8.4937 0.0000 
2022 10 29 0 8.1977 0.11817807 8.2296 0.0000 
2022 10 30 0 7.8601 0.11345214 7.9148 0.0000 
2022 10 31 0 6.6952 0.09733116 6.8818 0.0000 
2022 11 1 0 5.9330 0.08605091 6.0636 0.0000 
2022 11 2 0 6.3827 0.09156840 6.3188 0.0000 
2022 11 3 0 9.1494 0.12957197 8.7095 0.0000 
2022 11 4 0 10.5594 0.15090662 10.3124 0.0000 
2022 11 5 0 10.6671 0.15350068 10.6371 0.0000 
2022 11 6 0 9.7569 0.14121242 9.8991 0.0000 
2022 11 7 0 9.8887 0.14230776 9.8761 0.0000 
2022 11 8 0 9.4824 0.13686306 9.5454 0.0000 
2022 11 9 0 9.7091 0.13963867 9.6769 0.0000 
2022 11 10 0 9.0609 0.13098263 9.1611 0.0000 
2022 11 11 0 8.1165 0.11762829 8.2710 0.0000 
2022 11 12 0 7.1025 0.10308563 7.2708 0.0000 
2022 11 13 0 6.1811 0.08974576 6.3355 0.0000 
2022 11 14 0 5.5413 0.08031018 5.6505 0.0000 
2022 11 15 0 5.7211 0.08225248 5.6986 0.0000 
2022 11 16 0 6.8932 0.09833912 6.7070 0.0000 
2022 11 17 0 10.5379 0.14886595 9.9530 0.0000 
2022 11 18 0 9.8381 0.14216371 9.9156 0.0000 
2022 11 19 0 8.1738 0.11902026 8.4417 0.0000 
2022 11 20 0 7.2045 0.10453001 7.3722 0.0000 
2022 11 21 0 5.9854 0.08716086 6.1864 0.0000 
2022 11 22 0 4.9758 0.07246224 5.1459 0.0000 
2022 11 23 0 4.5684 0.06611936 4.6418 0.0000 
2022 11 24 0 4.3570 0.06291276 4.3941 0.0000 
2022 11 25 0 4.7343 0.06788147 4.6768 0.0000 
2022 11 26 0 5.8054 0.08275183 5.6333 0.0000 
2022 11 27 0 6.8425 0.09770160 6.6695 0.0000 
2022 11 28 0 8.0828 0.11540354 7.8780 0.0000 
2022 11 29 0 7.7296 0.11156589 7.7741 0.0000 
2022 11 30 0 6.7250 0.09763427 6.8863 0.0000 
2022 12 1 0 5.6808 0.08263866 5.8544 0.0000 
2022 12 2 0 4.7995 0.06982064 4.9479 0.0000 
2022 12 3 0 4.0524 0.05895491 4.1782 0.0000 
2022 12 4 0 3.4899 0.05070723 3.5854 0.0000 
2022 12 5 0 3.0665 0.04449844 3.1384 0.0000 
2022 12 6 0 2.7848 0.04032907 2.8331 0.0000 
2022 12 7 0 2.5821 0.03734553 2.6166 0.0000 
2022 12 8 0 2.4909 0.03594302 2.5071 0.0000 
2022 12 9 0 2.4910 0.03587178 2.4918 0.0000 
2022 12 10 0 2.4911 0.03587188 2.4911 0.0000 
2022 12 11 0 2.5418 0.03656238 2.5338 0.0000 
2022 12 12 0 2.5796 0.03711594 2.5732 0.0000 
2022 12 13 0 2.5629 0.03691832 2.5652 0.0000 
2022 12 14 0 2.5013 0.03606760 2.5112 0.0000 
2022 12 15 0 2.4012 0.03465634 2.4175 0.0000 
2022 12 16 0 2.2942 0.03312178 2.3119 0.0000 
2022 12 17 0 2.1966 0.03170864 2.2129 0.0000 
2022 12 18 0 2.1511 0.03101273 2.1591 0.0000 
2022 12 19 0 2.1858 0.03144871 2.1807 0.0000 
2022 12 20 0 2.4111 0.03454211 2.3753 0.0000 
2022 12 21 0 3.3044 0.04687855 3.1616 0.0000 
2022 12 22 0 3.9442 0.05628136 3.8354 0.0000 
2022 12 23 0 3.9025 0.05621959 3.9032 0.0000 
2022 12 24 0 3.4977 0.05068506 3.5617 0.0000 
2022 12 25 0 3.0624 0.04444621 3.1346 0.0000 
2022 12 26 0 3.4498 0.04937880 3.3927 0.0000 
2022 12 27 0 3.4132 0.04917282 3.4156 0.0000 
2022 12 28 0 3.0670 0.04443652 3.1218 0.0000 
2022 12 29 0 2.8358 0.04102182 2.8753 0.0000 
2022 12 30 0 2.6154 0.03783863 2.6523 0.0000 
2022 12 31 0 2.6738 0.03846045 2.6666 0.0000 
2023 1 1 0 2.5371 0.03664036 2.5581 0.0000 
2023 1 2 0 2.3463 0.03393842 2.3776 0.0000 
2023 1 3 0 2.1570 0.03121204 2.1885 0.0000 
2023 1 4 0 2.0000 0.02892607 2.0265 0.0000 
2023 1 5 0 2.0878 0.02999753 2.0754 0.0000 
2023 1 6 0 2.0385 0.02939134 2.0455 0.0000 
2023 1 7 0 2.0154 0.02904058 2.0195 0.0000 
2023 1 8 0 2.6679 0.03790599 2.5653 0.0000 
2023 1 9 0 3.7073 0.05255917 3.5377 0.0000 
2023 1 10 0 3.8718 0.05560904 3.8365 0.0000 
2023 1 11 0 3.7308 0.05383166 3.7514 0.0000 
2023 1 12 0 3.4728 0.05021268 3.5147 0.0000 
2023 1 13 0 3.1520 0.04564441 3.2049 0.0000 
2023 1 14 0 2.8178 0.04084292 2.8733 0.0000 
2023 1 15 0 2.5576 0.03703863 2.6016 0.0000 
2023 1 16 0 2.3643 0.03420191 2.3972 0.0000 
2023 1 17 0 2.1964 0.03176304 2.2246 0.0000 
2023 1 18 0 2.0911 0.03019747 2.1093 0.0000 
2023 1 19 0 2.0000 0.02887312 2.0153 0.0000 
2023 1 20 0 2.0000 0.02880135 2.0008 0.0000 
2023 1 21 0 2.0000 0.02880000 2.0000 0.0000 
2023 1 22 0 2.0000 0.02880000 2.0000 0.0000 
2023 1 23 0 2.0000 0.02880000 2.0000 0.0000 
2023 1 24 0 2.0000 0.02880000 2.0000 0.0000 
2023 1 25 0 2.0000 0.02880000 2.0000 0.0000 
2023 1 26 0 2.0000 0.02880000 2.0000 0.0000 
2023 1 27 0 2.0000 0.02880000 2.0000 0.0000 
2023 1 28 0 2.0000 0.02880000 2.0000 0.0000 
2023 1 29 0 2.0000 0.02880000 2.0000 0.0000 
2023 1 30 0 2.0000 0.02880000 2.0000 0.0000 
2023 1 31 0 2.0000 0.02880000 2.0000 0.0000 
2023 2 1 0 2.0000 0.02880000 2.0000 0.0000 
2023 2 2 0 2.0000 0.02880000 2.0000 0.0000 
2023 2 3 0 2.0000 0.02880000 2.0000 0.0000 
2023 2 4 0 2.0000 0.02880000 2.0000 0.0000 
2023 2 5 0 2.0000 0.02880000 2.0000 0.0000 
2023 2 6 0 2.0000 0.02880000 2.0000 0.0000 
2023 2 7 0 2.0000 0.02880000 2.0000 0.0000 
2023 2 8 0 2.0000 0.02880000 2.0000 0.0000 
2023 2 9 0 2.0000 0.02880000 2.0000 0.0000 
2023 2 10 0 2.0000 0.02880000 2.0000 0.0000 
2023 2 11 0 2.0000 0.02880000 2.0000 0.0000 
2023 2 12 0 2.0000 0.02880000 2.0000 0.0000 
2023 2 13 0 2.0000 0.02880000 2.0000 0.0000 
2023 2 14 0 2.0000 0.02880000 2.0000 0.0000 
2023 2 15 0 2.0000 0.02880000 2.0000 0.0000 
2023 2 16 0 2.0000 0.02880000 2.0000 0.0000 
2023 2 17 0 2.0000 0.02880000 2.0000 0.0000 
2023 2 18 0 2.0000 0.02880000 2.0000 0.0000 
2023 2 19 0 2.0000 0.02880000 2.0000 0.0000 
2023 2 20 0 2.0000 0.02880000 2.0000 0.0000 
2023 2 21 0 2.0000 0.02880000 2.0000 0.0000 
2023 2 22 0 2.0000 0.02880000 2.0000 0.0000 
2023 2 23 0 2.0000 0.02880000 2.0000 0.0000 
2023 2 24 0 2.0000 0.02880000 2.0000 0.0000 
2023 2 25 0 2.0000 0.02880000 2.0000 0.0000 
2023 2 26 0 2.0000 0.02880000 2.0000 0.0000 
2023 2 27 0 2.0000 0.02880000 2.0000 0.0000 
2023 2 28 0 2.0000 0.02880000 2.0000 0.0000 
2023 3 1 0 2.0000 0.02880000 2.0000 0.0000 
2023 3 2 0 2.0000 0.02880000 2.0000 0.0000 
2023 3 3 0 2.0000 0.02880000 2.0000 0.0000 
2023 3 4 0 2.0000 0.02880000 2.0000 0.0000 
2023 3 5 0 2.0000 0.02880000 2.0000 0.0000 
2023 3 6 0 2.0000 0.02880000 2.0000 0.0000 
2023 3 7 0 2.0000 0.02880000 2.0000 0.0000 
2023 3 8 0 2.0000 0.02880000 2.0000 0.0000 
2023 3 9 0 2.0000 0.02880000 2.0000 0.0000 
2023 3 10 0 2.0000 0.02880000 2.0000 0.0000 
2023 3 11 0 2.0000 0.02880000 2.0000 0.0000 
2023 3 12 0 2.0000 0.02880000 2.0000 0.0000 
2023 3 13 0 2.0000 0.02880000 2.0000 0.0000 
2023 3 14 0 2.0000 0.02880000 2.0000 0.0000 
2023 3 15 0 2.0000 0.02880000 2.0000 0.0000 
2023 3 16 0 2.0000 0.02880000 2.0000 0.0000 
2023 3 17 0 2.0000 0.02880000 2.0000 0.0000 
2023 3 18 0 2.0000 0.02880000 2.0000 0.0000 
2023 3 19 0 2.0000 0.02880000 2.0000 0.0000 
2023 3 20 0 2.0000 0.02880000 2.0000 0.0000 
2023 3 21 0 2.0000 0.02880000 2.0000 0.0000 
2023 3 22 0 2.0000 0.02880000 2.0000 0.0000 
2023 3 23 0 2.0000 0.02880000 2.0000 0.0000 
2023 3 24 0 2.0000 0.02880000 2.0000 0.0000 
2023 3 25 0 2.0000 0.02880000 2.0000 0.0000 
2023 3 26 0 2.0000 0.02880000 2.0000 0.0000 
2023 3 27 0 2.0000 0.02880000 2.0000 0.0000 
2023 3 28 0 2.0000 0.02880000 2.0000 0.0000 
2023 3 29 0 2.0000 0.02880000 2.0000 0.0000 
2023 3 30 0 2.0000 0.02880000 2.0000 0.0000 
2023 3 31 0 2.0000 0.02880000 2.0000 0.0000 
2023 4 1 0 2.0000 0.02880000 2.0000 0.0000 
2023 4 2 0 2.0000 0.02880000 2.0000 0.0000 
2023 4 3 0 2.0000 0.02880000 2.0000 0.0000 
2023 4 4 0 2.0000 0.02880000 2.0000 0.0000 
2023 4 5 0 2.0000 0.02880000 2.0000 0.0000 
2023 4 6 0 2.0000 0.02880000 2.0000 0.0000 
2023 4 7 0 2.0000 0.02880000 2.0000 0.0000 
2023 4 8 0 2.0000 0.02880000 2.0000 0.0000 
2023 4 9 0 2.0000 0.02880000 2.0000 0.0000 
2023 4 10 0 2.0000 0.02880000 2.0000 0.0000 
2023 4 11 0 2.0000 0.02880000 2.0000 0.0000 
2023 4 12 0 2.0000 0.02880000 2.0000 0.0000 
2023 4 13 0 2.0000 0.02880000 2.0000 0.0000 
2023 4 14 0 2.0000 0.02880000 2.0000 0.0000 
2023 4 15 0 2.0000 0.02880000 2.0000 0.0000 
2023 4 16 0 2.0000 0.02880000 2.0000 0.0000 
2023 4 17 0 2.5803 0.03670012 2.4888 0.0000 
2023 4 18 0 3.4519 0.04901494 3.3094 0.0000 
2023 4 19 0 4.1559 0.05927924 4.0371 0.0000 
2023 4 20 0 4.9020 0.06999286 4.7780 0.0000 
2023 4 21 0 5.8093 0.08293015 5.6595 0.0000 
2023 4 22 0 6.8220 0.09742772 6.6542 0.0000 
2023 4 23 0 8.0602 0.11507963 7.8559 0.0000 
2023 4 24 0 8.8199 0.12639107 8.6889 0.0000 
2023 4 25 0 8.9578 0.12887330 8.9291 0.0000 
2023 4 26 0 8.6015 0.12413974 8.6563 0.0000 
2023 4 27 0 7.9125 0.11448683 8.0243 0.0000 
2023 4 28 0 7.1900 0.10411374 7.3101 0.0000 
2023 4 29 0 6.5791 0.09522899 6.6819 0.0000 
2023 4 30 0 6.0780 0.08792530 6.1625 0.0000 
2023 5 1 0 5.7086 0.08250151 5.7714 0.0000 
2023 5 2 0 5.5452 0.07998441 5.5743 0.0000 
2023 5 3 0 5.5395 0.07977600 5.5419 0.0000 
2023 5 4 0 5.5773 0.08028298 5.5714 0.0000 
2023 5 5 0 5.5283 0.07964520 5.5357 0.0000 
2023 5 6 0 5.3535 0.07722843 5.3815 0.0000 
2023 5 7 0 5.1102 0.07378065 5.1501 0.0000 
2023 5 8 0 5.0477 0.07273940 5.0597 0.0000 
2023 5 9 0 5.5777 0.07990361 5.4948 0.0000 
2023 5 10 0 7.4762 0.10615824 7.1723 0.0000 
2023 5 11 0 9.4736 0.13482351 9.1418 0.0000 
2023 5 12 0 12.0023 0.17081761 11.5857 0.0000 
2023 5 13 0 14.4355 0.20592263 14.0292 0.0000 
2023 5 14 0 15.8478 0.22706300 15.6031 0.0000 
2023 5 15 0 18.0885 0.25869452 17.7224 0.0000 
2023 5 16 0 21.4604 0.30634883 20.9088 0.0000 
2023 5 17 0 21.3943 0.30807959 21.3742 0.0000 
2023 5 18 0 19.3622 0.28041281 19.6825 0.0000 
2023 5 19 0 17.2454 0.25002653 17.5971 0.0000 
2023 5 20 0 15.8382 0.22920649 16.0792 0.0000 
2023 5 21 0 14.6503 0.21191842 14.8504 0.0000 
2023 5 22 0 13.7103 0.19818419 13.8693 0.0000 
2023 5 23 0 14.2140 0.20430030 14.1432 0.0000 
2023 5 24 0 14.8319 0.21308702 14.7302 0.0000 
2023 5 25 0 14.7583 0.21256832 14.7643 0.0000 
2023 5 26 0 14.9241 0.21477818 14.8985 0.0000 
2023 5 27 0 14.4753 0.20879380 14.5445 0.0000 
2023 5 28 0 13.0986 0.18970694 13.3195 0.0000 
2023 5 29 0 11.1956 0.16273094 11.5078 0.0000 
2023 5 30 0 9.5871 0.13934492 9.8577 0.0000 
2023 5 31 0 8.2168 0.11942114 8.4474 0.0000 
2023 6 1 0 7.0760 0.10281055 7.2683 0.0000 
2023 6 2 0 6.0348 0.08773600 6.2093 0.0000 
2023 6 3 0 5.1233 0.07450630 5.2764 0.0000 
2023 6 4 0 4.4024 0.06397456 4.5243 0.0000 
2023 6 5 0 3.8110 0.05535358 3.9108 0.0000 
2023 6 6 0 3.2951 0.04786274 3.3818 0.0000 
2023 6 7 0 2.8423 0.04129251 2.9184 0.0000 
2023 6 8 0 2.4494 0.03558596 2.5154 0.0000 
2023 6 9 0 2.1047 0.03058438 2.1626 0.0000 
2023 6 10 0 2.0000 0.02888733 2.0196 0.0000 
2023 6 11 0 2.0000 0.02880155 2.0010 0.0000 
2023 6 12 0 2.0000 0.02880000 2.0000 0.0000 
2023 6 13 0 2.0000 0.02880000 2.0000 0.0000 
2023 6 14 0 2.0000 0.02880000 2.0000 0.0000 
2023 6 15 0 2.0000 0.02880000 2.0000 0.0000 
2023 6 16 0 2.0000 0.02880000 2.0000 0.0000 
2023 6 17 0 2.0000 0.02880000 2.0000 0.0000 
2023 6 18 0 2.0000 0.02880000 2.0000 0.0000 
2023 6 19 0 2.0000 0.02880000 2.0000 0.0000 
2023 6 20 0 2.0000 0.02880000 2.0000 0.0000 
2023 6 21 0 2.0000 0.02880000 2.0000 0.0000 
2023 6 22 0 2.0000 0.02880000 2.0000 0.0000 
2023 6 23 0 2.0000 0.02880000 2.0000 0.0000 
2023 6 24 0 2.0000 0.02880000 2.0000 0.0000 
2023 6 25 0 2.0000 0.02880000 2.0000 0.0000 
2023 6 26 0 2.0000 0.02880000 2.0000 0.0000 
2023 6 27 0 2.0000 0.02880000 2.0000 0.0000 
2023 6 28 0 2.0000 0.02880000 2.0000 0.0000 
2023 6 29 0 2.0000 0.02880000 2.0000 0.0000 
2023 6 30 0 2.0000 0.02880000 2.0000 0.0000 
2023 7 1 0 2.0000 0.02880000 2.0000 0.0000 
2023 7 2 0 2.0000 0.02880000 2.0000 0.0000 
2023 7 3 0 2.0000 0.02880000 2.0000 0.0000 
2023 7 4 0 2.0000 0.02880000 2.0000 0.0000 
2023 7 5 0 2.0000 0.02880000 2.0000 0.0000 
2023 7 6 0 2.0000 0.02880000 2.0000 0.0000 
2023 7 7 0 2.0000 0.02880000 2.0000 0.0000 
2023 7 8 0 2.0000 0.02880000 2.0000 0.0000 
2023 7 9 0 2.0000 0.02880000 2.0000 0.0000 
2023 7 10 0 2.0000 0.02880000 2.0000 0.0000 
2023 7 11 0 2.0000 0.02880000 2.0000 0.0000 
2023 7 12 0 2.0000 0.02880000 2.0000 0.0000 
2023 7 13 0 2.0000 0.02880000 2.0000 0.0000 
2023 7 14 0 2.0000 0.02880000 2.0000 0.0000 
2023 7 15 0 2.0000 0.02880000 2.0000 0.0000 
2023 7 16 0 2.0000 0.02880000 2.0000 0.0000 
2023 7 17 0 2.0000 0.02880000 2.0000 0.0000 
2023 7 18 0 2.0000 0.02880000 2.0000 0.0000 
2023 7 19 0 2.0000 0.02880000 2.0000 0.0000 
2023 7 20 0 2.0000 0.02880000 2.0000 0.0000 
2023 7 21 0 2.0000 0.02880000 2.0000 0.0000 
2023 7 22 0 2.0000 0.02880000 2.0000 0.0000 
2023 7 23 0 2.0000 0.02880000 2.0000 0.0000 
2023 7 24 0 2.0000 0.02880000 2.0000 0.0000 
2023 7 25 0 2.0000 0.02880000 2.0000 0.0000 
2023 7 26 0 2.0000 0.02880000 2.0000 0.0000 
2023 7 27 0 2.0000 0.02880000 2.0000 0.0000 
2023 7 28 0 2.0000 0.02880000 2.0000 0.0000 
2023 7 29 0 2.0000 0.02880000 2.0000 0.0000 
2023 7 30 0 2.0000 0.02880000 2.0000 0.0000 
2023 7 31 0 2.0000 0.02880000 2.0000 0.0000 
2023 8 1 0 2.0000 0.02880000 2.0000 0.0000 
2023 8 2 0 2.0000 0.02880000 2.0000 0.0000 
2023 8 3 0 2.0000 0.02880000 2.0000 0.0000 
2023 8 4 0 2.0000 0.02880000 2.0000 0.0000 
2023 8 5 0 2.0000 0.02880000 2.0000 0.0000 
2023 8 6 0 2.0000 0.02880000 2.0000 0.0000 
2023 8 7 0 2.0000 0.02880000 2.0000 0.0000 
2023 8 8 0 2.0000 0.02880000 2.0000 0.0000 
2023 8 9 0 2.0000 0.02880000 2.0000 0.0000 
2023 8 10 0 2.0000 0.02880000 2.0000 0.0000 
2023 8 11 0 2.0000 0.02880000 2.0000 0.0000 
2023 8 12 0 2.0000 0.02880000 2.0000 0.0000 
2023 8 13 0 2.0000 0.02880000 2.0000 0.0000 
2023 8 14 0 2.0000 0.02880000 2.0000 0.0000 
2023 8 15 0 2.0000 0.02880000 2.0000 0.0000 
2023 8 16 0 2.0000 0.02880000 2.0000 0.0000 
2023 8 17 0 2.0000 0.02880000 2.0000 0.0000 
2023 8 18 0 2.0000 0.02880000 2.0000 0.0000 
2023 8 19 0 2.0000 0.02880000 2.0000 0.0000 
2023 8 20 0 2.0000 0.02880000 2.0000 0.0000 
2023 8 21 0 2.0000 0.02880000 2.0000 0.0000 
2023 8 22 0 2.0000 0.02880000 2.0000 0.0000 
2023 8 23 0 2.0000 0.02880000 2.0000 0.0000 
2023 8 24 0 2.0000 0.02880000 2.0000 0.0000 
2023 8 25 0 2.0000 0.02880000 2.0000 0.0000 
2023 8 26 0 2.0000 0.02880000 2.0000 0.0000 
2023 8 27 0 2.0000 0.02880000 2.0000 0.0000 
2023 8 28 0 2.0000 0.02880000 2.0000 0.0000 
2023 8 29 0 2.0000 0.02880000 2.0000 0.0000 
2023 8 30 0 2.0000 0.02880000 2.0000 0.0000 
2023 8 31 0 2.0000 0.02880000 2.0000 0.0000 
