Riversystem syn_rho1_R0p5 reservoir fractions [fr] 
YYYY MM DD HH SYN_RHO1_R0P5 
2022 9 1 0 0.6706 
2022 9 2 0 0.6401 
2022 9 3 0 0.6088 
2022 9 4 0 0.5786 
2022 9 5 0 0.5499 
2022 9 6 0 0.5233 
2022 9 7 0 0.4969 
2022 9 8 0 0.4693 
2022 9 9 0 0.4406 
2022 9 10 0 0.4124 
2022 9 11 0 0.3863 
2022 9 12 0 0.3658 
2022 9 13 0 0.3760 
2022 9 14 0 0.3721 
2022 9 15 0 0.3624 
2022 9 16 0 0.3475 
2022 9 17 0 0.3286 
2022 9 18 0 0.3058 
2022 9 19 0 0.2804 
2022 9 20 0 0.2535 
2022 9 21 0 0.2256 
2022 9 22 0 0.1972 
2022 9 23 0 0.1688 
2022 9 24 0 0.1409 
2022 9 25 0 0.1557 
2022 9 26 0 0.2045 
2022 9 27 0 0.2748 
2022 9 28 0 0.3850 
2022 9 29 0 0.4459 
2022 9 30 0 0.4821 
2022 10 1 0 0.5849 
2022 10 2 0 0.7154 
2022 10 3 0 0.8253 
2022 10 4 0 0.9320 
2022 10 5 0 1.1232 
2022 10 6 0 1.3385 
2022 10 7 0 1.3106 
2022 10 8 0 1.2749 
2022 10 9 0 1.2311 
2022 10 10 0 1.1919 
2022 10 11 0 1.1630 
2022 10 12 0 1.1353 
2022 10 13 0 1.1111 
2022 10 14 0 1.0889 
2022 10 15 0 1.0968 
2022 10 16 0 1.1124 
2022 10 17 0 1.1181 
2022 10 18 0 1.1174 
2022 10 19 0 1.1081 
2022 10 20 0 1.0918 
2022 10 21 0 1.0750 
2022 10 22 0 1.0619 
2022 10 23 0 1.0978 
2022 10 24 0 1.1491 
2022 10 25 0 1.1523 
2022 10 26 0 1.2712 
2022 10 27 0 1.2642 
2022 10 28 0 1.2308 
2022 10 29 0 1.2253 
2022 10 30 0 1.2130 
2022 10 31 0 1.1707 
2022 11 1 0 1.1430 
2022 11 2 0 1.1593 
2022 11 3 0 1.2599 
2022 11 4 0 1.3112 
2022 11 5 0 1.3151 
2022 11 6 0 1.2820 
2022 11 7 0 1.2868 
2022 11 8 0 1.2720 
2022 11 9 0 1.2803 
2022 11 10 0 1.2567 
2022 11 11 0 1.2224 
2022 11 12 0 1.1855 
2022 11 13 0 1.1520 
2022 11 14 0 1.1287 
2022 11 15 0 1.1353 
2022 11 16 0 1.1779 
2022 11 17 0 1.3104 
2022 11 18 0 1.2850 
2022 11 19 0 1.2245 
2022 11 20 0 1.1892 
2022 11 21 0 1.1449 
2022 11 22 0 1.1082 
2022 11 23 0 1.0934 
2022 11 24 0 1.0857 
2022 11 25 0 1.0994 
2022 11 26 0 1.1383 
2022 11 27 0 1.1761 
2022 11 28 0 1.2211 
2022 11 29 0 1.2083 
2022 11 30 0 1.1718 
2022 12 1 0 1.1338 
2022 12 2 0 1.1018 
2022 12 3 0 1.0746 
2022 12 4 0 1.0542 
2022 12 5 0 1.0388 
2022 12 6 0 1.0285 
2022 12 7 0 1.0212 
2022 12 8 0 1.0178 
2022 12 9 0 1.0179 
2022 12 10 0 1.0179 
2022 12 11 0 1.0197 
2022 12 12 0 1.0211 
2022 12 13 0 1.0205 
2022 12 14 0 1.0182 
2022 12 15 0 1.0146 
2022 12 16 0 1.0107 
2022 12 17 0 1.0071 
2022 12 18 0 1.0055 
2022 12 19 0 1.0068 
2022 12 20 0 1.0149 
2022 12 21 0 1.0474 
2022 12 22 0 1.0707 
2022 12 23 0 1.0692 
2022 12 24 0 1.0544 
2022 12 25 0 1.0386 
2022 12 26 0 1.0527 
2022 12 27 0 1.0514 
2022 12 28 0 1.0388 
2022 12 29 0 1.0304 
2022 12 30 0 1.0224 
2022 12 31 0 1.0245 
2023 1 1 0 1.0195 
2023 1 2 0 1.0126 
2023 1 3 0 1.0057 
2023 1 4 0 0.9993 
2023 1 5 0 1.0032 
2023 1 6 0 1.0014 
2023 1 7 0 1.0006 
2023 1 8 0 1.0243 
2023 1 9 0 1.0621 
2023 1 10 0 1.0680 
2023 1 11 0 1.0629 
2023 1 12 0 1.0535 
2023 1 13 0 1.0419 
2023 1 14 0 1.0297 
2023 1 15 0 1.0203 
2023 1 16 0 1.0132 
2023 1 17 0 1.0071 
2023 1 18 0 1.0033 
2023 1 19 0 0.9969 
2023 1 20 0 0.9894 
2023 1 21 0 0.9802 
2023 1 22 0 0.9710 
2023 1 23 0 0.9661 
2023 1 24 0 0.9578 
2023 1 25 0 0.9496 
2023 1 26 0 0.9453 
2023 1 27 0 0.9391 
2023 1 28 0 0.9304 
2023 1 29 0 0.9198 
2023 1 30 0 0.9126 
2023 1 31 0 0.9044 
2023 2 1 0 0.8942 
2023 2 2 0 0.8880 
2023 2 3 0 0.8775 
2023 2 4 0 0.8626 
2023 2 5 0 0.8462 
2023 2 6 0 0.8283 
2023 2 7 0 0.8088 
2023 2 8 0 0.7886 
2023 2 9 0 0.7709 
2023 2 10 0 0.7545 
2023 2 11 0 0.7396 
2023 2 12 0 0.7260 
2023 2 13 0 0.7124 
2023 2 14 0 0.6986 
2023 2 15 0 0.6812 
2023 2 16 0 0.6622 
2023 2 17 0 0.6466 
2023 2 18 0 0.6330 
2023 2 19 0 0.6209 
2023 2 20 0 0.6107 
2023 2 21 0 0.6019 
2023 2 22 0 0.5899 
2023 2 23 0 0.5796 
2023 2 24 0 0.5709 
2023 2 25 0 0.5688 
2023 2 26 0 0.5821 
2023 2 27 0 0.6046 
2023 2 28 0 0.6173 
2023 3 1 0 0.6234 
2023 3 2 0 0.6247 
2023 3 3 0 0.6223 
2023 3 4 0 0.6185 
2023 3 5 0 0.6146 
2023 3 6 0 0.6038 
2023 3 7 0 0.5874 
2023 3 8 0 0.5705 
2023 3 9 0 0.5513 
2023 3 10 0 0.5300 
2023 3 11 0 0.5077 
2023 3 12 0 0.4867 
2023 3 13 0 0.4655 
2023 3 14 0 0.4437 
2023 3 15 0 0.4209 
2023 3 16 0 0.3971 
2023 3 17 0 0.3743 
2023 3 18 0 0.3546 
2023 3 19 0 0.3338 
2023 3 20 0 0.3146 
2023 3 21 0 0.2956 
2023 3 22 0 0.2769 
2023 3 23 0 0.2605 
2023 3 24 0 0.2495 
2023 3 25 0 0.2446 
2023 3 26 0 0.2423 
2023 3 27 0 0.2420 
2023 3 28 0 0.2438 
2023 3 29 0 0.2412 
2023 3 30 0 0.2370 
2023 3 31 0 0.2697 
2023 4 1 0 0.4211 
2023 4 2 0 0.5580 
2023 4 3 0 0.6342 
2023 4 4 0 0.6684 
2023 4 5 0 0.6888 
2023 4 6 0 0.7026 
2023 4 7 0 0.7074 
2023 4 8 0 0.7069 
2023 4 9 0 0.7025 
2023 4 10 0 0.6989 
2023 4 11 0 0.7498 
2023 4 12 0 0.7907 
2023 4 13 0 0.8316 
2023 4 14 0 0.8832 
2023 4 15 0 0.9313 
2023 4 16 0 0.9793 
2023 4 17 0 1.0211 
2023 4 18 0 1.0528 
2023 4 19 0 1.0784 
2023 4 20 0 1.1055 
2023 4 21 0 1.1385 
2023 4 22 0 1.1753 
2023 4 23 0 1.2203 
2023 4 24 0 1.2479 
2023 4 25 0 1.2530 
2023 4 26 0 1.2400 
2023 4 27 0 1.2150 
2023 4 28 0 1.1887 
2023 4 29 0 1.1665 
2023 4 30 0 1.1483 
2023 5 1 0 1.1348 
2023 5 2 0 1.1289 
2023 5 3 0 1.1287 
2023 5 4 0 1.1301 
2023 5 5 0 1.1283 
2023 5 6 0 1.1219 
2023 5 7 0 1.1131 
2023 5 8 0 1.1108 
2023 5 9 0 1.1301 
2023 5 10 0 1.1991 
2023 5 11 0 1.2717 
2023 5 12 0 1.3646 
2023 5 13 0 1.4379 
2023 5 14 0 1.4809 
2023 5 15 0 1.5493 
2023 5 16 0 1.6522 
2023 5 17 0 1.6502 
2023 5 18 0 1.5882 
2023 5 19 0 1.5236 
2023 5 20 0 1.4807 
2023 5 21 0 1.4444 
2023 5 22 0 1.4157 
2023 5 23 0 1.4311 
2023 5 24 0 1.4500 
2023 5 25 0 1.4477 
2023 5 26 0 1.4528 
2023 5 27 0 1.4391 
2023 5 28 0 1.3971 
2023 5 29 0 1.3343 
2023 5 30 0 1.2758 
2023 5 31 0 1.2260 
2023 6 1 0 1.1845 
2023 6 2 0 1.1467 
2023 6 3 0 1.1135 
2023 6 4 0 1.0873 
2023 6 5 0 1.0658 
2023 6 6 0 1.0471 
2023 6 7 0 1.0306 
2023 6 8 0 1.0163 
2023 6 9 0 1.0038 
2023 6 10 0 0.9889 
2023 6 11 0 0.9705 
2023 6 12 0 0.9495 
2023 6 13 0 0.9264 
2023 6 14 0 0.9011 
2023 6 15 0 0.8744 
2023 6 16 0 0.8470 
2023 6 17 0 0.8186 
2023 6 18 0 0.7897 
2023 6 19 0 0.7610 
2023 6 20 0 0.7333 
2023 6 21 0 0.7111 
2023 6 22 0 0.7228 
2023 6 23 0 0.7210 
2023 6 24 0 0.7082 
2023 6 25 0 0.6882 
2023 6 26 0 0.6646 
2023 6 27 0 0.6400 
2023 6 28 0 0.6157 
2023 6 29 0 0.5906 
2023 6 30 0 0.5655 
2023 7 1 0 0.5389 
2023 7 2 0 0.5122 
2023 7 3 0 0.4856 
2023 7 4 0 0.4615 
2023 7 5 0 0.4372 
2023 7 6 0 0.4152 
2023 7 7 0 0.3995 
2023 7 8 0 0.4008 
2023 7 9 0 0.4048 
2023 7 10 0 0.4038 
2023 7 11 0 0.3989 
2023 7 12 0 0.3999 
2023 7 13 0 0.3947 
2023 7 14 0 0.3834 
2023 7 15 0 0.3765 
2023 7 16 0 0.3980 
2023 7 17 0 0.4445 
2023 7 18 0 0.4787 
2023 7 19 0 0.4963 
2023 7 20 0 0.5040 
2023 7 21 0 0.5045 
2023 7 22 0 0.5001 
2023 7 23 0 0.4947 
2023 7 24 0 0.4854 
2023 7 25 0 0.4719 
2023 7 26 0 0.4560 
2023 7 27 0 0.4378 
2023 7 28 0 0.4178 
2023 7 29 0 0.3970 
2023 7 30 0 0.3804 
2023 7 31 0 0.3908 
2023 8 1 0 0.3895 
2023 8 2 0 0.3757 
2023 8 3 0 0.3562 
2023 8 4 0 0.3339 
2023 8 5 0 0.3109 
2023 8 6 0 0.2863 
2023 8 7 0 0.2602 
2023 8 8 0 0.2481 
2023 8 9 0 0.2496 
2023 8 10 0 0.2491 
2023 8 11 0 0.2565 
2023 8 12 0 0.2521 
2023 8 13 0 0.2398 
2023 8 14 0 0.2244 
2023 8 15 0 0.2313 
2023 8 16 0 0.2468 
2023 8 17 0 0.2527 
2023 8 18 0 0.2506 
2023 8 19 0 0.2455 
2023 8 20 0 0.2626 
2023 8 21 0 0.2671 
2023 8 22 0 0.2635 
2023 8 23 0 0.2548 
2023 8 24 0 0.2417 
2023 8 25 0 0.2358 
2023 8 26 0 0.2468 
2023 8 27 0 0.2603 
2023 8 28 0 0.2626 
2023 8 29 0 0.2574 
2023 8 30 0 0.2472 
2023 8 31 0 0.2338 
