CHANNEL node 2 VANAROSEN
N_CASCADE_LINRES 3
K_TRAVELTIME_HOURS 4.00
yyyy mm dd hh [m3/s]    [Mm3]       [m3/s]      [Euro]
yyyy mm dd hh Up_Inflow Storage_Mm3 tot_outflow Qmin_Cost
2022 9 1 0 2.0000 0.02952826 2.1462 0.0000 
2022 9 2 0 2.0000 0.02881374 2.0083 0.0000 
2022 9 3 0 2.0000 0.02880000 2.0002 0.0000 
2022 9 4 0 2.0000 0.02880000 2.0000 0.0000 
2022 9 5 0 2.0000 0.02880000 2.0000 0.0000 
2022 9 6 0 2.0000 0.02880000 2.0000 0.0000 
2022 9 7 0 2.0000 0.02880000 2.0000 0.0000 
2022 9 8 0 2.0000 0.02880000 2.0000 0.0000 
2022 9 9 0 2.0000 0.02880000 2.0000 0.0000 
2022 9 10 0 2.0000 0.02880000 2.0000 0.0000 
2022 9 11 0 2.0000 0.02880000 2.0000 0.0000 
2022 9 12 0 2.0000 0.02880000 2.0000 0.0000 
2022 9 13 0 2.0000 0.02880000 2.0000 0.0000 
2022 9 14 0 2.0000 0.02880000 2.0000 0.0000 
2022 9 15 0 2.0000 0.02880000 2.0000 0.0000 
2022 9 16 0 2.0000 0.02880000 2.0000 0.0000 
2022 9 17 0 2.0000 0.02880000 2.0000 0.0000 
2022 9 18 0 2.0000 0.02880000 2.0000 0.0000 
2022 9 19 0 2.0000 0.02880000 2.0000 0.0000 
2022 9 20 0 2.0000 0.02880000 2.0000 0.0000 
2022 9 21 0 2.0000 0.02880000 2.0000 0.0000 
2022 9 22 0 2.0000 0.02880000 2.0000 0.0000 
2022 9 23 0 2.0000 0.02880000 2.0000 0.0000 
2022 9 24 0 2.0000 0.02880000 2.0000 0.0000 
2022 9 25 0 2.0000 0.02880000 2.0000 0.0000 
2022 9 26 0 2.0000 0.02880000 2.0000 0.0000 
2022 9 27 0 2.0000 0.02880000 2.0000 0.0000 
2022 9 28 0 2.0000 0.02880000 2.0000 0.0000 
2022 9 29 0 2.0000 0.02880000 2.0000 0.0000 
2022 9 30 0 2.0000 0.02880000 2.0000 0.0000 
2022 10 1 0 2.0000 0.02880000 2.0000 0.0000 
2022 10 2 0 2.0000 0.02880000 2.0000 0.0000 
2022 10 3 0 2.0000 0.02880000 2.0000 0.0000 
2022 10 4 0 2.0000 0.02880000 2.0000 0.0000 
2022 10 5 0 2.0000 0.02880000 2.0000 0.0000 
2022 10 6 0 2.0000 0.02880000 2.0000 0.0000 
2022 10 7 0 2.0000 0.02880000 2.0000 0.0000 
2022 10 8 0 2.0000 0.02880000 2.0000 0.0000 
2022 10 9 0 2.0000 0.02880000 2.0000 0.0000 
2022 10 10 0 2.0000 0.02880000 2.0000 0.0000 
2022 10 11 0 2.0207 0.02908232 2.0175 0.0000 
2022 10 12 0 2.2262 0.03189620 2.1937 0.0000 
2022 10 13 0 2.3340 0.03352231 2.3152 0.0000 
2022 10 14 0 2.3575 0.03392828 2.3528 0.0000 
2022 10 15 0 2.6085 0.03736514 2.5687 0.0000 
2022 10 16 0 2.9233 0.04184414 2.8714 0.0000 
2022 10 17 0 3.1370 0.04499993 3.1004 0.0000 
2022 10 18 0 3.2688 0.04696436 3.2461 0.0000 
2022 10 19 0 3.2863 0.04730713 3.2823 0.0000 
2022 10 20 0 3.1954 0.04608435 3.2095 0.0000 
2022 10 21 0 3.0562 0.04411982 3.0789 0.0000 
2022 10 22 0 2.9203 0.04216163 2.9430 0.0000 
2022 10 23 0 3.2659 0.04675939 3.2127 0.0000 
2022 10 24 0 3.8403 0.05484403 3.7467 0.0000 
2022 10 25 0 4.0009 0.05747893 3.9704 0.0000 
2022 10 26 0 5.3400 0.07584194 5.1274 0.0000 
2022 10 27 0 5.5715 0.08002846 5.5231 0.0000 
2022 10 28 0 5.4659 0.07878796 5.4802 0.0000 
2022 10 29 0 5.5478 0.07982546 5.5358 0.0000 
2022 10 30 0 5.5257 0.07958636 5.5285 0.0000 
2022 10 31 0 5.1532 0.07449895 5.2121 0.0000 
2022 11 1 0 4.8451 0.07001642 4.8969 0.0000 
2022 11 2 0 4.9461 0.07114966 4.9330 0.0000 
2022 11 3 0 5.9577 0.08499498 5.7974 0.0000 
2022 11 4 0 6.6441 0.09512116 6.5269 0.0000 
2022 11 5 0 6.9061 0.09923129 6.8585 0.0000 
2022 11 6 0 6.7547 0.09738223 6.7761 0.0000 
2022 11 7 0 6.9025 0.09928177 6.8805 0.0000 
2022 11 8 0 6.8398 0.09854063 6.8484 0.0000 
2022 11 9 0 6.9729 0.10030648 6.9525 0.0000 
2022 11 10 0 6.7841 0.09783683 6.8126 0.0000 
2022 11 11 0 6.4326 0.09290789 6.4896 0.0000 
2022 11 12 0 5.9932 0.08665255 6.0656 0.0000 
2022 11 13 0 5.5330 0.08004328 5.6095 0.0000 
2022 11 14 0 5.1385 0.07431113 5.2049 0.0000 
2022 11 15 0 5.0368 0.07261584 5.0564 0.0000 
2022 11 16 0 5.3484 0.07677390 5.3003 0.0000 
2022 11 17 0 6.6862 0.09522562 6.4726 0.0000 
2022 11 18 0 6.6350 0.09556405 6.6311 0.0000 
2022 11 19 0 6.1399 0.08880418 6.2181 0.0000 
2022 11 20 0 5.7753 0.08345818 5.8372 0.0000 
2022 11 21 0 5.2543 0.07607602 5.3397 0.0000 
2022 11 22 0 4.7438 0.06871888 4.8289 0.0000 
2022 11 23 0 4.4165 0.06386252 4.4727 0.0000 
2022 11 24 0 4.1666 0.06019970 4.2090 0.0000 
2022 11 25 0 4.1533 0.05982215 4.1577 0.0000 
2022 11 26 0 4.4517 0.06387047 4.4048 0.0000 
2022 11 27 0 4.8247 0.06917782 4.7632 0.0000 
2022 11 28 0 5.3440 0.07654004 5.2588 0.0000 
2022 11 29 0 5.3364 0.07684217 5.3329 0.0000 
2022 11 30 0 5.0398 0.07280598 5.0865 0.0000 
2022 12 1 0 4.6493 0.06726091 4.7135 0.0000 
2022 12 2 0 4.2520 0.06154627 4.3181 0.0000 
2022 12 3 0 3.8594 0.05588925 3.9249 0.0000 
2022 12 4 0 3.5070 0.05078298 3.5661 0.0000 
2022 12 5 0 3.1947 0.04625452 3.2471 0.0000 
2022 12 6 0 2.9347 0.04246866 2.9785 0.0000 
2022 12 7 0 2.7127 0.03924126 2.7501 0.0000 
2022 12 8 0 2.5446 0.03677794 2.5731 0.0000 
2022 12 9 0 2.4281 0.03505800 2.4480 0.0000 
2022 12 10 0 2.3316 0.03365280 2.3479 0.0000 
2022 12 11 0 2.2709 0.03274955 2.2813 0.0000 
2022 12 12 0 2.2223 0.03204054 2.2305 0.0000 
2022 12 13 0 2.1666 0.03124393 2.1759 0.0000 
2022 12 14 0 2.1015 0.03031423 2.1123 0.0000 
2022 12 15 0 2.0252 0.02922446 2.0379 0.0000 
2022 12 16 0 2.0000 0.02882096 2.0047 0.0000 
2022 12 17 0 2.0000 0.02880037 2.0002 0.0000 
2022 12 18 0 2.0000 0.02880000 2.0000 0.0000 
2022 12 19 0 2.0000 0.02880000 2.0000 0.0000 
2022 12 20 0 2.0000 0.02880000 2.0000 0.0000 
2022 12 21 0 2.0554 0.02955489 2.0467 0.0000 
2022 12 22 0 2.3690 0.03386659 2.3191 0.0000 
2022 12 23 0 2.4556 0.03528764 2.4391 0.0000 
2022 12 24 0 2.3855 0.03440481 2.3957 0.0000 
2022 12 25 0 2.2636 0.03269234 2.2834 0.0000 
2022 12 26 0 2.4150 0.03465928 2.3923 0.0000 
2022 12 27 0 2.4314 0.03499758 2.4275 0.0000 
2022 12 28 0 2.3241 0.03355045 2.3408 0.0000 
2022 12 29 0 2.2335 0.03223505 2.2487 0.0000 
2022 12 30 0 2.1327 0.03079094 2.1494 0.0000 
2022 12 31 0 2.1253 0.03061154 2.1274 0.0000 
2023 1 1 0 2.0535 0.02962733 2.0649 0.0000 
2023 1 2 0 2.0000 0.02884310 2.0091 0.0000 
2023 1 3 0 2.0000 0.02880079 2.0005 0.0000 
2023 1 4 0 2.0000 0.02880000 2.0000 0.0000 
2023 1 5 0 2.0000 0.02880000 2.0000 0.0000 
2023 1 6 0 2.0000 0.02880000 2.0000 0.0000 
2023 1 7 0 2.0000 0.02880000 2.0000 0.0000 
2023 1 8 0 2.0000 0.02880000 2.0000 0.0000 
2023 1 9 0 2.0339 0.02926174 2.0286 0.0000 
2023 1 10 0 2.2250 0.03189008 2.1946 0.0000 
2023 1 11 0 2.2898 0.03291996 2.2779 0.0000 
2023 1 12 0 2.2812 0.03285546 2.2820 0.0000 
2023 1 13 0 2.2171 0.03197642 2.2273 0.0000 
2023 1 14 0 2.1174 0.03056922 2.1336 0.0000 
2023 1 15 0 2.0193 0.02915666 2.0357 0.0000 
2023 1 16 0 2.0000 0.02881662 2.0039 0.0000 
2023 1 17 0 2.0000 0.02880029 2.0002 0.0000 
2023 1 18 0 2.0000 0.02880000 2.0000 0.0000 
2023 1 19 0 2.0000 0.02880000 2.0000 0.0000 
2023 1 20 0 2.0000 0.02880000 2.0000 0.0000 
2023 1 21 0 2.0000 0.02880000 2.0000 0.0000 
2023 1 22 0 2.0000 0.02880000 2.0000 0.0000 
2023 1 23 0 2.0000 0.02880000 2.0000 0.0000 
2023 1 24 0 2.0000 0.02880000 2.0000 0.0000 
2023 1 25 0 2.0000 0.02880000 2.0000 0.0000 
2023 1 26 0 2.0000 0.02880000 2.0000 0.0000 
2023 1 27 0 2.0000 0.02880000 2.0000 0.0000 
2023 1 28 0 2.0000 0.02880000 2.0000 0.0000 
2023 1 29 0 2.0000 0.02880000 2.0000 0.0000 
2023 1 30 0 2.0000 0.02880000 2.0000 0.0000 
2023 1 31 0 2.0000 0.02880000 2.0000 0.0000 
2023 2 1 0 2.0000 0.02880000 2.0000 0.0000 
2023 2 2 0 2.0000 0.02880000 2.0000 0.0000 
2023 2 3 0 2.0000 0.02880000 2.0000 0.0000 
2023 2 4 0 2.0000 0.02880000 2.0000 0.0000 
2023 2 5 0 2.0000 0.02880000 2.0000 0.0000 
2023 2 6 0 2.0000 0.02880000 2.0000 0.0000 
2023 2 7 0 2.0000 0.02880000 2.0000 0.0000 
2023 2 8 0 2.0000 0.02880000 2.0000 0.0000 
2023 2 9 0 2.0000 0.02880000 2.0000 0.0000 
2023 2 10 0 2.0000 0.02880000 2.0000 0.0000 
2023 2 11 0 2.0000 0.02880000 2.0000 0.0000 
2023 2 12 0 2.0000 0.02880000 2.0000 0.0000 
2023 2 13 0 2.0000 0.02880000 2.0000 0.0000 
2023 2 14 0 2.0000 0.02880000 2.0000 0.0000 
2023 2 15 0 2.0000 0.02880000 2.0000 0.0000 
2023 2 16 0 2.0000 0.02880000 2.0000 0.0000 
2023 2 17 0 2.0000 0.02880000 2.0000 0.0000 
2023 2 18 0 2.0000 0.02880000 2.0000 0.0000 
2023 2 19 0 2.0000 0.02880000 2.0000 0.0000 
2023 2 20 0 2.0000 0.02880000 2.0000 0.0000 
2023 2 21 0 2.0000 0.02880000 2.0000 0.0000 
2023 2 22 0 2.0000 0.02880000 2.0000 0.0000 
2023 2 23 0 2.0000 0.02880000 2.0000 0.0000 
2023 2 24 0 2.0000 0.02880000 2.0000 0.0000 
2023 2 25 0 2.0000 0.02880000 2.0000 0.0000 
2023 2 26 0 2.0000 0.02880000 2.0000 0.0000 
2023 2 27 0 2.0000 0.02880000 2.0000 0.0000 
2023 2 28 0 2.0000 0.02880000 2.0000 0.0000 
2023 3 1 0 2.0000 0.02880000 2.0000 0.0000 
2023 3 2 0 2.0000 0.02880000 2.0000 0.0000 
2023 3 3 0 2.0000 0.02880000 2.0000 0.0000 
2023 3 4 0 2.0000 0.02880000 2.0000 0.0000 
2023 3 5 0 2.0000 0.02880000 2.0000 0.0000 
2023 3 6 0 2.0000 0.02880000 2.0000 0.0000 
2023 3 7 0 2.0000 0.02880000 2.0000 0.0000 
2023 3 8 0 2.0000 0.02880000 2.0000 0.0000 
2023 3 9 0 2.0000 0.02880000 2.0000 0.0000 
2023 3 10 0 2.0000 0.02880000 2.0000 0.0000 
2023 3 11 0 2.0000 0.02880000 2.0000 0.0000 
2023 3 12 0 2.0000 0.02880000 2.0000 0.0000 
2023 3 13 0 2.0000 0.02880000 2.0000 0.0000 
2023 3 14 0 2.0000 0.02880000 2.0000 0.0000 
2023 3 15 0 2.0000 0.02880000 2.0000 0.0000 
2023 3 16 0 2.0000 0.02880000 2.0000 0.0000 
2023 3 17 0 2.0000 0.02880000 2.0000 0.0000 
2023 3 18 0 2.0000 0.02880000 2.0000 0.0000 
2023 3 19 0 2.0000 0.02880000 2.0000 0.0000 
2023 3 20 0 2.0000 0.02880000 2.0000 0.0000 
2023 3 21 0 2.0000 0.02880000 2.0000 0.0000 
2023 3 22 0 2.0000 0.02880000 2.0000 0.0000 
2023 3 23 0 2.0000 0.02880000 2.0000 0.0000 
2023 3 24 0 2.0000 0.02880000 2.0000 0.0000 
2023 3 25 0 2.0000 0.02880000 2.0000 0.0000 
2023 3 26 0 2.0000 0.02880000 2.0000 0.0000 
2023 3 27 0 2.0000 0.02880000 2.0000 0.0000 
2023 3 28 0 2.0000 0.02880000 2.0000 0.0000 
2023 3 29 0 2.0000 0.02880000 2.0000 0.0000 
2023 3 30 0 2.0000 0.02880000 2.0000 0.0000 
2023 3 31 0 2.0000 0.02880000 2.0000 0.0000 
2023 4 1 0 2.0000 0.02880000 2.0000 0.0000 
2023 4 2 0 2.0000 0.02880000 2.0000 0.0000 
2023 4 3 0 2.0000 0.02880000 2.0000 0.0000 
2023 4 4 0 2.0000 0.02880000 2.0000 0.0000 
2023 4 5 0 2.0000 0.02880000 2.0000 0.0000 
2023 4 6 0 2.0000 0.02880000 2.0000 0.0000 
2023 4 7 0 2.0000 0.02880000 2.0000 0.0000 
2023 4 8 0 2.0000 0.02880000 2.0000 0.0000 
2023 4 9 0 2.0000 0.02880000 2.0000 0.0000 
2023 4 10 0 2.0000 0.02880000 2.0000 0.0000 
2023 4 11 0 2.0000 0.02880000 2.0000 0.0000 
2023 4 12 0 2.0000 0.02880000 2.0000 0.0000 
2023 4 13 0 2.0000 0.02880000 2.0000 0.0000 
2023 4 14 0 2.0000 0.02880000 2.0000 0.0000 
2023 4 15 0 2.0000 0.02880000 2.0000 0.0000 
2023 4 16 0 2.0000 0.02880000 2.0000 0.0000 
2023 4 17 0 2.0000 0.02880000 2.0000 0.0000 
2023 4 18 0 2.0000 0.02880000 2.0000 0.0000 
2023 4 19 0 2.0000 0.02880000 2.0000 0.0000 
2023 4 20 0 2.0000 0.02880000 2.0000 0.0000 
2023 4 21 0 2.0000 0.02880000 2.0000 0.0000 
2023 4 22 0 2.0000 0.02880000 2.0000 0.0000 
2023 4 23 0 2.0000 0.02880000 2.0000 0.0000 
2023 4 24 0 2.0000 0.02880000 2.0000 0.0000 
2023 4 25 0 2.0000 0.02880000 2.0000 0.0000 
2023 4 26 0 2.0000 0.02880000 2.0000 0.0000 
2023 4 27 0 2.0000 0.02880000 2.0000 0.0000 
2023 4 28 0 2.0000 0.02880000 2.0000 0.0000 
2023 4 29 0 2.0000 0.02880000 2.0000 0.0000 
2023 4 30 0 2.0000 0.02880000 2.0000 0.0000 
2023 5 1 0 2.2510 0.03221717 2.2114 0.0000 
2023 5 2 0 2.5411 0.03636063 2.4932 0.0000 
2023 5 3 0 2.8191 0.04037297 2.7727 0.0000 
2023 5 4 0 3.0647 0.04393422 3.0234 0.0000 
2023 5 5 0 3.2401 0.04651621 3.2102 0.0000 
2023 5 6 0 3.3317 0.04790165 3.3156 0.0000 
2023 5 7 0 3.3590 0.04834726 3.3539 0.0000 
2023 5 8 0 3.4180 0.04917186 3.4084 0.0000 
2023 5 9 0 3.6810 0.05279849 3.6390 0.0000 
2023 5 10 0 4.4809 0.06389243 4.3525 0.0000 
2023 5 11 0 5.4259 0.07737946 5.2698 0.0000 
2023 5 12 0 6.6725 0.09509148 6.4675 0.0000 
2023 5 13 0 7.8869 0.11259895 7.6842 0.0000 
2023 5 14 0 8.8706 0.12694680 8.7046 0.0000 
2023 5 15 0 10.1458 0.14508364 9.9359 0.0000 
2023 5 16 0 11.8711 0.16956979 11.5877 0.0000 
2023 5 17 0 12.6495 0.18151538 12.5112 0.0000 
2023 5 18 0 12.5453 0.18072213 12.5544 0.0000 
2023 5 19 0 12.0142 0.17342289 12.0987 0.0000 
2023 5 20 0 11.8089 0.17021669 11.8460 0.0000 
2023 5 21 0 11.4237 0.16480693 11.4863 0.0000 
2023 5 22 0 11.0343 0.15920501 11.0991 0.0000 
2023 5 23 0 11.0750 0.15945387 11.0721 0.0000 
2023 5 24 0 11.2124 0.16134982 11.1904 0.0000 
2023 5 25 0 11.1740 0.16093307 11.1788 0.0000 
2023 5 26 0 11.2130 0.16143730 11.2072 0.0000 
2023 5 27 0 11.0604 0.15938941 11.0841 0.0000 
2023 5 28 0 10.5644 0.15251936 10.6439 0.0000 
2023 5 29 0 9.7670 0.14127892 9.8971 0.0000 
2023 5 30 0 8.9277 0.12923041 9.0672 0.0000 
2023 5 31 0 8.1143 0.11749639 8.2501 0.0000 
2023 6 1 0 7.3497 0.10644859 7.4776 0.0000 
2023 6 2 0 6.6067 0.09573184 6.7308 0.0000 
2023 6 3 0 5.9057 0.08560407 6.0230 0.0000 
2023 6 4 0 5.2792 0.07652297 5.3843 0.0000 
2023 6 5 0 4.7160 0.06836218 4.8105 0.0000 
2023 6 6 0 4.2018 0.06091753 4.2879 0.0000 
2023 6 7 0 3.7332 0.05413321 3.8117 0.0000 
2023 6 8 0 3.3093 0.04799317 3.3803 0.0000 
2023 6 9 0 2.9258 0.04243854 2.9901 0.0000 
2023 6 10 0 2.5792 0.03741797 2.6373 0.0000 
2023 6 11 0 2.2683 0.03291246 2.3204 0.0000 
2023 6 12 0 2.0000 0.02901525 2.0451 0.0000 
2023 6 13 0 2.0000 0.02880397 2.0024 0.0000 
2023 6 14 0 2.0000 0.02880000 2.0000 0.0000 
2023 6 15 0 2.0000 0.02880000 2.0000 0.0000 
2023 6 16 0 2.0000 0.02880000 2.0000 0.0000 
2023 6 17 0 2.0000 0.02880000 2.0000 0.0000 
2023 6 18 0 2.0000 0.02880000 2.0000 0.0000 
2023 6 19 0 2.0000 0.02880000 2.0000 0.0000 
2023 6 20 0 2.0000 0.02880000 2.0000 0.0000 
2023 6 21 0 2.0000 0.02880000 2.0000 0.0000 
2023 6 22 0 2.0000 0.02880000 2.0000 0.0000 
2023 6 23 0 2.0000 0.02880000 2.0000 0.0000 
2023 6 24 0 2.0000 0.02880000 2.0000 0.0000 
2023 6 25 0 2.0000 0.02880000 2.0000 0.0000 
2023 6 26 0 2.0000 0.02880000 2.0000 0.0000 
2023 6 27 0 2.0000 0.02880000 2.0000 0.0000 
2023 6 28 0 2.0000 0.02880000 2.0000 0.0000 
2023 6 29 0 2.0000 0.02880000 2.0000 0.0000 
2023 6 30 0 2.0000 0.02880000 2.0000 0.0000 
2023 7 1 0 2.0000 0.02880000 2.0000 0.0000 
2023 7 2 0 2.0000 0.02880000 2.0000 0.0000 
2023 7 3 0 2.0000 0.02880000 2.0000 0.0000 
2023 7 4 0 2.0000 0.02880000 2.0000 0.0000 
2023 7 5 0 2.0000 0.02880000 2.0000 0.0000 
2023 7 6 0 2.0000 0.02880000 2.0000 0.0000 
2023 7 7 0 2.0000 0.02880000 2.0000 0.0000 
2023 7 8 0 2.0000 0.02880000 2.0000 0.0000 
2023 7 9 0 2.0000 0.02880000 2.0000 0.0000 
2023 7 10 0 2.0000 0.02880000 2.0000 0.0000 
2023 7 11 0 2.0000 0.02880000 2.0000 0.0000 
2023 7 12 0 2.0000 0.02880000 2.0000 0.0000 
2023 7 13 0 2.0000 0.02880000 2.0000 0.0000 
2023 7 14 0 2.0000 0.02880000 2.0000 0.0000 
2023 7 15 0 2.0000 0.02880000 2.0000 0.0000 
2023 7 16 0 2.0000 0.02880000 2.0000 0.0000 
2023 7 17 0 2.0000 0.02880000 2.0000 0.0000 
2023 7 18 0 2.0000 0.02880000 2.0000 0.0000 
2023 7 19 0 2.0000 0.02880000 2.0000 0.0000 
2023 7 20 0 2.0000 0.02880000 2.0000 0.0000 
2023 7 21 0 2.0000 0.02880000 2.0000 0.0000 
2023 7 22 0 2.0000 0.02880000 2.0000 0.0000 
2023 7 23 0 2.0000 0.02880000 2.0000 0.0000 
2023 7 24 0 2.0000 0.02880000 2.0000 0.0000 
2023 7 25 0 2.0000 0.02880000 2.0000 0.0000 
2023 7 26 0 2.0000 0.02880000 2.0000 0.0000 
2023 7 27 0 2.0000 0.02880000 2.0000 0.0000 
2023 7 28 0 2.0000 0.02880000 2.0000 0.0000 
2023 7 29 0 2.0000 0.02880000 2.0000 0.0000 
2023 7 30 0 2.0000 0.02880000 2.0000 0.0000 
2023 7 31 0 2.0000 0.02880000 2.0000 0.0000 
2023 8 1 0 2.0000 0.02880000 2.0000 0.0000 
2023 8 2 0 2.0000 0.02880000 2.0000 0.0000 
2023 8 3 0 2.0000 0.02880000 2.0000 0.0000 
2023 8 4 0 2.0000 0.02880000 2.0000 0.0000 
2023 8 5 0 2.0000 0.02880000 2.0000 0.0000 
2023 8 6 0 2.0000 0.02880000 2.0000 0.0000 
2023 8 7 0 2.0000 0.02880000 2.0000 0.0000 
2023 8 8 0 2.0000 0.02880000 2.0000 0.0000 
2023 8 9 0 2.0000 0.02880000 2.0000 0.0000 
2023 8 10 0 2.0000 0.02880000 2.0000 0.0000 
2023 8 11 0 2.0000 0.02880000 2.0000 0.0000 
2023 8 12 0 2.0000 0.02880000 2.0000 0.0000 
2023 8 13 0 2.0000 0.02880000 2.0000 0.0000 
2023 8 14 0 2.0000 0.02880000 2.0000 0.0000 
2023 8 15 0 2.0000 0.02880000 2.0000 0.0000 
2023 8 16 0 2.0000 0.02880000 2.0000 0.0000 
2023 8 17 0 2.0000 0.02880000 2.0000 0.0000 
2023 8 18 0 2.0000 0.02880000 2.0000 0.0000 
2023 8 19 0 2.0000 0.02880000 2.0000 0.0000 
2023 8 20 0 2.0000 0.02880000 2.0000 0.0000 
2023 8 21 0 2.0000 0.02880000 2.0000 0.0000 
2023 8 22 0 2.0000 0.02880000 2.0000 0.0000 
2023 8 23 0 2.0000 0.02880000 2.0000 0.0000 
2023 8 24 0 2.0000 0.02880000 2.0000 0.0000 
2023 8 25 0 2.0000 0.02880000 2.0000 0.0000 
2023 8 26 0 2.0000 0.02880000 2.0000 0.0000 
2023 8 27 0 2.0000 0.02880000 2.0000 0.0000 
2023 8 28 0 2.0000 0.02880000 2.0000 0.0000 
2023 8 29 0 2.0000 0.02880000 2.0000 0.0000 
2023 8 30 0 2.0000 0.02880000 2.0000 0.0000 
2023 8 31 0 2.0000 0.02880000 2.0000 0.0000 
