RESERVOIR node 0 HJELLE
reservoir_init_fr= 0.70000  masl=750.924
Filling at HRW [Mm3] = 10.00000
Filling at LRW [Mm3] = 1.00000
Active reservoir capacity [Mm3] = 9.00000
yyyy mm dd hh [m3/s] [Euro/MWh] [fr] [m3/s] [Mm3] [masl] [fr] [Euro]         [m3/s]     [m3/s]    [m3/s]   [m3/s]    [m3/s] 
yyyy mm dd hh Inflow Price Action Up_Inflow Res_Mm3 Res_masl Res_fr lrw_cost tunnelflow hatchflow overflow auto_qmin tot_outflow
2022 9 1 0 0.3500 564.8800 0.0000 0.0000 7.1574 754.0565 0.6842 0.0000 2.0000 0.0000 0.0000 0.0000 2.0000 
2022 9 2 0 0.3100 425.8500 0.0000 0.0000 7.0114 753.9053 0.6679 0.0000 2.0000 0.0000 0.0000 0.0000 2.0000 
2022 9 3 0 0.2800 383.9200 0.0000 0.0000 6.8628 753.7514 0.6514 0.0000 2.0000 0.0000 0.0000 0.0000 2.0000 
2022 9 4 0 0.3200 310.1000 0.0000 0.0000 6.7177 753.6011 0.6353 0.0000 2.0000 0.0000 0.0000 0.0000 2.0000 
2022 9 5 0 0.3800 388.8400 0.0000 0.0000 6.5777 753.4562 0.6197 0.0000 2.0000 0.0000 0.0000 0.0000 2.0000 
2022 9 6 0 0.4600 414.3500 0.0000 0.0000 6.4446 753.3184 0.6050 0.0000 2.0000 0.0000 0.0000 0.0000 2.0000 
2022 9 7 0 0.4700 451.5300 0.0000 0.0000 6.3124 753.1815 0.5903 0.0000 2.0000 0.0000 0.0000 0.0000 2.0000 
2022 9 8 0 0.4200 426.5600 0.0000 0.0000 6.1759 753.0402 0.5751 0.0000 2.0000 0.0000 0.0000 0.0000 2.0000 
2022 9 9 0 0.3800 352.9300 0.0000 0.0000 6.0360 752.8952 0.5596 0.0000 2.0000 0.0000 0.0000 0.0000 2.0000 
2022 9 10 0 0.4000 410.9400 0.0000 0.0000 5.8977 752.7521 0.5442 0.0000 2.0000 0.0000 0.0000 0.0000 2.0000 
2022 9 11 0 0.4800 400.0100 0.0000 0.0000 5.7664 752.6161 0.5296 0.0000 2.0000 0.0000 0.0000 0.0000 2.0000 
2022 9 12 0 0.7000 407.9500 0.0000 0.0000 5.6541 752.4998 0.5171 0.0000 2.0000 0.0000 0.0000 0.0000 2.0000 
2022 9 13 0 1.9000 382.5800 0.0000 0.0000 5.6454 752.4908 0.5162 0.0000 2.0000 0.0000 0.0000 0.0000 2.0000 
2022 9 14 0 1.3500 425.5000 0.0000 0.0000 5.5893 752.4327 0.5099 0.0000 2.0000 0.0000 0.0000 0.0000 2.0000 
2022 9 15 0 1.1200 355.8200 0.0000 0.0000 5.5132 752.3540 0.5015 0.0000 2.0000 0.0000 0.0000 0.0000 2.0000 
2022 9 16 0 0.9200 329.3900 0.0000 0.0000 5.4199 752.2573 0.4911 0.0000 2.0000 0.0000 0.0000 0.0000 2.0000 
2022 9 17 0 0.7600 246.9600 0.0000 0.0000 5.3128 752.1464 0.4792 0.0000 2.0000 0.0000 0.0000 0.0000 2.0000 
2022 9 18 0 0.6100 117.5900 0.0000 0.0000 5.1927 752.0220 0.4659 0.0000 2.0000 0.0000 0.0000 0.0000 2.0000 
2022 9 19 0 0.5100 288.3300 0.0000 0.0000 5.0640 751.8887 0.4516 0.0000 2.0000 0.0000 0.0000 0.0000 2.0000 
2022 9 20 0 0.4500 380.8200 0.0000 0.0000 4.9300 751.7500 0.4367 0.0000 2.0000 0.0000 0.0000 0.0000 2.0000 
2022 9 21 0 0.4100 388.8300 0.0000 0.0000 4.7927 751.6078 0.4214 0.0000 2.0000 0.0000 0.0000 0.0000 2.0000 
2022 9 22 0 0.3900 378.9000 0.0000 0.0000 4.6536 751.4638 0.4060 0.0000 2.0000 0.0000 0.0000 0.0000 2.0000 
2022 9 23 0 0.3900 359.9800 0.0000 0.0000 4.5145 751.3197 0.3905 0.0000 2.0000 0.0000 0.0000 0.0000 2.0000 
2022 9 24 0 0.4100 350.7100 0.0000 0.0000 4.3771 751.1775 0.3752 0.0000 2.0000 0.0000 0.0000 0.0000 2.0000 
2022 9 25 0 2.0800 299.0800 0.0000 0.0000 4.3840 751.1846 0.3760 0.0000 2.0000 0.0000 0.0000 0.0000 2.0000 
2022 9 26 0 3.4100 259.4000 0.0000 0.0000 4.5058 751.3108 0.3895 0.0000 2.0000 0.0000 0.0000 0.0000 2.0000 
2022 9 27 0 4.2500 306.8900 0.0000 0.0000 4.7002 751.5121 0.4111 0.0000 2.0000 0.0000 0.0000 0.0000 2.0000 
2022 9 28 0 5.8100 308.5200 0.0000 0.0000 5.0294 751.8529 0.4477 0.0000 2.0000 0.0000 0.0000 0.0000 2.0000 
2022 9 29 0 3.8800 347.1000 0.0000 0.0000 5.1918 752.0211 0.4658 0.0000 2.0000 0.0000 0.0000 0.0000 2.0000 
2022 9 30 0 2.9200 278.9700 0.0000 0.0000 5.2713 752.1034 0.4746 0.0000 2.0000 0.0000 0.0000 0.0000 2.0000 
2022 10 1 0 5.5200 90.2400 0.0000 0.0000 5.5755 752.4184 0.5084 0.0000 2.0000 0.0000 0.0000 0.0000 2.0000 
2022 10 2 0 6.6000 182.7200 0.0000 0.0000 5.9729 752.8299 0.5525 0.0000 2.0000 0.0000 0.0000 0.0000 2.0000 
2022 10 3 0 5.8000 234.6000 0.0000 0.0000 6.3012 753.1699 0.5890 0.0000 2.0000 0.0000 0.0000 0.0000 2.0000 
2022 10 4 0 5.6700 199.0100 0.0000 0.0000 6.6183 753.4982 0.6243 0.0000 2.0000 0.0000 0.0000 0.0000 2.0000 
2022 10 5 0 11.5200 51.1100 0.0000 0.0000 7.4408 754.3500 0.7156 0.0000 2.0000 0.0000 0.0000 0.0000 2.0000 
2022 10 6 0 16.9100 23.8700 0.0000 0.0000 8.7291 755.6839 0.8588 0.0000 2.0000 0.0000 0.0000 0.0000 2.0000 
2022 10 7 0 6.8200 30.2900 0.0000 0.0000 9.1455 756.1152 0.9051 0.0000 2.0000 0.0000 0.0000 0.0000 2.0000 
2022 10 8 0 5.7800 53.3800 0.0000 0.0000 9.4721 756.4534 0.9413 0.0000 2.0000 0.0000 0.0000 0.0000 2.0000 
2022 10 9 0 4.5600 91.9400 0.0000 0.0000 9.6933 756.6824 0.9659 0.0000 2.0000 0.0000 0.0000 0.0000 2.0000 
2022 10 10 0 3.9300 137.7100 0.0000 0.0000 9.8600 756.8551 0.9844 0.0000 2.0000 0.0000 0.0000 0.0000 2.0000 
2022 10 11 0 3.7400 174.3200 0.0000 0.0000 10.0086 757.0017 1.0010 0.0000 2.0000 0.0000 0.0207 0.0000 2.0207 
2022 10 12 0 3.2100 199.9900 0.0000 0.0000 10.0936 757.0187 1.0104 0.0000 2.0000 0.0000 0.2262 0.0000 2.2262 
2022 10 13 0 2.8500 233.6000 0.0000 0.0000 10.1382 757.0276 1.0154 0.0000 2.0000 0.0000 0.3340 0.0000 2.3340 
2022 10 14 0 2.4700 217.2400 0.0000 0.0000 10.1479 757.0296 1.0164 0.0000 2.0000 0.0000 0.3575 0.0000 2.3575 
2022 10 15 0 3.8100 154.6600 0.0000 0.0000 10.2517 757.0503 1.0280 0.0000 2.0000 0.0000 0.6085 0.0000 2.6085 
2022 10 16 0 4.4300 113.2100 0.0000 0.0000 10.3819 757.0764 1.0424 0.0000 2.0000 0.0000 0.9233 0.0000 2.9233 
2022 10 17 0 4.1600 146.2200 0.0000 0.0000 10.4703 757.0941 1.0523 0.0000 2.0000 0.0000 1.1370 0.0000 3.1370 
2022 10 18 0 3.9000 163.8200 0.0000 0.0000 10.5248 757.1050 1.0583 0.0000 2.0000 0.0000 1.2688 0.0000 3.2688 
2022 10 19 0 3.3700 159.7000 0.0000 0.0000 10.5320 757.1064 1.0591 0.0000 2.0000 0.0000 1.2863 0.0000 3.2863 
2022 10 20 0 2.7600 142.1100 0.0000 0.0000 10.4944 757.0989 1.0549 0.0000 2.0000 0.0000 1.1954 0.0000 3.1954 
2022 10 21 0 2.3900 157.4800 0.0000 0.0000 10.4368 757.0874 1.0485 0.0000 2.0000 0.0000 1.0562 0.0000 3.0562 
2022 10 22 0 2.2700 142.0700 0.0000 0.0000 10.3807 757.0761 1.0423 0.0000 2.0000 0.0000 0.9203 0.0000 2.9203 
2022 10 23 0 4.9200 99.6700 0.0000 0.0000 10.5236 757.1047 1.0582 0.0000 2.0000 0.0000 1.2659 0.0000 3.2659 
2022 10 24 0 6.5900 85.2000 0.0000 0.0000 10.7611 757.1522 1.0846 0.0000 2.0000 0.0000 1.8403 0.0000 3.8403 
2022 10 25 0 4.7700 110.5100 0.0000 0.0000 10.8276 757.1655 1.0920 0.0000 2.0000 0.0000 2.0009 0.0000 4.0009 
2022 10 26 0 11.7500 121.4900 0.0000 0.0000 11.3814 757.2763 1.1535 0.0000 2.0000 0.0000 3.3400 0.0000 5.3400 
2022 10 27 0 6.6800 117.6600 0.0000 0.0000 11.4772 757.2954 1.1641 0.0000 2.0000 0.0000 3.5715 0.0000 5.5715 
2022 10 28 0 4.9600 103.2200 0.0000 0.0000 11.4335 757.2867 1.1593 0.0000 2.0000 0.0000 3.4659 0.0000 5.4659 
2022 10 29 0 5.9400 101.6200 0.0000 0.0000 11.4674 757.2935 1.1630 0.0000 2.0000 0.0000 3.5478 0.0000 5.5478 
2022 10 30 0 5.4200 117.9300 0.0000 0.0000 11.4582 757.2916 1.1620 0.0000 2.0000 0.0000 3.5257 0.0000 5.5257 
2022 10 31 0 3.3700 144.1300 0.0000 0.0000 11.3042 757.2608 1.1449 0.0000 2.0000 0.0000 3.1532 0.0000 5.1532 
2022 11 1 0 3.3700 72.4900 0.0000 0.0000 11.1767 757.2353 1.1307 0.0000 2.0000 0.0000 2.8451 0.0000 4.8451 
2022 11 2 0 5.4300 71.1700 0.0000 0.0000 11.2185 757.2437 1.1354 0.0000 2.0000 0.0000 2.9461 0.0000 4.9461 
2022 11 3 0 10.8000 86.5000 0.0000 0.0000 11.6369 757.3274 1.1819 0.0000 2.0000 0.0000 3.9577 0.0000 5.9577 
2022 11 4 0 9.9300 72.6700 0.0000 0.0000 11.9208 757.3842 1.2134 0.0000 2.0000 0.0000 4.6441 0.0000 6.6441 
2022 11 5 0 8.1600 47.6500 0.0000 0.0000 12.0291 757.4058 1.2255 0.0000 2.0000 0.0000 4.9061 0.0000 6.9061 
2022 11 6 0 6.0300 35.7500 0.0000 0.0000 11.9665 757.3933 1.2185 0.0000 2.0000 0.0000 4.7547 0.0000 6.7547 
2022 11 7 0 7.6100 43.8300 0.0000 0.0000 12.0277 757.4055 1.2253 0.0000 2.0000 0.0000 4.9025 0.0000 6.9025 
2022 11 8 0 6.5400 51.0900 0.0000 0.0000 12.0018 757.4004 1.2224 0.0000 2.0000 0.0000 4.8398 0.0000 6.8398 
2022 11 9 0 7.6100 42.5700 0.0000 0.0000 12.0568 757.4114 1.2285 0.0000 2.0000 0.0000 4.9729 0.0000 6.9729 
2022 11 10 0 5.8800 27.4000 0.0000 0.0000 11.9787 757.3957 1.2199 0.0000 2.0000 0.0000 4.7841 0.0000 6.7841 
2022 11 11 0 4.7500 2.0000 0.0000 0.0000 11.8333 757.3667 1.2037 0.0000 2.0000 0.0000 4.4326 0.0000 6.4326 
2022 11 12 0 3.8900 2.3700 0.0000 0.0000 11.6516 757.3303 1.1835 0.0000 2.0000 0.0000 3.9932 0.0000 5.9932 
2022 11 13 0 3.3300 29.9300 0.0000 0.0000 11.4613 757.2923 1.1624 0.0000 2.0000 0.0000 3.5330 0.0000 5.5330 
2022 11 14 0 3.2500 53.6800 0.0000 0.0000 11.2981 757.2596 1.1442 0.0000 2.0000 0.0000 3.1385 0.0000 5.1385 
2022 11 15 0 4.5500 53.7500 0.0000 0.0000 11.2560 757.2512 1.1396 0.0000 2.0000 0.0000 3.0368 0.0000 5.0368 
2022 11 16 0 6.8400 27.6900 0.0000 0.0000 11.3849 757.2770 1.1539 0.0000 2.0000 0.0000 3.3484 0.0000 5.3484 
2022 11 17 0 13.0900 48.9100 0.0000 0.0000 11.9382 757.3876 1.2154 0.0000 2.0000 0.0000 4.6862 0.0000 6.6862 
2022 11 18 0 6.3900 113.7000 0.0000 0.0000 11.9170 757.3834 1.2130 0.0000 2.0000 0.0000 4.6350 0.0000 6.6350 
2022 11 19 0 3.7700 167.1000 0.0000 0.0000 11.7123 757.3425 1.1903 0.0000 2.0000 0.0000 4.1399 0.0000 6.1399 
2022 11 20 0 4.0300 162.8400 0.0000 0.0000 11.5615 757.3123 1.1735 0.0000 2.0000 0.0000 3.7753 0.0000 5.7753 
2022 11 21 0 2.7600 209.5500 0.0000 0.0000 11.3460 757.2692 1.1496 0.0000 2.0000 0.0000 3.2543 0.0000 5.2543 
2022 11 22 0 2.3000 174.4300 0.0000 0.0000 11.1348 757.2270 1.1261 0.0000 2.0000 0.0000 2.7438 0.0000 4.7438 
2022 11 23 0 2.8500 149.8400 0.0000 0.0000 10.9995 757.1999 1.1111 0.0000 2.0000 0.0000 2.4165 0.0000 4.4165 
2022 11 24 0 2.9700 172.1800 0.0000 0.0000 10.8961 757.1792 1.0996 0.0000 2.0000 0.0000 2.1666 0.0000 4.1666 
2022 11 25 0 4.0900 200.3300 0.0000 0.0000 10.8906 757.1781 1.0990 0.0000 2.0000 0.0000 2.1533 0.0000 4.1533 
2022 11 26 0 5.8800 196.0200 0.0000 0.0000 11.0140 757.2028 1.1127 0.0000 2.0000 0.0000 2.4517 0.0000 4.4517 
2022 11 27 0 6.6100 146.0400 0.0000 0.0000 11.1683 757.2337 1.1298 0.0000 2.0000 0.0000 2.8247 0.0000 4.8247 
2022 11 28 0 7.8300 195.3000 0.0000 0.0000 11.3831 757.2766 1.1537 0.0000 2.0000 0.0000 3.3440 0.0000 5.3440 
2022 11 29 0 5.3000 362.5600 0.0000 0.0000 11.3799 757.2760 1.1533 0.0000 2.0000 0.0000 3.3364 0.0000 5.3364 
2022 11 30 0 3.6200 364.6000 0.0000 0.0000 11.2573 757.2515 1.1397 0.0000 2.0000 0.0000 3.0398 0.0000 5.0398 
2022 12 1 0 2.7800 349.6500 0.0000 0.0000 11.0957 757.2191 1.1217 0.0000 2.0000 0.0000 2.6493 0.0000 4.6493 
2022 12 2 0 2.3500 324.9900 0.0000 0.0000 10.9314 757.1863 1.1035 0.0000 2.0000 0.0000 2.2520 0.0000 4.2520 
2022 12 3 0 1.9800 268.8200 0.0000 0.0000 10.7690 757.1538 1.0854 0.0000 2.0000 0.0000 1.8594 0.0000 3.8594 
2022 12 4 0 1.8200 271.5000 0.0000 0.0000 10.6233 757.1247 1.0693 0.0000 2.0000 0.0000 1.5070 0.0000 3.5070 
2022 12 5 0 1.7000 290.7800 0.0000 0.0000 10.4941 757.0988 1.0549 0.0000 2.0000 0.0000 1.1947 0.0000 3.1947 
2022 12 6 0 1.6900 346.8000 0.0000 0.0000 10.3866 757.0773 1.0430 0.0000 2.0000 0.0000 0.9347 0.0000 2.9347 
2022 12 7 0 1.6500 334.1100 0.0000 0.0000 10.2948 757.0590 1.0328 0.0000 2.0000 0.0000 0.7127 0.0000 2.7127 
2022 12 8 0 1.7400 399.0300 0.0000 0.0000 10.2253 757.0451 1.0250 0.0000 2.0000 0.0000 0.5446 0.0000 2.5446 
2022 12 9 0 1.8700 418.6900 0.0000 0.0000 10.1770 757.0354 1.0197 0.0000 2.0000 0.0000 0.4281 0.0000 2.4281 
2022 12 10 0 1.8700 362.9800 0.0000 0.0000 10.1372 757.0274 1.0152 0.0000 2.0000 0.0000 0.3316 0.0000 2.3316 
2022 12 11 0 1.9800 338.6100 0.0000 0.0000 10.1120 757.0224 1.0124 0.0000 2.0000 0.0000 0.2709 0.0000 2.2709 
2022 12 12 0 1.9900 446.1100 0.0000 0.0000 10.0920 757.0184 1.0102 0.0000 2.0000 0.0000 0.2223 0.0000 2.2223 
2022 12 13 0 1.9000 458.6300 0.0000 0.0000 10.0689 757.0138 1.0077 0.0000 2.0000 0.0000 0.1666 0.0000 2.1666 
2022 12 14 0 1.7900 451.4100 0.0000 0.0000 10.0420 757.0084 1.0047 0.0000 2.0000 0.0000 0.1015 0.0000 2.1015 
2022 12 15 0 1.6600 396.6100 0.0000 0.0000 10.0104 757.0021 1.0012 0.0000 2.0000 0.0000 0.0252 0.0000 2.0252 
2022 12 16 0 1.5700 413.8400 0.0000 0.0000 9.9733 756.9723 0.9970 0.0000 2.0000 0.0000 0.0000 0.0000 2.0000 
2022 12 17 0 1.5100 254.6500 0.0000 0.0000 9.9310 756.9285 0.9923 0.0000 2.0000 0.0000 0.0000 0.0000 2.0000 
2022 12 18 0 1.5500 206.4000 0.0000 0.0000 9.8921 756.8882 0.9880 0.0000 2.0000 0.0000 0.0000 0.0000 2.0000 
2022 12 19 0 1.6900 211.4800 0.0000 0.0000 9.8653 756.8605 0.9850 0.0000 2.0000 0.0000 0.0000 0.0000 2.0000 
2022 12 20 0 2.1300 205.2500 0.0000 0.0000 9.8765 756.8721 0.9863 0.0000 2.0000 0.0000 0.0000 0.0000 2.0000 
2022 12 21 0 3.7500 223.3000 0.0000 0.0000 10.0229 757.0046 1.0025 0.0000 2.0000 0.0000 0.0554 0.0000 2.0554 
2022 12 22 0 3.8700 201.9700 0.0000 0.0000 10.1526 757.0305 1.0170 0.0000 2.0000 0.0000 0.3690 0.0000 2.3690 
2022 12 23 0 2.8700 193.2900 0.0000 0.0000 10.1884 757.0377 1.0209 0.0000 2.0000 0.0000 0.4556 0.0000 2.4556 
2022 12 24 0 2.0500 142.3700 0.0000 0.0000 10.1594 757.0319 1.0177 0.0000 2.0000 0.0000 0.3855 0.0000 2.3855 
2022 12 25 0 1.6800 129.4400 0.0000 0.0000 10.1090 757.0218 1.0121 0.0000 2.0000 0.0000 0.2636 0.0000 2.2636 
2022 12 26 0 3.1400 111.7200 0.0000 0.0000 10.1717 757.0343 1.0191 0.0000 2.0000 0.0000 0.4150 0.0000 2.4150 
2022 12 27 0 2.5100 141.3500 0.0000 0.0000 10.1784 757.0357 1.0198 0.0000 2.0000 0.0000 0.4314 0.0000 2.4314 
2022 12 28 0 1.8100 122.1300 0.0000 0.0000 10.1340 757.0268 1.0149 0.0000 2.0000 0.0000 0.3241 0.0000 2.3241 
2022 12 29 0 1.8000 96.2800 0.0000 0.0000 10.0966 757.0193 1.0107 0.0000 2.0000 0.0000 0.2335 0.0000 2.2335 
2022 12 30 0 1.6500 100.4100 0.0000 0.0000 10.0549 757.0110 1.0061 0.0000 2.0000 0.0000 0.1327 0.0000 2.1327 
2022 12 31 0 2.0900 116.2200 0.0000 0.0000 10.0518 757.0104 1.0058 0.0000 2.0000 0.0000 0.1253 0.0000 2.1253 
2023 1 1 0 1.7100 112.5700 0.0000 0.0000 10.0221 757.0044 1.0025 0.0000 2.0000 0.0000 0.0535 0.0000 2.0535 
2023 1 2 0 1.4900 149.2600 0.0000 0.0000 9.9781 756.9773 0.9976 0.0000 2.0000 0.0000 0.0000 0.0000 2.0000 
2023 1 3 0 1.3500 154.5400 0.0000 0.0000 9.9219 756.9191 0.9913 0.0000 2.0000 0.0000 0.0000 0.0000 2.0000 
2023 1 4 0 1.2500 114.6400 0.0000 0.0000 9.8571 756.8520 0.9841 0.0000 2.0000 0.0000 0.0000 0.0000 2.0000 
2023 1 5 0 1.7200 144.1600 0.0000 0.0000 9.8329 756.8270 0.9814 0.0000 2.0000 0.0000 0.0000 0.0000 2.0000 
2023 1 6 0 1.4600 126.0400 0.0000 0.0000 9.7863 756.7787 0.9763 0.0000 2.0000 0.0000 0.0000 0.0000 2.0000 
2023 1 7 0 1.4800 102.5400 0.0000 0.0000 9.7413 756.7322 0.9713 0.0000 2.0000 0.0000 0.0000 0.0000 2.0000 
2023 1 8 0 2.9300 75.8000 0.0000 0.0000 9.8217 756.8154 0.9802 0.0000 2.0000 0.0000 0.0000 0.0000 2.0000 
2023 1 9 0 4.2600 133.2800 0.0000 0.0000 10.0140 757.0028 1.0016 0.0000 2.0000 0.0000 0.0339 0.0000 2.0339 
2023 1 10 0 3.1400 130.4400 0.0000 0.0000 10.0931 757.0186 1.0103 0.0000 2.0000 0.0000 0.2250 0.0000 2.2250 
2023 1 11 0 2.6000 96.6800 0.0000 0.0000 10.1199 757.0240 1.0133 0.0000 2.0000 0.0000 0.2898 0.0000 2.2898 
2023 1 12 0 2.2400 89.9500 0.0000 0.0000 10.1163 757.0233 1.0129 0.0000 2.0000 0.0000 0.2812 0.0000 2.2812 
2023 1 13 0 1.9100 82.8000 0.0000 0.0000 10.0898 757.0180 1.0100 0.0000 2.0000 0.0000 0.2171 0.0000 2.2171 
2023 1 14 0 1.6400 94.7100 0.0000 0.0000 10.0485 757.0097 1.0054 0.0000 2.0000 0.0000 0.1174 0.0000 2.1174 
2023 1 15 0 1.5500 70.7800 0.0000 0.0000 10.0080 757.0016 1.0009 0.0000 2.0000 0.0000 0.0193 0.0000 2.0193 
2023 1 16 0 1.5000 139.7600 0.0000 0.0000 9.9648 756.9635 0.9961 0.0000 2.0000 0.0000 0.0000 0.0000 2.0000 
2023 1 17 0 1.4100 134.1900 0.0000 0.0000 9.9138 756.9108 0.9904 0.0000 2.0000 0.0000 0.0000 0.0000 2.0000 
2023 1 18 0 1.4200 138.3800 0.0000 0.0000 9.8637 756.8589 0.9849 0.0000 2.0000 0.0000 0.0000 0.0000 2.0000 
2023 1 19 0 1.2500 148.5600 0.0000 0.0000 9.7989 756.7918 0.9777 0.0000 2.0000 0.0000 0.0000 0.0000 2.0000 
2023 1 20 0 1.2100 162.5000 0.0000 0.0000 9.7306 756.7211 0.9701 0.0000 2.0000 0.0000 0.0000 0.0000 2.0000 
2023 1 21 0 1.1400 150.1900 0.0000 0.0000 9.6563 756.6441 0.9618 0.0000 2.0000 0.0000 0.0000 0.0000 2.0000 
2023 1 22 0 1.1400 151.8000 0.0000 0.0000 9.5820 756.5672 0.9536 0.0000 2.0000 0.0000 0.0000 0.0000 2.0000 
2023 1 23 0 1.3100 197.7300 0.0000 0.0000 9.5224 756.5055 0.9469 0.0000 2.0000 0.0000 0.0000 0.0000 2.0000 
2023 1 24 0 1.1800 184.5400 0.0000 0.0000 9.4516 756.4321 0.9391 0.0000 2.0000 0.0000 0.0000 0.0000 2.0000 
2023 1 25 0 1.1800 137.5700 0.0000 0.0000 9.3807 756.3587 0.9312 0.0000 2.0000 0.0000 0.0000 0.0000 2.0000 
2023 1 26 0 1.3300 132.3800 0.0000 0.0000 9.3228 756.2988 0.9248 0.0000 2.0000 0.0000 0.0000 0.0000 2.0000 
2023 1 27 0 1.2600 154.0500 0.0000 0.0000 9.2589 756.2326 0.9177 0.0000 2.0000 0.0000 0.0000 0.0000 2.0000 
2023 1 28 0 1.1600 116.8100 0.0000 0.0000 9.1863 756.1574 0.9096 0.0000 2.0000 0.0000 0.0000 0.0000 2.0000 
2023 1 29 0 1.0900 102.3700 0.0000 0.0000 9.1077 756.0760 0.9009 0.0000 2.0000 0.0000 0.0000 0.0000 2.0000 
2023 1 30 0 1.2200 90.0000 0.0000 0.0000 9.0403 756.0062 0.8934 0.0000 2.0000 0.0000 0.0000 0.0000 2.0000 
2023 1 31 0 1.1800 105.1200 0.0000 0.0000 8.9695 755.9329 0.8855 0.0000 2.0000 0.0000 0.0000 0.0000 2.0000 
2023 2 1 0 1.1000 103.8300 0.0000 0.0000 8.8917 755.8524 0.8769 0.0000 2.0000 0.0000 0.0000 0.0000 2.0000 
2023 2 2 0 1.2600 145.2800 0.0000 0.0000 8.8278 755.7861 0.8698 0.0000 2.0000 0.0000 0.0000 0.0000 2.0000 
2023 2 3 0 1.0900 113.1000 0.0000 0.0000 8.7491 755.7047 0.8610 0.0000 2.0000 0.0000 0.0000 0.0000 2.0000 
2023 2 4 0 0.9200 138.8200 0.0000 0.0000 8.6558 755.6081 0.8506 0.0000 2.0000 0.0000 0.0000 0.0000 2.0000 
2023 2 5 0 0.8600 122.8300 0.0000 0.0000 8.5573 755.5061 0.8397 0.0000 2.0000 0.0000 0.0000 0.0000 2.0000 
2023 2 6 0 0.8000 161.3800 0.0000 0.0000 8.4537 755.3988 0.8282 0.0000 2.0000 0.0000 0.0000 0.0000 2.0000 
2023 2 7 0 0.7400 132.4500 0.0000 0.0000 8.3448 755.2860 0.8161 0.0000 2.0000 0.0000 0.0000 0.0000 2.0000 
2023 2 8 0 0.7100 120.3300 0.0000 0.0000 8.2333 755.1706 0.8037 0.0000 2.0000 0.0000 0.0000 0.0000 2.0000 
2023 2 9 0 0.8100 98.3400 0.0000 0.0000 8.1305 755.0641 0.7923 0.0000 2.0000 0.0000 0.0000 0.0000 2.0000 
2023 2 10 0 0.8600 97.5400 0.0000 0.0000 8.0320 754.9622 0.7813 0.0000 2.0000 0.0000 0.0000 0.0000 2.0000 
2023 2 11 0 0.9200 94.6300 0.0000 0.0000 7.9387 754.8655 0.7710 0.0000 2.0000 0.0000 0.0000 0.0000 2.0000 
2023 2 12 0 0.9700 111.6200 0.0000 0.0000 7.8497 754.7734 0.7611 0.0000 2.0000 0.0000 0.0000 0.0000 2.0000 
2023 2 13 0 0.9700 115.7800 0.0000 0.0000 7.7607 754.6812 0.7512 0.0000 2.0000 0.0000 0.0000 0.0000 2.0000 
2023 2 14 0 0.9600 140.8300 0.0000 0.0000 7.6709 754.5882 0.7412 0.0000 2.0000 0.0000 0.0000 0.0000 2.0000 
2023 2 15 0 0.8200 122.5300 0.0000 0.0000 7.5689 754.4826 0.7299 0.0000 2.0000 0.0000 0.0000 0.0000 2.0000 
2023 2 16 0 0.7600 120.9800 0.0000 0.0000 7.4618 754.3717 0.7180 0.0000 2.0000 0.0000 0.0000 0.0000 2.0000 
2023 2 17 0 0.8900 92.1200 0.0000 0.0000 7.3659 754.2724 0.7073 0.0000 2.0000 0.0000 0.0000 0.0000 2.0000 
2023 2 18 0 0.9700 97.8800 0.0000 0.0000 7.2769 754.1802 0.6974 0.0000 2.0000 0.0000 0.0000 0.0000 2.0000 
2023 2 19 0 1.0300 107.6300 0.0000 0.0000 7.1931 754.0934 0.6881 0.0000 2.0000 0.0000 0.0000 0.0000 2.0000 
2023 2 20 0 1.1000 77.5600 0.0000 0.0000 7.1153 754.0129 0.6795 0.0000 2.0000 0.0000 0.0000 0.0000 2.0000 
2023 2 21 0 1.1600 106.7100 0.0000 0.0000 7.0427 753.9378 0.6714 0.0000 2.0000 0.0000 0.0000 0.0000 2.0000 
2023 2 22 0 1.0300 118.3800 0.0000 0.0000 6.9589 753.8510 0.6621 0.0000 2.0000 0.0000 0.0000 0.0000 2.0000 
2023 2 23 0 1.1000 116.1600 0.0000 0.0000 6.8812 753.7704 0.6535 0.0000 2.0000 0.0000 0.0000 0.0000 2.0000 
2023 2 24 0 1.1600 103.8000 0.0000 0.0000 6.8086 753.6953 0.6454 0.0000 2.0000 0.0000 0.0000 0.0000 2.0000 
2023 2 25 0 1.4200 97.6000 0.0000 0.0000 6.7585 753.6434 0.6398 0.0000 2.0000 0.0000 0.0000 0.0000 2.0000 
2023 2 26 0 2.0200 111.9200 0.0000 0.0000 6.7602 753.6452 0.6400 0.0000 2.0000 0.0000 0.0000 0.0000 2.0000 
2023 2 27 0 2.3800 124.5700 0.0000 0.0000 6.7930 753.6792 0.6437 0.0000 2.0000 0.0000 0.0000 0.0000 2.0000 
2023 2 28 0 2.0000 124.0900 0.0000 0.0000 6.7930 753.6792 0.6437 0.0000 2.0000 0.0000 0.0000 0.0000 2.0000 
2023 3 1 0 1.7400 130.8400 0.0000 0.0000 6.7706 753.6559 0.6412 0.0000 2.0000 0.0000 0.0000 0.0000 2.0000 
2023 3 2 0 1.5500 120.4000 0.0000 0.0000 6.7317 753.6157 0.6369 0.0000 2.0000 0.0000 0.0000 0.0000 2.0000 
2023 3 3 0 1.4100 115.5800 0.0000 0.0000 6.6807 753.5629 0.6312 0.0000 2.0000 0.0000 0.0000 0.0000 2.0000 
2023 3 4 0 1.3500 112.2200 0.0000 0.0000 6.6246 753.5047 0.6250 0.0000 2.0000 0.0000 0.0000 0.0000 2.0000 
2023 3 5 0 1.3500 129.9600 0.0000 0.0000 6.5684 753.4466 0.6187 0.0000 2.0000 0.0000 0.0000 0.0000 2.0000 
2023 3 6 0 1.0800 153.1300 0.0000 0.0000 6.4889 753.3643 0.6099 0.0000 2.0000 0.0000 0.0000 0.0000 2.0000 
2023 3 7 0 0.8600 116.0800 0.0000 0.0000 6.3904 753.2623 0.5989 0.0000 2.0000 0.0000 0.0000 0.0000 2.0000 
2023 3 8 0 0.8400 150.8300 0.0000 0.0000 6.2902 753.1585 0.5878 0.0000 2.0000 0.0000 0.0000 0.0000 2.0000 
2023 3 9 0 0.7500 138.5100 0.0000 0.0000 6.1822 753.0467 0.5758 0.0000 2.0000 0.0000 0.0000 0.0000 2.0000 
2023 3 10 0 0.6700 127.3700 0.0000 0.0000 6.0673 752.9277 0.5630 0.0000 2.0000 0.0000 0.0000 0.0000 2.0000 
2023 3 11 0 0.6300 110.5300 0.0000 0.0000 5.9489 752.8051 0.5499 0.0000 2.0000 0.0000 0.0000 0.0000 2.0000 
2023 3 12 0 0.6800 106.8200 0.0000 0.0000 5.8349 752.6870 0.5372 0.0000 2.0000 0.0000 0.0000 0.0000 2.0000 
2023 3 13 0 0.6700 94.6800 0.0000 0.0000 5.7200 752.5680 0.5244 0.0000 2.0000 0.0000 0.0000 0.0000 2.0000 
2023 3 14 0 0.6500 102.8300 0.0000 0.0000 5.6033 752.4472 0.5115 0.0000 2.0000 0.0000 0.0000 0.0000 2.0000 
2023 3 15 0 0.6100 121.6400 0.0000 0.0000 5.4832 752.3229 0.4981 0.0000 2.0000 0.0000 0.0000 0.0000 2.0000 
2023 3 16 0 0.5700 112.8100 0.0000 0.0000 5.3597 752.1949 0.4844 0.0000 2.0000 0.0000 0.0000 0.0000 2.0000 
2023 3 17 0 0.6100 104.1500 0.0000 0.0000 5.2396 752.0706 0.4711 0.0000 2.0000 0.0000 0.0000 0.0000 2.0000 
2023 3 18 0 0.7300 109.0000 0.0000 0.0000 5.1298 751.9569 0.4589 0.0000 2.0000 0.0000 0.0000 0.0000 2.0000 
2023 3 19 0 0.6900 110.0900 0.0000 0.0000 5.0167 751.8397 0.4463 0.0000 2.0000 0.0000 0.0000 0.0000 2.0000 
2023 3 20 0 0.7500 116.7600 0.0000 0.0000 4.9087 751.7279 0.4343 0.0000 2.0000 0.0000 0.0000 0.0000 2.0000 
2023 3 21 0 0.7600 111.3100 0.0000 0.0000 4.8015 751.6170 0.4224 0.0000 2.0000 0.0000 0.0000 0.0000 2.0000 
2023 3 22 0 0.7700 92.3600 0.0000 0.0000 4.6953 751.5069 0.4106 0.0000 2.0000 0.0000 0.0000 0.0000 2.0000 
2023 3 23 0 0.8600 86.1100 0.0000 0.0000 4.5968 751.4049 0.3996 0.0000 2.0000 0.0000 0.0000 0.0000 2.0000 
2023 3 24 0 1.0700 83.8300 0.0000 0.0000 4.5164 751.3217 0.3907 0.0000 2.0000 0.0000 0.0000 0.0000 2.0000 
2023 3 25 0 1.3100 73.3600 0.0000 0.0000 4.4568 751.2600 0.3841 0.0000 2.0000 0.0000 0.0000 0.0000 2.0000 
2023 3 26 0 1.4100 92.4600 0.0000 0.0000 4.4058 751.2072 0.3784 0.0000 2.0000 0.0000 0.0000 0.0000 2.0000 
2023 3 27 0 1.4900 100.9400 0.0000 0.0000 4.3618 751.1616 0.3735 0.0000 2.0000 0.0000 0.0000 0.0000 2.0000 
2023 3 28 0 1.5700 123.8500 0.0000 0.0000 4.3246 751.1231 0.3694 0.0000 2.0000 0.0000 0.0000 0.0000 2.0000 
2023 3 29 0 1.4000 127.0200 0.0000 0.0000 4.2728 751.0694 0.3636 0.0000 2.0000 0.0000 0.0000 0.0000 2.0000 
2023 3 30 0 1.3400 103.7800 0.0000 0.0000 4.2157 751.0104 0.3573 0.0000 2.0000 0.0000 0.0000 0.0000 2.0000 
2023 3 31 0 2.7800 111.8200 0.0000 0.0000 4.2831 751.0802 0.3648 0.0000 2.0000 0.0000 0.0000 0.0000 2.0000 
2023 4 1 0 7.4200 97.9300 0.0000 0.0000 4.7514 751.5651 0.4168 0.0000 2.0000 0.0000 0.0000 0.0000 2.0000 
2023 4 2 0 6.8500 105.1000 0.0000 0.0000 5.1705 751.9990 0.4634 0.0000 2.0000 0.0000 0.0000 0.0000 2.0000 
2023 4 3 0 4.4800 126.4800 0.0000 0.0000 5.3847 752.2209 0.4872 0.0000 2.0000 0.0000 0.0000 0.0000 2.0000 
2023 4 4 0 2.8400 133.1300 0.0000 0.0000 5.4573 752.2960 0.4953 0.0000 2.0000 0.0000 0.0000 0.0000 2.0000 
2023 4 5 0 2.3000 130.9100 0.0000 0.0000 5.4832 752.3229 0.4981 0.0000 2.0000 0.0000 0.0000 0.0000 2.0000 
2023 4 6 0 2.0400 125.8900 0.0000 0.0000 5.4867 752.3264 0.4985 0.0000 2.0000 0.0000 0.0000 0.0000 2.0000 
2023 4 7 0 1.6900 117.9200 0.0000 0.0000 5.4599 752.2987 0.4955 0.0000 2.0000 0.0000 0.0000 0.0000 2.0000 
2023 4 8 0 1.4800 120.6500 0.0000 0.0000 5.4150 752.2522 0.4906 0.0000 2.0000 0.0000 0.0000 0.0000 2.0000 
2023 4 9 0 1.3300 110.2100 0.0000 0.0000 5.3571 752.1922 0.4841 0.0000 2.0000 0.0000 0.0000 0.0000 2.0000 
2023 4 10 0 1.3600 54.3700 0.0000 0.0000 5.3018 752.1350 0.4780 0.0000 2.0000 0.0000 0.0000 0.0000 2.0000 
2023 4 11 0 3.4900 84.4600 0.0000 0.0000 5.4305 752.2683 0.4923 0.0000 2.0000 0.0000 0.0000 0.0000 2.0000 
2023 4 12 0 3.1000 111.9800 0.0000 0.0000 5.5256 752.3667 0.5028 0.0000 2.0000 0.0000 0.0000 0.0000 2.0000 
2023 4 13 0 3.1000 107.2100 0.0000 0.0000 5.6206 752.4651 0.5134 0.0000 2.0000 0.0000 0.0000 0.0000 2.0000 
2023 4 14 0 3.5200 118.9300 0.0000 0.0000 5.7519 752.6011 0.5280 0.0000 2.0000 0.0000 0.0000 0.0000 2.0000 
2023 4 15 0 3.3800 111.6600 0.0000 0.0000 5.8712 752.7246 0.5412 0.0000 2.0000 0.0000 0.0000 0.0000 2.0000 
2023 4 16 0 3.3800 115.1500 0.0000 0.0000 5.9904 752.8480 0.5545 0.0000 2.0000 0.0000 0.0000 0.0000 2.0000 
2023 4 17 0 3.5700 125.4800 0.0000 0.0000 6.1260 752.9885 0.5696 0.0000 2.0000 0.0000 0.0000 0.0000 2.0000 
2023 4 18 0 3.8300 114.7600 0.0000 0.0000 6.2842 753.1522 0.5871 0.0000 2.0000 0.0000 0.0000 0.0000 2.0000 
2023 4 19 0 4.1200 108.7500 0.0000 0.0000 6.4673 753.3419 0.6075 0.0000 2.0000 0.0000 0.0000 0.0000 2.0000 
2023 4 20 0 4.7400 111.1600 0.0000 0.0000 6.7041 753.5870 0.6338 0.0000 2.0000 0.0000 0.0000 0.0000 2.0000 
2023 4 21 0 5.6500 107.9900 0.0000 0.0000 7.0194 753.9136 0.6688 0.0000 2.0000 0.0000 0.0000 0.0000 2.0000 
2023 4 22 0 6.5600 98.4000 0.0000 0.0000 7.4134 754.3216 0.7126 0.0000 2.0000 0.0000 0.0000 0.0000 2.0000 
2023 4 23 0 7.8100 97.8600 0.0000 0.0000 7.9154 754.8414 0.7684 0.0000 2.0000 0.0000 0.0000 0.0000 2.0000 
2023 4 24 0 7.7000 116.5300 0.0000 0.0000 8.4079 755.3513 0.8231 0.0000 2.0000 0.0000 0.0000 0.0000 2.0000 
2023 4 25 0 6.9200 104.4700 0.0000 0.0000 8.8330 755.7915 0.8703 0.0000 2.0000 0.0000 0.0000 0.0000 2.0000 
2023 4 26 0 5.9500 114.3700 0.0000 0.0000 9.1742 756.1449 0.9082 0.0000 2.0000 0.0000 0.0000 0.0000 2.0000 
2023 4 27 0 4.9600 123.3800 0.0000 0.0000 9.4300 756.4097 0.9367 0.0000 2.0000 0.0000 0.0000 0.0000 2.0000 
2023 4 28 0 4.3700 121.7100 0.0000 0.0000 9.6347 756.6218 0.9594 0.0000 2.0000 0.0000 0.0000 0.0000 2.0000 
2023 4 29 0 4.0700 112.7000 0.0000 0.0000 9.8136 756.8070 0.9793 0.0000 2.0000 0.0000 0.0000 0.0000 2.0000 
2023 4 30 0 3.8500 99.7900 0.0000 0.0000 9.9734 756.9725 0.9970 0.0000 2.0000 0.0000 0.0000 0.0000 2.0000 
2023 5 1 0 3.7600 106.3400 0.0000 0.0000 10.1038 757.0208 1.0115 0.0000 2.0000 0.0000 0.2510 0.0000 2.2510 
2023 5 2 0 3.9300 121.7900 0.0000 0.0000 10.2238 757.0448 1.0249 0.0000 2.0000 0.0000 0.5411 0.0000 2.5411 
2023 5 3 0 4.1500 118.1800 0.0000 0.0000 10.3388 757.0678 1.0376 0.0000 2.0000 0.0000 0.8191 0.0000 2.8191 
2023 5 4 0 4.2400 112.1600 0.0000 0.0000 10.4403 757.0881 1.0489 0.0000 2.0000 0.0000 1.0647 0.0000 3.0647 
2023 5 5 0 4.0800 97.5700 0.0000 0.0000 10.5129 757.1026 1.0570 0.0000 2.0000 0.0000 1.2401 0.0000 3.2401 
2023 5 6 0 3.7700 94.9300 0.0000 0.0000 10.5508 757.1102 1.0612 0.0000 2.0000 0.0000 1.3317 0.0000 3.3317 
2023 5 7 0 3.4900 88.0500 0.0000 0.0000 10.5621 757.1124 1.0625 0.0000 2.0000 0.0000 1.3590 0.0000 3.3590 
2023 5 8 0 3.7000 102.0400 0.0000 0.0000 10.5865 757.1173 1.0652 0.0000 2.0000 0.0000 1.4180 0.0000 3.4180 
2023 5 9 0 4.9400 96.1600 0.0000 0.0000 10.6952 757.1390 1.0772 0.0000 2.0000 0.0000 1.6810 0.0000 3.6810 
2023 5 10 0 8.3100 94.0200 0.0000 0.0000 11.0261 757.2052 1.1140 0.0000 2.0000 0.0000 2.4809 0.0000 4.4809 
2023 5 11 0 9.9500 101.3600 0.0000 0.0000 11.4170 757.2834 1.1574 0.0000 2.0000 0.0000 3.4259 0.0000 5.4259 
2023 5 12 0 12.6400 91.5000 0.0000 0.0000 11.9326 757.3865 1.2147 0.0000 2.0000 0.0000 4.6725 0.0000 6.6725 
2023 5 13 0 13.7000 74.6100 0.0000 0.0000 12.4348 757.4870 1.2705 0.0000 2.0000 0.0000 5.8869 0.0000 7.8869 
2023 5 14 0 13.5800 72.7500 0.0000 0.0000 12.8417 757.5683 1.3157 0.0000 2.0000 0.0000 6.8706 0.0000 8.8706 
2023 5 15 0 16.2500 94.8900 0.0000 0.0000 13.3691 757.6738 1.3743 0.0000 2.0000 0.0000 8.1458 0.0000 10.1458 
2023 5 16 0 20.1300 63.0700 0.0000 0.0000 14.0827 757.8165 1.4536 0.0000 2.0000 0.0000 9.8711 0.0000 11.8711 
2023 5 17 0 15.9800 54.3000 0.0000 0.0000 14.3704 757.8741 1.4856 0.0000 2.0000 0.0000 10.6495 0.0000 12.6495 
2023 5 18 0 12.1100 88.1100 0.0000 0.0000 14.3328 757.8666 1.4814 0.0000 2.0000 0.0000 10.5453 0.0000 12.5453 
2023 5 19 0 10.4200 92.9400 0.0000 0.0000 14.1951 757.8390 1.4661 0.0000 2.0000 0.0000 10.0142 0.0000 12.0142 
2023 5 20 0 10.2100 52.6300 0.0000 0.0000 14.0569 757.8114 1.4508 0.0000 2.0000 0.0000 9.8089 0.0000 11.8089 
2023 5 21 0 9.5800 37.1300 0.0000 0.0000 13.8976 757.7795 1.4331 0.0000 2.0000 0.0000 9.4237 0.0000 11.4237 
2023 5 22 0 9.1700 84.4700 0.0000 0.0000 13.7366 757.7473 1.4152 0.0000 2.0000 0.0000 9.0343 0.0000 11.0343 
2023 5 23 0 11.2700 63.0000 0.0000 0.0000 13.7534 757.7507 1.4170 0.0000 2.0000 0.0000 9.0750 0.0000 11.0750 
2023 5 24 0 11.8700 82.4800 0.0000 0.0000 13.8102 757.7620 1.4234 0.0000 2.0000 0.0000 9.2124 0.0000 11.2124 
2023 5 25 0 10.9900 57.6600 0.0000 0.0000 13.7943 757.7589 1.4216 0.0000 2.0000 0.0000 9.1740 0.0000 11.1740 
2023 5 26 0 11.4000 61.9200 0.0000 0.0000 13.8105 757.7621 1.4234 0.0000 2.0000 0.0000 9.2130 0.0000 11.2130 
2023 5 27 0 10.3300 61.7400 0.0000 0.0000 13.7474 757.7495 1.4164 0.0000 2.0000 0.0000 9.0604 0.0000 11.0604 
2023 5 28 0 8.1900 48.1500 0.0000 0.0000 13.5422 757.7084 1.3936 0.0000 2.0000 0.0000 8.5644 0.0000 10.5644 
2023 5 29 0 5.9500 41.9900 0.0000 0.0000 13.2125 757.6425 1.3569 0.0000 2.0000 0.0000 7.7670 0.0000 9.7670 
2023 5 30 0 4.9100 85.7800 0.0000 0.0000 12.8653 757.5731 1.3184 0.0000 2.0000 0.0000 6.9277 0.0000 8.9277 
2023 5 31 0 4.2200 60.1500 0.0000 0.0000 12.5289 757.5058 1.2810 0.0000 2.0000 0.0000 6.1143 0.0000 8.1143 
2023 6 1 0 3.6900 67.1300 0.0000 0.0000 12.2127 757.4425 1.2459 0.0000 2.0000 0.0000 5.3497 0.0000 7.3497 
2023 6 2 0 3.0500 80.9600 0.0000 0.0000 11.9053 757.3811 1.2117 0.0000 2.0000 0.0000 4.6067 0.0000 6.6067 
2023 6 3 0 2.5500 62.3200 0.0000 0.0000 11.6154 757.3231 1.1795 0.0000 2.0000 0.0000 3.9057 0.0000 5.9057 
2023 6 4 0 2.2800 61.2100 0.0000 0.0000 11.3563 757.2713 1.1507 0.0000 2.0000 0.0000 3.2792 0.0000 5.2792 
2023 6 5 0 2.0200 87.8500 0.0000 0.0000 11.1233 757.2247 1.1248 0.0000 2.0000 0.0000 2.7160 0.0000 4.7160 
2023 6 6 0 1.7400 90.1800 0.0000 0.0000 10.9106 757.1821 1.1012 0.0000 2.0000 0.0000 2.2018 0.0000 4.2018 
2023 6 7 0 1.4900 96.7800 0.0000 0.0000 10.7168 757.1434 1.0796 0.0000 2.0000 0.0000 1.7332 0.0000 3.7332 
2023 6 8 0 1.2800 89.0900 0.0000 0.0000 10.5415 757.1083 1.0602 0.0000 2.0000 0.0000 1.3093 0.0000 3.3093 
2023 6 9 0 1.0900 88.9200 0.0000 0.0000 10.3829 757.0766 1.0425 0.0000 2.0000 0.0000 0.9258 0.0000 2.9258 
2023 6 10 0 0.9200 61.8300 0.0000 0.0000 10.2395 757.0479 1.0266 0.0000 2.0000 0.0000 0.5792 0.0000 2.5792 
2023 6 11 0 0.7800 47.6500 0.0000 0.0000 10.1110 757.0222 1.0123 0.0000 2.0000 0.0000 0.2683 0.0000 2.2683 
2023 6 12 0 0.6800 88.7900 0.0000 0.0000 9.9969 756.9968 0.9997 0.0000 2.0000 0.0000 0.0000 0.0000 2.0000 
2023 6 13 0 0.6000 99.0700 0.0000 0.0000 9.8760 756.8715 0.9862 0.0000 2.0000 0.0000 0.0000 0.0000 2.0000 
2023 6 14 0 0.5100 105.6600 0.0000 0.0000 9.7472 756.7382 0.9719 0.0000 2.0000 0.0000 0.0000 0.0000 2.0000 
2023 6 15 0 0.4600 116.5000 0.0000 0.0000 9.6142 756.6005 0.9571 0.0000 2.0000 0.0000 0.0000 0.0000 2.0000 
2023 6 16 0 0.4300 123.1200 0.0000 0.0000 9.4785 756.4600 0.9421 0.0000 2.0000 0.0000 0.0000 0.0000 2.0000 
2023 6 17 0 0.3900 107.5100 0.0000 0.0000 9.3394 756.3160 0.9266 0.0000 2.0000 0.0000 0.0000 0.0000 2.0000 
2023 6 18 0 0.3700 102.7200 0.0000 0.0000 9.1986 756.1701 0.9110 0.0000 2.0000 0.0000 0.0000 0.0000 2.0000 
2023 6 19 0 0.3800 116.7200 0.0000 0.0000 9.0586 756.0252 0.8954 0.0000 2.0000 0.0000 0.0000 0.0000 2.0000 
2023 6 20 0 0.4200 131.3100 0.0000 0.0000 8.9221 755.8838 0.8802 0.0000 2.0000 0.0000 0.0000 0.0000 2.0000 
2023 6 21 0 0.6300 131.9100 0.0000 0.0000 8.8037 755.7613 0.8671 0.0000 2.0000 0.0000 0.0000 0.0000 2.0000 
2023 6 22 0 1.9600 129.3300 0.0000 0.0000 8.8003 755.7577 0.8667 0.0000 2.0000 0.0000 0.0000 0.0000 2.0000 
2023 6 23 0 1.4300 112.7300 0.0000 0.0000 8.7510 755.7067 0.8612 0.0000 2.0000 0.0000 0.0000 0.0000 2.0000 
2023 6 24 0 1.0000 91.6000 0.0000 0.0000 8.6646 755.6172 0.8516 0.0000 2.0000 0.0000 0.0000 0.0000 2.0000 
2023 6 25 0 0.7200 78.9200 0.0000 0.0000 8.5540 755.5027 0.8393 0.0000 2.0000 0.0000 0.0000 0.0000 2.0000 
2023 6 26 0 0.5800 97.3600 0.0000 0.0000 8.4313 755.3757 0.8257 0.0000 2.0000 0.0000 0.0000 0.0000 2.0000 
2023 6 27 0 0.5400 97.1000 0.0000 0.0000 8.3052 755.2450 0.8117 0.0000 2.0000 0.0000 0.0000 0.0000 2.0000 
2023 6 28 0 0.5500 110.3800 0.0000 0.0000 8.1799 755.1153 0.7978 0.0000 2.0000 0.0000 0.0000 0.0000 2.0000 
2023 6 29 0 0.5200 115.5800 0.0000 0.0000 8.0520 754.9829 0.7836 0.0000 2.0000 0.0000 0.0000 0.0000 2.0000 
2023 6 30 0 0.5200 106.1600 0.0000 0.0000 7.9242 754.8505 0.7694 0.0000 2.0000 0.0000 0.0000 0.0000 2.0000 
2023 7 1 0 0.4600 61.0800 0.0000 0.0000 7.7911 754.7127 0.7546 0.0000 2.0000 0.0000 0.0000 0.0000 2.0000 
2023 7 2 0 0.4600 15.9100 0.0000 0.0000 7.6581 754.5749 0.7398 0.0000 2.0000 0.0000 0.0000 0.0000 2.0000 
2023 7 3 0 0.4600 50.3200 0.0000 0.0000 7.5250 754.4371 0.7250 0.0000 2.0000 0.0000 0.0000 0.0000 2.0000 
2023 7 4 0 0.5600 83.2500 0.0000 0.0000 7.4006 754.3083 0.7112 0.0000 2.0000 0.0000 0.0000 0.0000 2.0000 
2023 7 5 0 0.5500 80.5300 0.0000 0.0000 7.2753 754.1786 0.6973 0.0000 2.0000 0.0000 0.0000 0.0000 2.0000 
2023 7 6 0 0.6400 96.7500 0.0000 0.0000 7.1578 754.0569 0.6842 0.0000 2.0000 0.0000 0.0000 0.0000 2.0000 
2023 7 7 0 0.8900 101.0400 0.0000 0.0000 7.0619 753.9576 0.6735 0.0000 2.0000 0.0000 0.0000 0.0000 2.0000 
2023 7 8 0 1.5500 87.4600 0.0000 0.0000 7.0230 753.9173 0.6692 0.0000 2.0000 0.0000 0.0000 0.0000 2.0000 
2023 7 9 0 1.6600 94.0500 0.0000 0.0000 6.9936 753.8869 0.6660 0.0000 2.0000 0.0000 0.0000 0.0000 2.0000 
2023 7 10 0 1.4600 98.2100 0.0000 0.0000 6.9470 753.8386 0.6608 0.0000 2.0000 0.0000 0.0000 0.0000 2.0000 
2023 7 11 0 1.3100 89.8900 0.0000 0.0000 6.8874 753.7769 0.6542 0.0000 2.0000 0.0000 0.0000 0.0000 2.0000 
2023 7 12 0 1.5400 76.6900 0.0000 0.0000 6.8476 753.7357 0.6497 0.0000 2.0000 0.0000 0.0000 0.0000 2.0000 
2023 7 13 0 1.3000 83.4900 0.0000 0.0000 6.7872 753.6731 0.6430 0.0000 2.0000 0.0000 0.0000 0.0000 2.0000 
2023 7 14 0 1.0600 85.4800 0.0000 0.0000 6.7059 753.5890 0.6340 0.0000 2.0000 0.0000 0.0000 0.0000 2.0000 
2023 7 15 0 1.2300 33.3300 0.0000 0.0000 6.6394 753.5201 0.6266 0.0000 2.0000 0.0000 0.0000 0.0000 2.0000 
2023 7 16 0 2.3400 17.8600 0.0000 0.0000 6.6688 753.5505 0.6299 0.0000 2.0000 0.0000 0.0000 0.0000 2.0000 
2023 7 17 0 3.3200 30.5600 0.0000 0.0000 6.7828 753.6686 0.6425 0.0000 2.0000 0.0000 0.0000 0.0000 2.0000 
2023 7 18 0 2.8400 64.7000 0.0000 0.0000 6.8554 753.7438 0.6506 0.0000 2.0000 0.0000 0.0000 0.0000 2.0000 
2023 7 19 0 2.1900 77.7600 0.0000 0.0000 6.8718 753.7608 0.6524 0.0000 2.0000 0.0000 0.0000 0.0000 2.0000 
2023 7 20 0 1.8000 64.6700 0.0000 0.0000 6.8545 753.7429 0.6505 0.0000 2.0000 0.0000 0.0000 0.0000 2.0000 
2023 7 21 0 1.5200 83.1300 0.0000 0.0000 6.8131 753.6999 0.6459 0.0000 2.0000 0.0000 0.0000 0.0000 2.0000 
2023 7 22 0 1.3300 75.6300 0.0000 0.0000 6.7552 753.6400 0.6395 0.0000 2.0000 0.0000 0.0000 0.0000 2.0000 
2023 7 23 0 1.2900 33.2000 0.0000 0.0000 6.6938 753.5765 0.6326 0.0000 2.0000 0.0000 0.0000 0.0000 2.0000 
2023 7 24 0 1.1400 69.9000 0.0000 0.0000 6.6195 753.4995 0.6244 0.0000 2.0000 0.0000 0.0000 0.0000 2.0000 
2023 7 25 0 0.9700 60.2500 0.0000 0.0000 6.5305 753.4074 0.6145 0.0000 2.0000 0.0000 0.0000 0.0000 2.0000 
2023 7 26 0 0.8800 69.5200 0.0000 0.0000 6.4338 753.3072 0.6038 0.0000 2.0000 0.0000 0.0000 0.0000 2.0000 
2023 7 27 0 0.7900 87.3400 0.0000 0.0000 6.3292 753.1989 0.5921 0.0000 2.0000 0.0000 0.0000 0.0000 2.0000 
2023 7 28 0 0.7200 86.7600 0.0000 0.0000 6.2186 753.0844 0.5798 0.0000 2.0000 0.0000 0.0000 0.0000 2.0000 
2023 7 29 0 0.6900 74.6100 0.0000 0.0000 6.1055 752.9672 0.5673 0.0000 2.0000 0.0000 0.0000 0.0000 2.0000 
2023 7 30 0 0.8500 39.5200 0.0000 0.0000 6.0061 752.8643 0.5562 0.0000 2.0000 0.0000 0.0000 0.0000 2.0000 
2023 7 31 0 1.9100 69.3300 0.0000 0.0000 5.9983 752.8562 0.5554 0.0000 2.0000 0.0000 0.0000 0.0000 2.0000 
2023 8 1 0 1.4500 73.8700 0.0000 0.0000 5.9508 752.8070 0.5501 0.0000 2.0000 0.0000 0.0000 0.0000 2.0000 
2023 8 2 0 0.9600 64.7500 0.0000 0.0000 5.8609 752.7140 0.5401 0.0000 2.0000 0.0000 0.0000 0.0000 2.0000 
2023 8 3 0 0.7400 43.5500 0.0000 0.0000 5.7521 752.6013 0.5280 0.0000 2.0000 0.0000 0.0000 0.0000 2.0000 
2023 8 4 0 0.6300 62.1300 0.0000 0.0000 5.6337 752.4787 0.5149 0.0000 2.0000 0.0000 0.0000 0.0000 2.0000 
2023 8 5 0 0.6000 76.9400 0.0000 0.0000 5.5128 752.3534 0.5014 0.0000 2.0000 0.0000 0.0000 0.0000 2.0000 
2023 8 6 0 0.5400 57.5500 0.0000 0.0000 5.3866 752.2228 0.4874 0.0000 2.0000 0.0000 0.0000 0.0000 2.0000 
2023 8 7 0 0.4800 16.8300 0.0000 0.0000 5.2553 752.0868 0.4728 0.0000 2.0000 0.0000 0.0000 0.0000 2.0000 
2023 8 8 0 1.0300 0.0400 0.0000 0.0000 5.1715 752.0000 0.4635 0.0000 2.0000 0.0000 0.0000 0.0000 2.0000 
2023 8 9 0 1.5600 14.7000 0.0000 0.0000 5.1335 751.9607 0.4593 0.0000 2.0000 0.0000 0.0000 0.0000 2.0000 
2023 8 10 0 1.4800 51.2900 0.0000 0.0000 5.0885 751.9142 0.4543 0.0000 2.0000 0.0000 0.0000 0.0000 2.0000 
2023 8 11 0 1.7900 72.3800 0.0000 0.0000 5.0704 751.8954 0.4523 0.0000 2.0000 0.0000 0.0000 0.0000 2.0000 
2023 8 12 0 1.3300 69.7000 0.0000 0.0000 5.0125 751.8354 0.4458 0.0000 2.0000 0.0000 0.0000 0.0000 2.0000 
2023 8 13 0 1.0200 63.1900 0.0000 0.0000 4.9278 751.7477 0.4364 0.0000 2.0000 0.0000 0.0000 0.0000 2.0000 
2023 8 14 0 0.9000 85.9500 0.0000 0.0000 4.8328 751.6493 0.4259 0.0000 2.0000 0.0000 0.0000 0.0000 2.0000 
2023 8 15 0 1.7700 82.7300 0.0000 0.0000 4.8129 751.6288 0.4237 0.0000 2.0000 0.0000 0.0000 0.0000 2.0000 
2023 8 16 0 2.1100 93.5300 0.0000 0.0000 4.8224 751.6386 0.4247 0.0000 2.0000 0.0000 0.0000 0.0000 2.0000 
2023 8 17 0 1.7300 92.9900 0.0000 0.0000 4.7991 751.6144 0.4221 0.0000 2.0000 0.0000 0.0000 0.0000 2.0000 
2023 8 18 0 1.4200 84.3900 0.0000 0.0000 4.7490 751.5625 0.4166 0.0000 2.0000 0.0000 0.0000 0.0000 2.0000 
2023 8 19 0 1.3000 48.8800 0.0000 0.0000 4.6885 751.4999 0.4098 0.0000 2.0000 0.0000 0.0000 0.0000 2.0000 
2023 8 20 0 2.1700 75.6000 0.0000 0.0000 4.7032 751.5151 0.4115 0.0000 2.0000 0.0000 0.0000 0.0000 2.0000 
2023 8 21 0 1.6800 88.4800 0.0000 0.0000 4.6755 751.4865 0.4084 0.0000 2.0000 0.0000 0.0000 0.0000 2.0000 
2023 8 22 0 1.3600 92.0800 0.0000 0.0000 4.6202 751.4292 0.4022 0.0000 2.0000 0.0000 0.0000 0.0000 2.0000 
2023 8 23 0 1.1600 99.5400 0.0000 0.0000 4.5477 751.3541 0.3942 0.0000 2.0000 0.0000 0.0000 0.0000 2.0000 
2023 8 24 0 0.9900 99.6900 0.0000 0.0000 4.4604 751.2637 0.3845 0.0000 2.0000 0.0000 0.0000 0.0000 2.0000 
2023 8 25 0 1.2700 93.1800 0.0000 0.0000 4.3973 751.1984 0.3775 0.0000 2.0000 0.0000 0.0000 0.0000 2.0000 
2023 8 26 0 1.9300 87.9600 0.0000 0.0000 4.3913 751.1922 0.3768 0.0000 2.0000 0.0000 0.0000 0.0000 2.0000 
2023 8 27 0 2.0300 89.4800 0.0000 0.0000 4.3939 751.1948 0.3771 0.0000 2.0000 0.0000 0.0000 0.0000 2.0000 
2023 8 28 0 1.5900 91.8000 0.0000 0.0000 4.3584 751.1582 0.3732 0.0000 2.0000 0.0000 0.0000 0.0000 2.0000 
2023 8 29 0 1.3000 95.0600 0.0000 0.0000 4.2980 751.0955 0.3664 0.0000 2.0000 0.0000 0.0000 0.0000 2.0000 
2023 8 30 0 1.1000 99.5900 0.0000 0.0000 4.2202 751.0150 0.3578 0.0000 2.0000 0.0000 0.0000 0.0000 2.0000 
2023 8 31 0 0.9800 97.2200 0.0000 0.0000 4.1321 750.9238 0.3480 0.0000 2.0000 0.0000 0.0000 0.0000 2.0000 
