Riversystem HJELLE_daily_e163 reservoir fractions [fr] 
YYYY MM DD HH HJELLE 
2022 9 1 0 0.6842 
2022 9 2 0 0.6679 
2022 9 3 0 0.6514 
2022 9 4 0 0.6353 
2022 9 5 0 0.6197 
2022 9 6 0 0.6050 
2022 9 7 0 0.5903 
2022 9 8 0 0.5751 
2022 9 9 0 0.5596 
2022 9 10 0 0.5442 
2022 9 11 0 0.5296 
2022 9 12 0 0.5171 
2022 9 13 0 0.5162 
2022 9 14 0 0.5099 
2022 9 15 0 0.5015 
2022 9 16 0 0.4911 
2022 9 17 0 0.4792 
2022 9 18 0 0.4659 
2022 9 19 0 0.4516 
2022 9 20 0 0.4367 
2022 9 21 0 0.4214 
2022 9 22 0 0.4060 
2022 9 23 0 0.3905 
2022 9 24 0 0.3752 
2022 9 25 0 0.3760 
2022 9 26 0 0.3895 
2022 9 27 0 0.4111 
2022 9 28 0 0.4477 
2022 9 29 0 0.4658 
2022 9 30 0 0.4746 
2022 10 1 0 0.5084 
2022 10 2 0 0.5525 
2022 10 3 0 0.5890 
2022 10 4 0 0.6243 
2022 10 5 0 0.7156 
2022 10 6 0 0.8588 
2022 10 7 0 0.9051 
2022 10 8 0 0.9413 
2022 10 9 0 0.9659 
2022 10 10 0 0.9844 
2022 10 11 0 1.0010 
2022 10 12 0 1.0104 
2022 10 13 0 1.0154 
2022 10 14 0 1.0164 
2022 10 15 0 1.0280 
2022 10 16 0 1.0424 
2022 10 17 0 1.0523 
2022 10 18 0 1.0583 
2022 10 19 0 1.0591 
2022 10 20 0 1.0549 
2022 10 21 0 1.0485 
2022 10 22 0 1.0423 
2022 10 23 0 1.0582 
2022 10 24 0 1.0846 
2022 10 25 0 1.0920 
2022 10 26 0 1.1535 
2022 10 27 0 1.1641 
2022 10 28 0 1.1593 
2022 10 29 0 1.1630 
2022 10 30 0 1.1620 
2022 10 31 0 1.1449 
2022 11 1 0 1.1307 
2022 11 2 0 1.1354 
2022 11 3 0 1.1819 
2022 11 4 0 1.2134 
2022 11 5 0 1.2255 
2022 11 6 0 1.2185 
2022 11 7 0 1.2253 
2022 11 8 0 1.2224 
2022 11 9 0 1.2285 
2022 11 10 0 1.2199 
2022 11 11 0 1.2037 
2022 11 12 0 1.1835 
2022 11 13 0 1.1624 
2022 11 14 0 1.1442 
2022 11 15 0 1.1396 
2022 11 16 0 1.1539 
2022 11 17 0 1.2154 
2022 11 18 0 1.2130 
2022 11 19 0 1.1903 
2022 11 20 0 1.1735 
2022 11 21 0 1.1496 
2022 11 22 0 1.1261 
2022 11 23 0 1.1111 
2022 11 24 0 1.0996 
2022 11 25 0 1.0990 
2022 11 26 0 1.1127 
2022 11 27 0 1.1298 
2022 11 28 0 1.1537 
2022 11 29 0 1.1533 
2022 11 30 0 1.1397 
2022 12 1 0 1.1217 
2022 12 2 0 1.1035 
2022 12 3 0 1.0854 
2022 12 4 0 1.0693 
2022 12 5 0 1.0549 
2022 12 6 0 1.0430 
2022 12 7 0 1.0328 
2022 12 8 0 1.0250 
2022 12 9 0 1.0197 
2022 12 10 0 1.0152 
2022 12 11 0 1.0124 
2022 12 12 0 1.0102 
2022 12 13 0 1.0077 
2022 12 14 0 1.0047 
2022 12 15 0 1.0012 
2022 12 16 0 0.9970 
2022 12 17 0 0.9923 
2022 12 18 0 0.9880 
2022 12 19 0 0.9850 
2022 12 20 0 0.9863 
2022 12 21 0 1.0025 
2022 12 22 0 1.0170 
2022 12 23 0 1.0209 
2022 12 24 0 1.0177 
2022 12 25 0 1.0121 
2022 12 26 0 1.0191 
2022 12 27 0 1.0198 
2022 12 28 0 1.0149 
2022 12 29 0 1.0107 
2022 12 30 0 1.0061 
2022 12 31 0 1.0058 
2023 1 1 0 1.0025 
2023 1 2 0 0.9976 
2023 1 3 0 0.9913 
2023 1 4 0 0.9841 
2023 1 5 0 0.9814 
2023 1 6 0 0.9763 
2023 1 7 0 0.9713 
2023 1 8 0 0.9802 
2023 1 9 0 1.0016 
2023 1 10 0 1.0103 
2023 1 11 0 1.0133 
2023 1 12 0 1.0129 
2023 1 13 0 1.0100 
2023 1 14 0 1.0054 
2023 1 15 0 1.0009 
2023 1 16 0 0.9961 
2023 1 17 0 0.9904 
2023 1 18 0 0.9849 
2023 1 19 0 0.9777 
2023 1 20 0 0.9701 
2023 1 21 0 0.9618 
2023 1 22 0 0.9536 
2023 1 23 0 0.9469 
2023 1 24 0 0.9391 
2023 1 25 0 0.9312 
2023 1 26 0 0.9248 
2023 1 27 0 0.9177 
2023 1 28 0 0.9096 
2023 1 29 0 0.9009 
2023 1 30 0 0.8934 
2023 1 31 0 0.8855 
2023 2 1 0 0.8769 
2023 2 2 0 0.8698 
2023 2 3 0 0.8610 
2023 2 4 0 0.8506 
2023 2 5 0 0.8397 
2023 2 6 0 0.8282 
2023 2 7 0 0.8161 
2023 2 8 0 0.8037 
2023 2 9 0 0.7923 
2023 2 10 0 0.7813 
2023 2 11 0 0.7710 
2023 2 12 0 0.7611 
2023 2 13 0 0.7512 
2023 2 14 0 0.7412 
2023 2 15 0 0.7299 
2023 2 16 0 0.7180 
2023 2 17 0 0.7073 
2023 2 18 0 0.6974 
2023 2 19 0 0.6881 
2023 2 20 0 0.6795 
2023 2 21 0 0.6714 
2023 2 22 0 0.6621 
2023 2 23 0 0.6535 
2023 2 24 0 0.6454 
2023 2 25 0 0.6398 
2023 2 26 0 0.6400 
2023 2 27 0 0.6437 
2023 2 28 0 0.6437 
2023 3 1 0 0.6412 
2023 3 2 0 0.6369 
2023 3 3 0 0.6312 
2023 3 4 0 0.6250 
2023 3 5 0 0.6187 
2023 3 6 0 0.6099 
2023 3 7 0 0.5989 
2023 3 8 0 0.5878 
2023 3 9 0 0.5758 
2023 3 10 0 0.5630 
2023 3 11 0 0.5499 
2023 3 12 0 0.5372 
2023 3 13 0 0.5244 
2023 3 14 0 0.5115 
2023 3 15 0 0.4981 
2023 3 16 0 0.4844 
2023 3 17 0 0.4711 
2023 3 18 0 0.4589 
2023 3 19 0 0.4463 
2023 3 20 0 0.4343 
2023 3 21 0 0.4224 
2023 3 22 0 0.4106 
2023 3 23 0 0.3996 
2023 3 24 0 0.3907 
2023 3 25 0 0.3841 
2023 3 26 0 0.3784 
2023 3 27 0 0.3735 
2023 3 28 0 0.3694 
2023 3 29 0 0.3636 
2023 3 30 0 0.3573 
2023 3 31 0 0.3648 
2023 4 1 0 0.4168 
2023 4 2 0 0.4634 
2023 4 3 0 0.4872 
2023 4 4 0 0.4953 
2023 4 5 0 0.4981 
2023 4 6 0 0.4985 
2023 4 7 0 0.4955 
2023 4 8 0 0.4906 
2023 4 9 0 0.4841 
2023 4 10 0 0.4780 
2023 4 11 0 0.4923 
2023 4 12 0 0.5028 
2023 4 13 0 0.5134 
2023 4 14 0 0.5280 
2023 4 15 0 0.5412 
2023 4 16 0 0.5545 
2023 4 17 0 0.5696 
2023 4 18 0 0.5871 
2023 4 19 0 0.6075 
2023 4 20 0 0.6338 
2023 4 21 0 0.6688 
2023 4 22 0 0.7126 
2023 4 23 0 0.7684 
2023 4 24 0 0.8231 
2023 4 25 0 0.8703 
2023 4 26 0 0.9082 
2023 4 27 0 0.9367 
2023 4 28 0 0.9594 
2023 4 29 0 0.9793 
2023 4 30 0 0.9970 
2023 5 1 0 1.0115 
2023 5 2 0 1.0249 
2023 5 3 0 1.0376 
2023 5 4 0 1.0489 
2023 5 5 0 1.0570 
2023 5 6 0 1.0612 
2023 5 7 0 1.0625 
2023 5 8 0 1.0652 
2023 5 9 0 1.0772 
2023 5 10 0 1.1140 
2023 5 11 0 1.1574 
2023 5 12 0 1.2147 
2023 5 13 0 1.2705 
2023 5 14 0 1.3157 
2023 5 15 0 1.3743 
2023 5 16 0 1.4536 
2023 5 17 0 1.4856 
2023 5 18 0 1.4814 
2023 5 19 0 1.4661 
2023 5 20 0 1.4508 
2023 5 21 0 1.4331 
2023 5 22 0 1.4152 
2023 5 23 0 1.4170 
2023 5 24 0 1.4234 
2023 5 25 0 1.4216 
2023 5 26 0 1.4234 
2023 5 27 0 1.4164 
2023 5 28 0 1.3936 
2023 5 29 0 1.3569 
2023 5 30 0 1.3184 
2023 5 31 0 1.2810 
2023 6 1 0 1.2459 
2023 6 2 0 1.2117 
2023 6 3 0 1.1795 
2023 6 4 0 1.1507 
2023 6 5 0 1.1248 
2023 6 6 0 1.1012 
2023 6 7 0 1.0796 
2023 6 8 0 1.0602 
2023 6 9 0 1.0425 
2023 6 10 0 1.0266 
2023 6 11 0 1.0123 
2023 6 12 0 0.9997 
2023 6 13 0 0.9862 
2023 6 14 0 0.9719 
2023 6 15 0 0.9571 
2023 6 16 0 0.9421 
2023 6 17 0 0.9266 
2023 6 18 0 0.9110 
2023 6 19 0 0.8954 
2023 6 20 0 0.8802 
2023 6 21 0 0.8671 
2023 6 22 0 0.8667 
2023 6 23 0 0.8612 
2023 6 24 0 0.8516 
2023 6 25 0 0.8393 
2023 6 26 0 0.8257 
2023 6 27 0 0.8117 
2023 6 28 0 0.7978 
2023 6 29 0 0.7836 
2023 6 30 0 0.7694 
2023 7 1 0 0.7546 
2023 7 2 0 0.7398 
2023 7 3 0 0.7250 
2023 7 4 0 0.7112 
2023 7 5 0 0.6973 
2023 7 6 0 0.6842 
2023 7 7 0 0.6735 
2023 7 8 0 0.6692 
2023 7 9 0 0.6660 
2023 7 10 0 0.6608 
2023 7 11 0 0.6542 
2023 7 12 0 0.6497 
2023 7 13 0 0.6430 
2023 7 14 0 0.6340 
2023 7 15 0 0.6266 
2023 7 16 0 0.6299 
2023 7 17 0 0.6425 
2023 7 18 0 0.6506 
2023 7 19 0 0.6524 
2023 7 20 0 0.6505 
2023 7 21 0 0.6459 
2023 7 22 0 0.6395 
2023 7 23 0 0.6326 
2023 7 24 0 0.6244 
2023 7 25 0 0.6145 
2023 7 26 0 0.6038 
2023 7 27 0 0.5921 
2023 7 28 0 0.5798 
2023 7 29 0 0.5673 
2023 7 30 0 0.5562 
2023 7 31 0 0.5554 
2023 8 1 0 0.5501 
2023 8 2 0 0.5401 
2023 8 3 0 0.5280 
2023 8 4 0 0.5149 
2023 8 5 0 0.5014 
2023 8 6 0 0.4874 
2023 8 7 0 0.4728 
2023 8 8 0 0.4635 
2023 8 9 0 0.4593 
2023 8 10 0 0.4543 
2023 8 11 0 0.4523 
2023 8 12 0 0.4458 
2023 8 13 0 0.4364 
2023 8 14 0 0.4259 
2023 8 15 0 0.4237 
2023 8 16 0 0.4247 
2023 8 17 0 0.4221 
2023 8 18 0 0.4166 
2023 8 19 0 0.4098 
2023 8 20 0 0.4115 
2023 8 21 0 0.4084 
2023 8 22 0 0.4022 
2023 8 23 0 0.3942 
2023 8 24 0 0.3845 
2023 8 25 0 0.3775 
2023 8 26 0 0.3768 
2023 8 27 0 0.3771 
2023 8 28 0 0.3732 
2023 8 29 0 0.3664 
2023 8 30 0 0.3578 
2023 8 31 0 0.3480 
