Date_NodeID	1_0
20220901	0.5
20220902	0.5
20220903	0.5
20220904	0.5
20220905	0.5
20220906	0.5
20220907	0.5
20220908	0.5
20220909	0.5
20220910	0.5
20220911	0.5
20220912	0.5
20220913	0.5
20220914	0.5
20220915	0.5
20220916	0.5
20220917	0.5
20220918	0.5
20220919	0.5
20220920	0.5
20220921	0.5
20220922	0.5
20220923	0.5
20220924	0.5
20220925	0.5
20220926	0.5
20220927	0.5
20220928	0.5
20220929	0.5
20220930	0.5
20221001	0.5
20221002	0.5
20221003	0.5
20221004	0.5
20221005	0.5
20221006	0.5
20221007	0.5
20221008	0.5
20221009	0.5
20221010	0.5
20221011	0.5
20221012	0.5
20221013	0.5
20221014	0.5
20221015	0.5
20221016	0.5
20221017	0.5
20221018	0.5
20221019	0.5
20221020	0.5
20221021	0.5
20221022	0.5
20221023	0.5
20221024	0.5
20221025	0.5
20221026	0.5
20221027	0.5
20221028	0.5
20221029	0.5
20221030	0.5
20221031	0.5
20221101	0.5
20221102	0.5
20221103	0.5
20221104	0.5
20221105	0.5
20221106	0.5
20221107	0.5
20221108	0.5
20221109	0.5
20221110	0.5
20221111	0.5
20221112	0.5
20221113	0.5
20221114	0.5
20221115	0.5
20221116	0.5
20221117	0.5
20221118	0.5
20221119	0.5
20221120	0.5
20221121	0.5
20221122	0.5
20221123	0.5
20221124	0.5
20221125	0.5
20221126	0.5
20221127	0.5
20221128	0.5
20221129	0.5
20221130	0.5
20221201	0.5
20221202	0.5
20221203	0.5
20221204	0.5
20221205	0.5
20221206	0.5
20221207	0.5
20221208	0.5
20221209	0.5
20221210	0.5
20221211	0.5
20221212	0.5
20221213	0.5
20221214	0.5
20221215	0.5
20221216	0.5
20221217	0.5
20221218	0.5
20221219	0.5
20221220	0.5
20221221	0.5
20221222	0.5
20221223	0.5
20221224	0.5
20221225	0.5
20221226	0.5
20221227	0.5
20221228	0.5
20221229	0.5
20221230	0.5
20221231	0.5
20230101	0.5
20230102	0.5
20230103	0.5
20230104	0.5
20230105	0.5
20230106	0.5
20230107	0.5
20230108	0.5
20230109	0.5
20230110	0.5
20230111	0.5
20230112	0.5
20230113	0.5
20230114	0.5
20230115	0.5
20230116	0.5
20230117	0.5
20230118	0.5
20230119	0.5
20230120	0.5
20230121	0.5
20230122	0.5
20230123	0.5
20230124	0.5
20230125	0.5
20230126	0.5
20230127	0.5
20230128	0.5
20230129	0.5
20230130	0.5
20230131	0.5
20230201	0.5
20230202	0.5
20230203	0.5
20230204	0.5
20230205	0.5
20230206	0.5
20230207	0.5
20230208	0.5
20230209	0.5
20230210	0.5
20230211	0.5
20230212	0.5
20230213	0.5
20230214	0.5
20230215	0.5
20230216	0.5
20230217	0.5
20230218	0.5
20230219	0.5
20230220	0.5
20230221	0.5
20230222	0.5
20230223	0.5
20230224	0.5
20230225	0.5
20230226	0.5
20230227	0.5
20230228	0.5
20230301	0.5
20230302	0.5
20230303	0.5
20230304	0.5
20230305	0.5
20230306	0.5
20230307	0.5
20230308	0.5
20230309	0.5
20230310	0.5
20230311	0.5
20230312	0.5
20230313	0.5
20230314	0.5
20230315	0.5
20230316	0.5
20230317	0.5
20230318	0.5
20230319	0.5
20230320	0.5
20230321	0.5
20230322	0.5
20230323	0.5
20230324	0.5
20230325	0.5
20230326	0.5
20230327	0.5
20230328	0.5
20230329	0.5
20230330	0.5
20230331	0.5
20230401	0.5
20230402	0.5
20230403	0.5
20230404	0.5
20230405	0.5
20230406	0.5
20230407	0.5
20230408	0.5
20230409	0.5
20230410	0.5
20230411	0.5
20230412	0.5
20230413	0.5
20230414	0.5
20230415	0.5
20230416	0.5
20230417	0.5
20230418	0.5
20230419	0.5
20230420	0.5
20230421	0.5
20230422	0.5
20230423	0.5
20230424	0.5
20230425	0.5
20230426	0.5
20230427	0.5
20230428	0.5
20230429	0.5
20230430	0.5
20230501	0.5
20230502	0.5
20230503	0.5
20230504	0.5
20230505	0.5
20230506	0.5
20230507	0.5
20230508	0.5
20230509	0.5
20230510	0.5
20230511	0.5
20230512	0.5
20230513	0.5
20230514	0.5
20230515	0.5
20230516	0.5
20230517	0.5
20230518	0.5
20230519	0.5
20230520	0.5
20230521	0.5
20230522	0.5
20230523	0.5
20230524	0.5
20230525	0.5
20230526	0.5
20230527	0.5
20230528	0.5
20230529	0.5
20230530	0.5
20230531	0.5
20230601	0.5
20230602	0.5
20230603	0.5
20230604	0.5
20230605	0.5
20230606	0.5
20230607	0.5
20230608	0.5
20230609	0.5
20230610	0.5
20230611	0.5
20230612	0.5
20230613	0.5
20230614	0.5
20230615	0.5
20230616	0.5
20230617	0.5
20230618	0.5
20230619	0.5
20230620	0.5
20230621	0.5
20230622	0.5
20230623	0.5
20230624	0.5
20230625	0.5
20230626	0.5
20230627	0.5
20230628	0.5
20230629	0.5
20230630	0.5
20230701	0.5
20230702	0.5
20230703	0.5
20230704	0.5
20230705	0.5
20230706	0.5
20230707	0.5
20230708	0.5
20230709	0.5
20230710	0.5
20230711	0.5
20230712	0.5
20230713	0.5
20230714	0.5
20230715	0.5
20230716	0.5
20230717	0.5
20230718	0.5
20230719	0.5
20230720	0.5
20230721	0.5
20230722	0.5
20230723	0.5
20230724	0.5
20230725	0.5
20230726	0.5
20230727	0.5
20230728	0.5
20230729	0.5
20230730	0.5
20230731	0.5
20230801	0.5
20230802	0.5
20230803	0.5
20230804	0.5
20230805	0.5
20230806	0.5
20230807	0.5
20230808	0.5
20230809	0.5
20230810	0.5
20230811	0.5
20230812	0.5
20230813	0.5
20230814	0.5
20230815	0.5
20230816	0.5
20230817	0.5
20230818	0.5
20230819	0.5
20230820	0.5
20230821	0.5
20230822	0.5
20230823	0.5
20230824	0.5
20230825	0.5
20230826	0.5
20230827	0.5
20230828	0.5
20230829	0.5
20230830	0.5
20230831	0.5
