Date_NodeID	0
20220901	0.430459
20220902	0.381264
20220903	0.344367
20220904	0.393562
20220905	0.467355
20220906	0.565746
20220907	0.578045
20220908	0.516551
20220909	0.467355
20220910	0.491953
20220911	0.590344
20220912	0.860918
20220913	2.336777
20220914	1.660342
20220915	1.377469
20220916	1.131492
20220917	0.934711
20220918	0.750229
20220919	0.627240
20220920	0.553447
20220921	0.504252
20220922	0.479654
20220923	0.479654
20220924	0.504252
20220925	2.558156
20220926	4.193900
20220927	5.227002
20220928	7.145619
20220929	4.771945
20220930	3.591258
20221001	6.788953
20221002	8.117226
20221003	7.133320
20221004	6.973435
20221005	14.168250
20221006	20.797318
20221007	8.387801
20221008	7.108723
20221009	5.608266
20221010	4.833439
20221011	4.599762
20221012	3.947924
20221013	3.505166
20221014	3.037811
20221015	4.685853
20221016	5.448381
20221017	5.116312
20221018	4.796543
20221019	4.144705
20221020	3.394477
20221021	2.939420
20221022	2.791834
20221023	6.051023
20221024	8.104928
20221025	5.866541
20221026	14.451123
20221027	8.215617
20221028	6.100219
20221029	7.305504
20221030	6.665965
20221031	4.144705
20221101	4.144705
20221102	6.678264
20221103	13.282734
20221104	12.212736
20221105	10.035844
20221106	7.416193
20221107	9.359408
20221108	8.043434
20221109	9.359408
20221110	7.231711
20221111	5.841943
20221112	4.784244
20221113	4.095510
20221114	3.997119
20221115	5.595967
20221116	8.412398
20221117	16.099166
20221118	7.858951
20221119	4.636658
20221120	4.956428
20221121	3.394477
20221122	2.828730
20221123	3.505166
20221124	3.652752
20221125	5.030221
20221126	7.231711
20221127	8.129525
20221128	9.629982
20221129	6.518379
20221130	4.452176
20221201	3.419074
20221202	2.890225
20221203	2.435168
20221204	2.238387
20221205	2.090801
20221206	2.078502
20221207	2.029307
20221208	2.139996
20221209	2.299881
20221210	2.299881
20221211	2.435168
20221212	2.447467
20221213	2.336777
20221214	2.201490
20221215	2.041605
20221216	1.930916
20221217	1.857123
20221218	1.906318
20221219	2.078502
20221220	2.619650
20221221	4.612060
20221222	4.759646
20221223	3.529764
20221224	2.521260
20221225	2.066203
20221226	3.861832
20221227	3.087006
20221228	2.226088
20221229	2.213789
20221230	2.029307
20221231	2.570455
20230101	2.103100
20230102	1.832525
20230103	1.660342
20230104	1.537353
20230105	2.115398
20230106	1.795629
20230107	1.820227
20230108	3.603557
20230109	5.239301
20230110	3.861832
20230111	3.197695
20230112	2.754937
20230113	2.349076
20230114	2.017008
20230115	1.906318
20230116	1.844824
20230117	1.734135
20230118	1.746434
20230119	1.537353
20230120	1.488158
20230121	1.402066
20230122	1.402066
20230123	1.611146
20230124	1.451262
20230125	1.451262
20230126	1.635744
20230127	1.549652
20230128	1.426664
20230129	1.340572
20230130	1.500457
20230131	1.451262
20230201	1.352871
20230202	1.549652
20230203	1.340572
20230204	1.131492
20230205	1.057699
20230206	0.983906
20230207	0.910113
20230208	0.873217
20230209	0.996205
20230210	1.057699
20230211	1.131492
20230212	1.192986
20230213	1.192986
20230214	1.180687
20230215	1.008504
20230216	0.934711
20230217	1.094596
20230218	1.192986
20230219	1.266779
20230220	1.352871
20230221	1.426664
20230222	1.266779
20230223	1.352871
20230224	1.426664
20230225	1.746434
20230226	2.484363
20230227	2.927121
20230228	2.459766
20230301	2.139996
20230302	1.906318
20230303	1.734135
20230304	1.660342
20230305	1.660342
20230306	1.328273
20230307	1.057699
20230308	1.033102
20230309	0.922412
20230310	0.824021
20230311	0.774826
20230312	0.836320
20230313	0.824021
20230314	0.799424
20230315	0.750229
20230316	0.701033
20230317	0.750229
20230318	0.897814
20230319	0.848619
20230320	0.922412
20230321	0.934711
20230322	0.947010
20230323	1.057699
20230324	1.315975
20230325	1.611146
20230326	1.734135
20230327	1.832525
20230328	1.930916
20230329	1.721836
20230330	1.648043
20230331	3.419074
20230401	9.125730
20230402	8.424697
20230403	5.509875
20230404	3.492867
20230405	2.828730
20230406	2.508961
20230407	2.078502
20230408	1.820227
20230409	1.635744
20230410	1.672641
20230411	4.292291
20230412	3.812637
20230413	3.812637
20230414	4.329187
20230415	4.157004
20230416	4.157004
20230417	4.390682
20230418	4.710451
20230419	5.067117
20230420	5.829644
20230421	6.948838
20230422	8.068031
20230423	9.605385
20230424	9.470098
20230425	8.510789
20230426	7.317803
20230427	6.100219
20230428	5.374588
20230429	5.005623
20230430	4.735049
20230501	4.624359
20230502	4.833439
20230503	5.104014
20230504	5.214703
20230505	5.017922
20230506	4.636658
20230507	4.292291
20230508	4.550566
20230509	6.075621
20230510	10.220326
20230511	12.237334
20230512	15.545719
20230513	16.849394
20230514	16.701808
20230515	19.985595
20230516	24.757541
20230517	19.653527
20230518	14.893881
20230519	12.815379
20230520	12.557103
20230521	11.782277
20230522	11.278025
20230523	13.860779
20230524	14.598709
20230525	13.516412
20230526	14.020664
20230527	12.704689
20230528	10.072740
20230529	7.317803
20230530	6.038725
20230531	5.190105
20230601	4.538268
20230602	3.751143
20230603	3.136201
20230604	2.804133
20230605	2.484363
20230606	2.139996
20230607	1.832525
20230608	1.574250
20230609	1.340572
20230610	1.131492
20230611	0.959309
20230612	0.836320
20230613	0.737930
20230614	0.627240
20230615	0.565746
20230616	0.528850
20230617	0.479654
20230618	0.455057
20230619	0.467355
20230620	0.516551
20230621	0.774826
20230622	2.410570
20230623	1.758732
20230624	1.229883
20230625	0.885516
20230626	0.713332
20230627	0.664137
20230628	0.676436
20230629	0.639539
20230630	0.639539
20230701	0.565746
20230702	0.565746
20230703	0.565746
20230704	0.688734
20230705	0.676436
20230706	0.787125
20230707	1.094596
20230708	1.906318
20230709	2.041605
20230710	1.795629
20230711	1.611146
20230712	1.894020
20230713	1.598848
20230714	1.303676
20230715	1.512756
20230716	2.877926
20230717	4.083211
20230718	3.492867
20230719	2.693443
20230720	2.213789
20230721	1.869422
20230722	1.635744
20230723	1.586549
20230724	1.402066
20230725	1.192986
20230726	1.082297
20230727	0.971607
20230728	0.885516
20230729	0.848619
20230730	1.045400
20230731	2.349076
20230801	1.783330
20230802	1.180687
20230803	0.910113
20230804	0.774826
20230805	0.737930
20230806	0.664137
20230807	0.590344
20230808	1.266779
20230809	1.918617
20230810	1.820227
20230811	2.201490
20230812	1.635744
20230813	1.254480
20230814	1.106895
20230815	2.176893
20230816	2.595053
20230817	2.127697
20230818	1.746434
20230819	1.598848
20230820	2.668846
20230821	2.066203
20230822	1.672641
20230823	1.426664
20230824	1.217584
20230825	1.561951
20230826	2.373674
20230827	2.496662
20230828	1.955514
20230829	1.598848
20230830	1.352871
20230831	1.205285
