CHANNEL node 2 VANAROSEN
N_CASCADE_LINRES 3
K_TRAVELTIME_HOURS 4.00
yyyy mm dd hh [m3/s]    [Mm3]       [m3/s]      [Euro]
yyyy mm dd hh Up_Inflow Storage_Mm3 tot_outflow Qmin_Cost
2022 9 1 0 2.0000 0.02974288 2.1892 0.0000 
2022 9 2 0 2.0000 0.02881779 2.0107 0.0000 
2022 9 3 0 2.0000 0.02880000 2.0002 0.0000 
2022 9 4 0 2.0000 0.02880000 2.0000 0.0000 
2022 9 5 0 2.0000 0.02880000 2.0000 0.0000 
2022 9 6 0 2.0000 0.02880000 2.0000 0.0000 
2022 9 7 0 2.0000 0.02880000 2.0000 0.0000 
2022 9 8 0 2.0000 0.02880000 2.0000 0.0000 
2022 9 9 0 2.0000 0.02880000 2.0000 0.0000 
2022 9 10 0 2.0000 0.02880000 2.0000 0.0000 
2022 9 11 0 2.0000 0.02880000 2.0000 0.0000 
2022 9 12 0 2.0000 0.02880000 2.0000 0.0000 
2022 9 13 0 2.0000 0.02880000 2.0000 0.0000 
2022 9 14 0 2.0000 0.02880000 2.0000 0.0000 
2022 9 15 0 2.0000 0.02880000 2.0000 0.0000 
2022 9 16 0 2.0000 0.02880000 2.0000 0.0000 
2022 9 17 0 2.0000 0.02880000 2.0000 0.0000 
2022 9 18 0 2.0000 0.02880000 2.0000 0.0000 
2022 9 19 0 2.0000 0.02880000 2.0000 0.0000 
2022 9 20 0 2.0000 0.02880000 2.0000 0.0000 
2022 9 21 0 2.0000 0.02880000 2.0000 0.0000 
2022 9 22 0 2.0000 0.02880000 2.0000 0.0000 
2022 9 23 0 2.0000 0.02880000 2.0000 0.0000 
2022 9 24 0 2.0000 0.02880000 2.0000 0.0000 
2022 9 25 0 2.0000 0.02880000 2.0000 0.0000 
2022 9 26 0 2.0000 0.02880000 2.0000 0.0000 
2022 9 27 0 2.0000 0.02880000 2.0000 0.0000 
2022 9 28 0 2.0000 0.02880000 2.0000 0.0000 
2022 9 29 0 2.0000 0.02880000 2.0000 0.0000 
2022 9 30 0 2.0000 0.02880000 2.0000 0.0000 
2022 10 1 0 2.0000 0.02880000 2.0000 0.0000 
2022 10 2 0 2.0000 0.02880000 2.0000 0.0000 
2022 10 3 0 2.0000 0.02880000 2.0000 0.0000 
2022 10 4 0 2.0000 0.02880000 2.0000 0.0000 
2022 10 5 0 2.0000 0.02880000 2.0000 0.0000 
2022 10 6 0 2.0000 0.02880000 2.0000 0.0000 
2022 10 7 0 2.0000 0.02880000 2.0000 0.0000 
2022 10 8 0 2.0000 0.02880000 2.0000 0.0000 
2022 10 9 0 2.0000 0.02880000 2.0000 0.0000 
2022 10 10 0 2.0000 0.02880000 2.0000 0.0000 
2022 10 11 0 2.0000 0.02880000 2.0000 0.0000 
2022 10 12 0 2.0000 0.02880000 2.0000 0.0000 
2022 10 13 0 2.0000 0.02880000 2.0000 0.0000 
2022 10 14 0 2.0000 0.02880000 2.0000 0.0000 
2022 10 15 0 2.0000 0.02880000 2.0000 0.0000 
2022 10 16 0 2.0000 0.02880000 2.0000 0.0000 
2022 10 17 0 2.0000 0.02880000 2.0000 0.0000 
2022 10 18 0 2.0000 0.02880000 2.0000 0.0000 
2022 10 19 0 2.0000 0.02880000 2.0000 0.0000 
2022 10 20 0 2.0000 0.02880000 2.0000 0.0000 
2022 10 21 0 2.0000 0.02880000 2.0000 0.0000 
2022 10 22 0 2.0000 0.02880000 2.0000 0.0000 
2022 10 23 0 2.0000 0.02880000 2.0000 0.0000 
2022 10 24 0 2.0000 0.02880000 2.0000 0.0000 
2022 10 25 0 2.0000 0.02880000 2.0000 0.0000 
2022 10 26 0 2.0000 0.02880000 2.0000 0.0000 
2022 10 27 0 2.0000 0.02880000 2.0000 0.0000 
2022 10 28 0 2.0000 0.02880000 2.0000 0.0000 
2022 10 29 0 2.0000 0.02880000 2.0000 0.0000 
2022 10 30 0 2.0000 0.02880000 2.0000 0.0000 
2022 10 31 0 2.0000 0.02880000 2.0000 0.0000 
2022 11 1 0 2.0000 0.02880000 2.0000 0.0000 
2022 11 2 0 2.0000 0.02880000 2.0000 0.0000 
2022 11 3 0 2.0000 0.02880000 2.0000 0.0000 
2022 11 4 0 2.0000 0.02880000 2.0000 0.0000 
2022 11 5 0 2.2850 0.03268036 2.2401 0.0000 
2022 11 6 0 2.4711 0.03543384 2.4393 0.0000 
2022 11 7 0 2.7238 0.03902198 2.6823 0.0000 
2022 11 8 0 2.9151 0.04182321 2.8827 0.0000 
2022 11 9 0 3.1486 0.04515371 3.1101 0.0000 
2022 11 10 0 3.2903 0.04726597 3.2659 0.0000 
2022 11 11 0 3.3726 0.04849807 3.3583 0.0000 
2022 11 12 0 3.4106 0.04908156 3.4038 0.0000 
2022 11 13 0 3.4206 0.04924762 3.4186 0.0000 
2022 11 14 0 3.4263 0.04933408 3.4253 0.0000 
2022 11 15 0 3.4932 0.05024952 3.4826 0.0000 
2022 11 16 0 3.6654 0.05264536 3.6377 0.0000 
2022 11 17 0 4.1253 0.05904128 4.0513 0.0000 
2022 11 18 0 4.2490 0.06108119 4.2254 0.0000 
2022 11 19 0 4.2435 0.06110863 4.2432 0.0000 
2022 11 20 0 4.2505 0.06120207 4.2494 0.0000 
2022 11 21 0 4.1973 0.06048237 4.2056 0.0000 
2022 11 22 0 4.1246 0.05945190 4.1365 0.0000 
2022 11 23 0 4.0810 0.05880203 4.0885 0.0000 
2022 11 24 0 4.0450 0.05827709 4.0511 0.0000 
2022 11 25 0 4.0635 0.05849985 4.0609 0.0000 
2022 11 26 0 4.1657 0.05990497 4.1494 0.0000 
2022 11 27 0 4.2979 0.06178476 4.2762 0.0000 
2022 11 28 0 4.4821 0.06439574 4.4519 0.0000 
2022 11 29 0 4.5388 0.06531180 4.5282 0.0000 
2022 11 30 0 4.5137 0.06501667 4.5172 0.0000 
2022 12 1 0 4.4501 0.06413119 4.4603 0.0000 
2022 12 2 0 4.3688 0.06297569 4.3822 0.0000 
2022 12 3 0 4.2736 0.06161593 4.2893 0.0000 
2022 12 4 0 4.1750 0.06019825 4.1914 0.0000 
2022 12 5 0 4.0749 0.05875856 4.0916 0.0000 
2022 12 6 0 3.9787 0.05737015 3.9948 0.0000 
2022 12 7 0 3.8847 0.05601556 3.9004 0.0000 
2022 12 8 0 3.7991 0.05477589 3.8135 0.0000 
2022 12 9 0 3.7233 0.05367664 3.7360 0.0000 
2022 12 10 0 3.6508 0.05262966 3.6629 0.0000 
2022 12 11 0 3.5866 0.05169874 3.5974 0.0000 
2022 12 12 0 3.5257 0.05081847 3.5359 0.0000 
2022 12 13 0 3.4631 0.04991880 3.4735 0.0000 
2022 12 14 0 3.3981 0.04898398 3.4089 0.0000 
2022 12 15 0 3.3297 0.04800187 3.3410 0.0000 
2022 12 16 0 3.2600 0.04699951 3.2716 0.0000 
2022 12 17 0 3.1905 0.04599850 3.2021 0.0000 
2022 12 18 0 3.1259 0.04506420 3.1367 0.0000 
2022 12 19 0 3.0707 0.04426172 3.0799 0.0000 
2022 12 20 0 3.0386 0.04378199 3.0442 0.0000 
2022 12 21 0 3.0845 0.04438090 3.0775 0.0000 
2022 12 22 0 3.1340 0.04509038 3.1258 0.0000 
2022 12 23 0 3.1342 0.04513160 3.1337 0.0000 
2022 12 24 0 3.0956 0.04460741 3.1017 0.0000 
2022 12 25 0 3.0413 0.04383737 3.0502 0.0000 
2022 12 26 0 3.0582 0.04402549 3.0560 0.0000 
2022 12 27 0 3.0446 0.04385319 3.0466 0.0000 
2022 12 28 0 2.9986 0.04321627 3.0060 0.0000 
2022 12 29 0 2.9541 0.04257452 2.9615 0.0000 
2022 12 30 0 2.9044 0.04186317 2.9126 0.0000 
2022 12 31 0 2.8777 0.04146005 2.8823 0.0000 
2023 1 1 0 2.8341 0.04084588 2.8412 0.0000 
2023 1 2 0 2.7821 0.04010323 2.7907 0.0000 
2023 1 3 0 2.7256 0.03929437 2.7350 0.0000 
2023 1 4 0 2.6669 0.03845089 2.6767 0.0000 
2023 1 5 0 2.6330 0.03794237 2.6389 0.0000 
2023 1 6 0 2.5882 0.03730564 2.5956 0.0000 
2023 1 7 0 2.5463 0.03670015 2.5533 0.0000 
2023 1 8 0 2.5747 0.03705385 2.5706 0.0000 
2023 1 9 0 2.6647 0.03830036 2.6503 0.0000 
2023 1 10 0 2.6979 0.03882217 2.6918 0.0000 
2023 1 11 0 2.7041 0.03893434 2.7029 0.0000 
2023 1 12 0 2.6931 0.03878972 2.6948 0.0000 
2023 1 13 0 2.6670 0.03842565 2.6712 0.0000 
2023 1 14 0 2.6293 0.03789140 2.6354 0.0000 
2023 1 15 0 2.5889 0.03731231 2.5956 0.0000 
2023 1 16 0 2.5479 0.03672261 2.5547 0.0000 
2023 1 17 0 2.5044 0.03609862 2.5117 0.0000 
2023 1 18 0 2.4633 0.03550472 2.4702 0.0000 
2023 1 19 0 2.4159 0.03482744 2.4238 0.0000 
2023 1 20 0 2.3687 0.03414752 2.3766 0.0000 
2023 1 21 0 2.3203 0.03345038 2.3283 0.0000 
2023 1 22 0 2.2739 0.03278078 2.2816 0.0000 
2023 1 23 0 2.2375 0.03224939 2.2437 0.0000 
2023 1 24 0 2.1966 0.03166354 2.2034 0.0000 
2023 1 25 0 2.1574 0.03109838 2.1640 0.0000 
2023 1 26 0 2.1271 0.03065401 2.1322 0.0000 
2023 1 27 0 2.0947 0.03018928 2.1001 0.0000 
2023 1 28 0 2.0590 0.02967787 2.0649 0.0000 
2023 1 29 0 2.0215 0.02913986 2.0277 0.0000 
2023 1 30 0 2.0000 0.02881745 2.0037 0.0000 
2023 1 31 0 2.0000 0.02880032 2.0002 0.0000 
2023 2 1 0 2.0000 0.02880000 2.0000 0.0000 
2023 2 2 0 2.0000 0.02880000 2.0000 0.0000 
2023 2 3 0 2.0000 0.02880000 2.0000 0.0000 
2023 2 4 0 2.0000 0.02880000 2.0000 0.0000 
2023 2 5 0 2.0000 0.02880000 2.0000 0.0000 
2023 2 6 0 2.0000 0.02880000 2.0000 0.0000 
2023 2 7 0 2.0000 0.02880000 2.0000 0.0000 
2023 2 8 0 2.0000 0.02880000 2.0000 0.0000 
2023 2 9 0 2.0000 0.02880000 2.0000 0.0000 
2023 2 10 0 2.0000 0.02880000 2.0000 0.0000 
2023 2 11 0 2.0000 0.02880000 2.0000 0.0000 
2023 2 12 0 2.0000 0.02880000 2.0000 0.0000 
2023 2 13 0 2.0000 0.02880000 2.0000 0.0000 
2023 2 14 0 2.0000 0.02880000 2.0000 0.0000 
2023 2 15 0 2.0000 0.02880000 2.0000 0.0000 
2023 2 16 0 2.0000 0.02880000 2.0000 0.0000 
2023 2 17 0 2.0000 0.02880000 2.0000 0.0000 
2023 2 18 0 2.0000 0.02880000 2.0000 0.0000 
2023 2 19 0 2.0000 0.02880000 2.0000 0.0000 
2023 2 20 0 2.0000 0.02880000 2.0000 0.0000 
2023 2 21 0 2.0000 0.02880000 2.0000 0.0000 
2023 2 22 0 2.0000 0.02880000 2.0000 0.0000 
2023 2 23 0 2.0000 0.02880000 2.0000 0.0000 
2023 2 24 0 2.0000 0.02880000 2.0000 0.0000 
2023 2 25 0 2.0000 0.02880000 2.0000 0.0000 
2023 2 26 0 2.0000 0.02880000 2.0000 0.0000 
2023 2 27 0 2.0000 0.02880000 2.0000 0.0000 
2023 2 28 0 2.0000 0.02880000 2.0000 0.0000 
2023 3 1 0 2.0000 0.02880000 2.0000 0.0000 
2023 3 2 0 2.0000 0.02880000 2.0000 0.0000 
2023 3 3 0 2.0000 0.02880000 2.0000 0.0000 
2023 3 4 0 2.0000 0.02880000 2.0000 0.0000 
2023 3 5 0 2.0000 0.02880000 2.0000 0.0000 
2023 3 6 0 2.0000 0.02880000 2.0000 0.0000 
2023 3 7 0 2.0000 0.02880000 2.0000 0.0000 
2023 3 8 0 2.0000 0.02880000 2.0000 0.0000 
2023 3 9 0 2.0000 0.02880000 2.0000 0.0000 
2023 3 10 0 2.0000 0.02880000 2.0000 0.0000 
2023 3 11 0 2.0000 0.02880000 2.0000 0.0000 
2023 3 12 0 2.0000 0.02880000 2.0000 0.0000 
2023 3 13 0 2.0000 0.02880000 2.0000 0.0000 
2023 3 14 0 2.0000 0.02880000 2.0000 0.0000 
2023 3 15 0 2.0000 0.02880000 2.0000 0.0000 
2023 3 16 0 2.0000 0.02880000 2.0000 0.0000 
2023 3 17 0 2.0000 0.02880000 2.0000 0.0000 
2023 3 18 0 2.0000 0.02880000 2.0000 0.0000 
2023 3 19 0 2.0000 0.02880000 2.0000 0.0000 
2023 3 20 0 2.0000 0.02880000 2.0000 0.0000 
2023 3 21 0 2.0000 0.02880000 2.0000 0.0000 
2023 3 22 0 2.0000 0.02880000 2.0000 0.0000 
2023 3 23 0 2.0000 0.02880000 2.0000 0.0000 
2023 3 24 0 2.0000 0.02880000 2.0000 0.0000 
2023 3 25 0 2.0000 0.02880000 2.0000 0.0000 
2023 3 26 0 2.0000 0.02880000 2.0000 0.0000 
2023 3 27 0 2.0000 0.02880000 2.0000 0.0000 
2023 3 28 0 2.0000 0.02880000 2.0000 0.0000 
2023 3 29 0 2.0000 0.02880000 2.0000 0.0000 
2023 3 30 0 2.0000 0.02880000 2.0000 0.0000 
2023 3 31 0 2.0000 0.02880000 2.0000 0.0000 
2023 4 1 0 2.0000 0.02880000 2.0000 0.0000 
2023 4 2 0 2.0000 0.02880000 2.0000 0.0000 
2023 4 3 0 2.0000 0.02880000 2.0000 0.0000 
2023 4 4 0 2.0000 0.02880000 2.0000 0.0000 
2023 4 5 0 2.0000 0.02880000 2.0000 0.0000 
2023 4 6 0 2.0000 0.02880000 2.0000 0.0000 
2023 4 7 0 2.0000 0.02880000 2.0000 0.0000 
2023 4 8 0 2.0000 0.02880000 2.0000 0.0000 
2023 4 9 0 2.0000 0.02880000 2.0000 0.0000 
2023 4 10 0 2.0000 0.02880000 2.0000 0.0000 
2023 4 11 0 2.0000 0.02880000 2.0000 0.0000 
2023 4 12 0 2.0000 0.02880000 2.0000 0.0000 
2023 4 13 0 2.0000 0.02880000 2.0000 0.0000 
2023 4 14 0 2.0000 0.02880000 2.0000 0.0000 
2023 4 15 0 2.0000 0.02880000 2.0000 0.0000 
2023 4 16 0 2.0000 0.02880000 2.0000 0.0000 
2023 4 17 0 2.0000 0.02880000 2.0000 0.0000 
2023 4 18 0 2.0000 0.02880000 2.0000 0.0000 
2023 4 19 0 2.0000 0.02880000 2.0000 0.0000 
2023 4 20 0 2.0000 0.02880000 2.0000 0.0000 
2023 4 21 0 2.0000 0.02880000 2.0000 0.0000 
2023 4 22 0 2.0000 0.02880000 2.0000 0.0000 
2023 4 23 0 2.0466 0.02943482 2.0393 0.0000 
2023 4 24 0 2.3219 0.03321883 2.2781 0.0000 
2023 4 25 0 2.5485 0.03651616 2.5103 0.0000 
2023 4 26 0 2.7194 0.03902228 2.6904 0.0000 
2023 4 27 0 2.8362 0.04074762 2.8163 0.0000 
2023 4 28 0 2.9201 0.04198230 2.9058 0.0000 
2023 4 29 0 2.9862 0.04294855 2.9750 0.0000 
2023 4 30 0 3.0391 0.04372025 3.0301 0.0000 
2023 5 1 0 3.0854 0.04439252 3.0776 0.0000 
2023 5 2 0 3.1377 0.04514165 3.1291 0.0000 
2023 5 3 0 3.1982 0.04600601 3.1882 0.0000 
2023 5 4 0 3.2603 0.04689904 3.2500 0.0000 
2023 5 5 0 3.3122 0.04765402 3.3035 0.0000 
2023 5 6 0 3.3472 0.04817127 3.3412 0.0000 
2023 5 7 0 3.3674 0.04847471 3.3639 0.0000 
2023 5 8 0 3.3967 0.04888969 3.3919 0.0000 
2023 5 9 0 3.4833 0.05009163 3.4694 0.0000 
2023 5 10 0 3.7254 0.05345414 3.6865 0.0000 
2023 5 11 0 4.0344 0.05784957 3.9836 0.0000 
2023 5 12 0 4.4572 0.06384708 4.3878 0.0000 
2023 5 13 0 4.9118 0.07036621 4.8363 0.0000 
2023 5 14 0 5.3410 0.07656699 5.2693 0.0000 
2023 5 15 0 5.8779 0.08421334 5.7894 0.0000 
2023 5 16 0 6.5748 0.09412166 6.4601 0.0000 
2023 5 17 0 7.0456 0.10107614 6.9651 0.0000 
2023 5 18 0 7.3132 0.10509311 7.2667 0.0000 
2023 5 19 0 7.4895 0.10770599 7.4592 0.0000 
2023 5 20 0 7.6482 0.11000674 7.6216 0.0000 
2023 5 21 0 7.7703 0.11179412 7.7496 0.0000 
2023 5 22 0 7.8678 0.11321755 7.8513 0.0000 
2023 5 23 0 8.0602 0.11591462 8.0290 0.0000 
2023 5 24 0 8.2727 0.11895717 8.2375 0.0000 
2023 5 25 0 8.4344 0.12132566 8.4070 0.0000 
2023 5 26 0 8.6085 0.12382390 8.5796 0.0000 
2023 5 27 0 8.7246 0.12554040 8.7047 0.0000 
2023 5 28 0 8.7345 0.12576788 8.7319 0.0000 
2023 5 29 0 8.6383 0.12446637 8.6533 0.0000 
2023 5 30 0 8.4970 0.12246927 8.5201 0.0000 
2023 5 31 0 8.3293 0.12007529 8.3570 0.0000 
2023 6 1 0 8.1437 0.11741806 8.1745 0.0000 
2023 6 2 0 7.9360 0.11444426 7.9704 0.0000 
2023 6 3 0 7.7136 0.11125373 7.7505 0.0000 
2023 6 4 0 7.4881 0.10800875 7.5256 0.0000 
2023 6 5 0 7.2600 0.10472658 7.2980 0.0000 
2023 6 6 0 7.0286 0.10139648 7.0671 0.0000 
2023 6 7 0 6.7953 0.09803909 6.8342 0.0000 
2023 6 8 0 6.5622 0.09468240 6.6011 0.0000 
2023 6 9 0 6.3302 0.09134072 6.3689 0.0000 
2023 6 10 0 6.1002 0.08802700 6.1386 0.0000 
2023 6 11 0 5.8735 0.08476009 5.9113 0.0000 
2023 6 12 0 5.6519 0.08156479 5.6889 0.0000 
2023 6 13 0 5.4361 0.07845234 5.4721 0.0000 
2023 6 14 0 5.2253 0.07541348 5.2605 0.0000 
2023 6 15 0 5.0213 0.07247042 5.0554 0.0000 
2023 6 16 0 4.8247 0.06963333 4.8576 0.0000 
2023 6 17 0 4.6347 0.06689194 4.6664 0.0000 
2023 6 18 0 4.4520 0.06425465 4.4825 0.0000 
2023 6 19 0 4.2776 0.06173696 4.3067 0.0000 
2023 6 20 0 4.1126 0.05935411 4.1402 0.0000 
2023 6 21 0 3.9647 0.05721071 3.9895 0.0000 
2023 6 22 0 3.8860 0.05602290 3.8998 0.0000 
2023 6 23 0 3.7857 0.05459410 3.8022 0.0000 
2023 6 24 0 3.6694 0.05293213 3.6886 0.0000 
2023 6 25 0 3.5449 0.05114588 3.5656 0.0000 
2023 6 26 0 3.4191 0.04933628 3.4401 0.0000 
2023 6 27 0 3.2969 0.04757383 3.3173 0.0000 
2023 6 28 0 3.1805 0.04589240 3.2000 0.0000 
2023 6 29 0 3.0677 0.04426465 3.0865 0.0000 
2023 6 30 0 2.9597 0.04270613 2.9777 0.0000 
2023 7 1 0 2.8536 0.04117634 2.8713 0.0000 
2023 7 2 0 2.7520 0.03971044 2.7690 0.0000 
2023 7 3 0 2.6549 0.03830784 2.6711 0.0000 
2023 7 4 0 2.5666 0.03703013 2.5814 0.0000 
2023 7 5 0 2.4817 0.03580483 2.4959 0.0000 
2023 7 6 0 2.4047 0.03469005 2.4176 0.0000 
2023 7 7 0 2.3429 0.03378747 2.3533 0.0000 
2023 7 8 0 2.3149 0.03335748 2.3199 0.0000 
2023 7 9 0 2.2933 0.03304100 2.2970 0.0000 
2023 7 10 0 2.2632 0.03261404 2.2681 0.0000 
2023 7 11 0 2.2273 0.03210186 2.2332 0.0000 
2023 7 12 0 2.2038 0.03175412 2.2079 0.0000 
2023 7 13 0 2.1700 0.03127532 2.1756 0.0000 
2023 7 14 0 2.1264 0.03065429 2.1335 0.0000 
2023 7 15 0 2.0926 0.03016051 2.0983 0.0000 
2023 7 16 0 2.1127 0.03040792 2.1099 0.0000 
2023 7 17 0 2.1783 0.03131539 2.1678 0.0000 
2023 7 18 0 2.2183 0.03191140 2.2114 0.0000 
2023 7 19 0 2.2259 0.03204687 2.2244 0.0000 
2023 7 20 0 2.2148 0.03190170 2.2165 0.0000 
2023 7 21 0 2.1909 0.03156808 2.1948 0.0000 
2023 7 22 0 2.1591 0.03111623 2.1643 0.0000 
2023 7 23 0 2.1267 0.03065106 2.1321 0.0000 
2023 7 24 0 2.0887 0.03010793 2.0950 0.0000 
2023 7 25 0 2.0443 0.02947346 2.0517 0.0000 
2023 7 26 0 2.0000 0.02883545 2.0074 0.0000 
2023 7 27 0 2.0000 0.02880066 2.0004 0.0000 
2023 7 28 0 2.0000 0.02880000 2.0000 0.0000 
2023 7 29 0 2.0000 0.02880000 2.0000 0.0000 
2023 7 30 0 2.0000 0.02880000 2.0000 0.0000 
2023 7 31 0 2.0000 0.02880000 2.0000 0.0000 
2023 8 1 0 2.0000 0.02880000 2.0000 0.0000 
2023 8 2 0 2.0000 0.02880000 2.0000 0.0000 
2023 8 3 0 2.0000 0.02880000 2.0000 0.0000 
2023 8 4 0 2.0000 0.02880000 2.0000 0.0000 
2023 8 5 0 2.0000 0.02880000 2.0000 0.0000 
2023 8 6 0 2.0000 0.02880000 2.0000 0.0000 
2023 8 7 0 2.0000 0.02880000 2.0000 0.0000 
2023 8 8 0 2.0000 0.02880000 2.0000 0.0000 
2023 8 9 0 2.0000 0.02880000 2.0000 0.0000 
2023 8 10 0 2.0000 0.02880000 2.0000 0.0000 
2023 8 11 0 2.0000 0.02880000 2.0000 0.0000 
2023 8 12 0 2.0000 0.02880000 2.0000 0.0000 
2023 8 13 0 2.0000 0.02880000 2.0000 0.0000 
2023 8 14 0 2.0000 0.02880000 2.0000 0.0000 
2023 8 15 0 2.0000 0.02880000 2.0000 0.0000 
2023 8 16 0 2.0000 0.02880000 2.0000 0.0000 
2023 8 17 0 2.0000 0.02880000 2.0000 0.0000 
2023 8 18 0 2.0000 0.02880000 2.0000 0.0000 
2023 8 19 0 2.0000 0.02880000 2.0000 0.0000 
2023 8 20 0 2.0000 0.02880000 2.0000 0.0000 
2023 8 21 0 2.0000 0.02880000 2.0000 0.0000 
2023 8 22 0 2.0000 0.02880000 2.0000 0.0000 
2023 8 23 0 2.0000 0.02880000 2.0000 0.0000 
2023 8 24 0 2.0000 0.02880000 2.0000 0.0000 
2023 8 25 0 2.0000 0.02880000 2.0000 0.0000 
2023 8 26 0 2.0000 0.02880000 2.0000 0.0000 
2023 8 27 0 2.0000 0.02880000 2.0000 0.0000 
2023 8 28 0 2.0000 0.02880000 2.0000 0.0000 
2023 8 29 0 2.0000 0.02880000 2.0000 0.0000 
2023 8 30 0 2.0000 0.02880000 2.0000 0.0000 
2023 8 31 0 2.0000 0.02880000 2.0000 0.0000 
