RESERVOIR node 0 SYN_RHO1_R4
reservoir_init_fr= 0.70000  masl=756.498
Filling at HRW [Mm3] = 40.00000
Filling at LRW [Mm3] = 4.00000
Active reservoir capacity [Mm3] = 36.00000
yyyy mm dd hh [m3/s] [Euro/MWh] [fr] [m3/s] [Mm3] [masl] [fr] [Euro]         [m3/s]     [m3/s]    [m3/s]   [m3/s]    [m3/s] 
yyyy mm dd hh Inflow Price Action Up_Inflow Res_Mm3 Res_masl Res_fr lrw_cost tunnelflow hatchflow overflow auto_qmin tot_outflow
2022 9 1 0 0.3827 564.8800 0.0000 0.0000 29.0603 754.1680 0.6961 0.0000 2.0000 0.0000 0.0000 0.0000 2.0000 
2022 9 2 0 0.3390 425.8500 0.0000 0.0000 28.9168 754.1308 0.6921 0.0000 2.0000 0.0000 0.0000 0.0000 2.0000 
2022 9 3 0 0.3062 383.9200 0.0000 0.0000 28.7704 754.0929 0.6881 0.0000 2.0000 0.0000 0.0000 0.0000 2.0000 
2022 9 4 0 0.3499 310.1000 0.0000 0.0000 28.6278 754.0560 0.6841 0.0000 2.0000 0.0000 0.0000 0.0000 2.0000 
2022 9 5 0 0.4155 388.8400 0.0000 0.0000 28.4909 754.0206 0.6803 0.0000 2.0000 0.0000 0.0000 0.0000 2.0000 
2022 9 6 0 0.5030 414.3500 0.0000 0.0000 28.3616 753.9871 0.6767 0.0000 2.0000 0.0000 0.0000 0.0000 2.0000 
2022 9 7 0 0.5139 451.5300 0.0000 0.0000 28.2332 753.9539 0.6731 0.0000 2.0000 0.0000 0.0000 0.0000 2.0000 
2022 9 8 0 0.4592 426.5600 0.0000 0.0000 28.1001 753.9194 0.6694 0.0000 2.0000 0.0000 0.0000 0.0000 2.0000 
2022 9 9 0 0.4155 352.9300 0.0000 0.0000 27.9632 753.8840 0.6656 0.0000 2.0000 0.0000 0.0000 0.0000 2.0000 
2022 9 10 0 0.4374 410.9400 0.0000 0.0000 27.8282 753.8490 0.6619 0.0000 2.0000 0.0000 0.0000 0.0000 2.0000 
2022 9 11 0 0.5248 400.0100 0.0000 0.0000 27.7007 753.8160 0.6584 0.0000 2.0000 0.0000 0.0000 0.0000 2.0000 
2022 9 12 0 0.7654 407.9500 0.0000 0.0000 27.5940 753.7884 0.6554 0.0000 2.0000 0.0000 0.0000 0.0000 2.0000 
2022 9 13 0 2.0775 382.5800 0.0000 0.0000 27.6007 753.7901 0.6556 0.0000 2.0000 0.0000 0.0000 0.0000 2.0000 
2022 9 14 0 1.4761 425.5000 0.0000 0.0000 27.5555 753.7784 0.6543 0.0000 2.0000 0.0000 0.0000 0.0000 2.0000 
2022 9 15 0 1.2246 355.8200 0.0000 0.0000 27.4885 753.7611 0.6525 0.0000 2.0000 0.0000 0.0000 0.0000 2.0000 
2022 9 16 0 1.0059 329.3900 0.0000 0.0000 27.4026 753.7388 0.6501 0.0000 2.0000 0.0000 0.0000 0.0000 2.0000 
2022 9 17 0 0.8310 246.9600 0.0000 0.0000 27.3016 753.7127 0.6473 0.0000 2.0000 0.0000 0.0000 0.0000 2.0000 
2022 9 18 0 0.6670 117.5900 0.0000 0.0000 27.1864 753.6829 0.6441 0.0000 2.0000 0.0000 0.0000 0.0000 2.0000 
2022 9 19 0 0.5576 288.3300 0.0000 0.0000 27.0618 753.6506 0.6406 0.0000 2.0000 0.0000 0.0000 0.0000 2.0000 
2022 9 20 0 0.4920 380.8200 0.0000 0.0000 26.9315 753.6169 0.6370 0.0000 2.0000 0.0000 0.0000 0.0000 2.0000 
2022 9 21 0 0.4483 388.8300 0.0000 0.0000 26.7974 753.5822 0.6333 0.0000 2.0000 0.0000 0.0000 0.0000 2.0000 
2022 9 22 0 0.4264 378.9000 0.0000 0.0000 26.6615 753.5470 0.6295 0.0000 2.0000 0.0000 0.0000 0.0000 2.0000 
2022 9 23 0 0.4264 359.9800 0.0000 0.0000 26.5255 753.5118 0.6257 0.0000 2.0000 0.0000 0.0000 0.0000 2.0000 
2022 9 24 0 0.4483 350.7100 0.0000 0.0000 26.3914 753.4771 0.6220 0.0000 2.0000 0.0000 0.0000 0.0000 2.0000 
2022 9 25 0 2.2743 299.0800 0.0000 0.0000 26.4151 753.4832 0.6226 0.0000 2.0000 0.0000 0.0000 0.0000 2.0000 
2022 9 26 0 3.7285 259.4000 0.0000 0.0000 26.5645 753.5219 0.6268 0.0000 2.0000 0.0000 0.0000 0.0000 2.0000 
2022 9 27 0 4.6470 306.8900 0.0000 0.0000 26.7932 753.5811 0.6331 0.0000 2.0000 0.0000 0.0000 0.0000 2.0000 
2022 9 28 0 6.3527 308.5200 0.0000 0.0000 27.1692 753.6784 0.6436 0.0000 2.0000 0.0000 0.0000 0.0000 2.0000 
2022 9 29 0 4.2424 347.1000 0.0000 0.0000 27.3630 753.7286 0.6490 0.0000 2.0000 0.0000 0.0000 0.0000 2.0000 
2022 9 30 0 3.1927 278.9700 0.0000 0.0000 27.4660 753.7553 0.6518 0.0000 2.0000 0.0000 0.0000 0.0000 2.0000 
2022 10 1 0 6.0356 90.2400 0.0000 0.0000 27.8147 753.8455 0.6615 0.0000 2.0000 0.0000 0.0000 0.0000 2.0000 
2022 10 2 0 7.2165 182.7200 0.0000 0.0000 28.2654 753.9622 0.6740 0.0000 2.0000 0.0000 0.0000 0.0000 2.0000 
2022 10 3 0 6.3417 234.6000 0.0000 0.0000 28.6405 754.0593 0.6845 0.0000 2.0000 0.0000 0.0000 0.0000 2.0000 
2022 10 4 0 6.1996 199.0100 0.0000 0.0000 29.0034 754.1532 0.6945 0.0000 2.0000 0.0000 0.0000 0.0000 2.0000 
2022 10 5 0 12.5960 51.1100 0.0000 0.0000 29.9189 754.3902 0.7200 0.0000 2.0000 0.0000 0.0000 0.0000 2.0000 
2022 10 6 0 18.4894 23.8700 0.0000 0.0000 31.3436 754.7591 0.7595 0.0000 2.0000 0.0000 0.0000 0.0000 2.0000 
2022 10 7 0 7.4570 30.2900 0.0000 0.0000 31.8151 754.8811 0.7726 0.0000 2.0000 0.0000 0.0000 0.0000 2.0000 
2022 10 8 0 6.3199 53.3800 0.0000 0.0000 32.1883 754.9777 0.7830 0.0000 2.0000 0.0000 0.0000 0.0000 2.0000 
2022 10 9 0 4.9859 91.9400 0.0000 0.0000 32.4463 755.0445 0.7902 0.0000 2.0000 0.0000 0.0000 0.0000 2.0000 
2022 10 10 0 4.2971 137.7100 0.0000 0.0000 32.6447 755.0959 0.7957 0.0000 2.0000 0.0000 0.0000 0.0000 2.0000 
2022 10 11 0 4.0893 174.3200 0.0000 0.0000 32.8253 755.1426 0.8007 0.0000 2.0000 0.0000 0.0000 0.0000 2.0000 
2022 10 12 0 3.5098 199.9900 0.0000 0.0000 32.9557 755.1764 0.8043 0.0000 2.0000 0.0000 0.0000 0.0000 2.0000 
2022 10 13 0 3.1162 233.6000 0.0000 0.0000 33.0521 755.2014 0.8070 0.0000 2.0000 0.0000 0.0000 0.0000 2.0000 
2022 10 14 0 2.7007 217.2400 0.0000 0.0000 33.1127 755.2170 0.8087 0.0000 2.0000 0.0000 0.0000 0.0000 2.0000 
2022 10 15 0 4.1659 154.6600 0.0000 0.0000 33.2998 755.2655 0.8139 0.0000 2.0000 0.0000 0.0000 0.0000 2.0000 
2022 10 16 0 4.8438 113.2100 0.0000 0.0000 33.5455 755.3291 0.8207 0.0000 2.0000 0.0000 0.0000 0.0000 2.0000 
2022 10 17 0 4.5486 146.2200 0.0000 0.0000 33.7657 755.3861 0.8268 0.0000 2.0000 0.0000 0.0000 0.0000 2.0000 
2022 10 18 0 4.2643 163.8200 0.0000 0.0000 33.9614 755.4367 0.8323 0.0000 2.0000 0.0000 0.0000 0.0000 2.0000 
2022 10 19 0 3.6848 159.7000 0.0000 0.0000 34.1069 755.4744 0.8363 0.0000 2.0000 0.0000 0.0000 0.0000 2.0000 
2022 10 20 0 3.0178 142.1100 0.0000 0.0000 34.1949 755.4972 0.8387 0.0000 2.0000 0.0000 0.0000 0.0000 2.0000 
2022 10 21 0 2.6132 157.4800 0.0000 0.0000 34.2478 755.5109 0.8402 0.0000 2.0000 0.0000 0.0000 0.0000 2.0000 
2022 10 22 0 2.4820 142.0700 0.0000 0.0000 34.2895 755.5217 0.8414 0.0000 2.0000 0.0000 0.0000 0.0000 2.0000 
2022 10 23 0 5.3795 99.6700 0.0000 0.0000 34.5815 755.5973 0.8495 0.0000 2.0000 0.0000 0.0000 0.0000 2.0000 
2022 10 24 0 7.2055 85.2000 0.0000 0.0000 35.0312 755.7137 0.8620 0.0000 2.0000 0.0000 0.0000 0.0000 2.0000 
2022 10 25 0 5.2155 110.5100 0.0000 0.0000 35.3091 755.7856 0.8697 0.0000 2.0000 0.0000 0.0000 0.0000 2.0000 
2022 10 26 0 12.8475 121.4900 0.0000 0.0000 36.2463 756.0283 0.8957 0.0000 2.0000 0.0000 0.0000 0.0000 2.0000 
2022 10 27 0 7.3039 117.6600 0.0000 0.0000 36.7045 756.1469 0.9085 0.0000 2.0000 0.0000 0.0000 0.0000 2.0000 
2022 10 28 0 5.4233 103.2200 0.0000 0.0000 37.0003 756.2235 0.9167 0.0000 2.0000 0.0000 0.0000 0.0000 2.0000 
2022 10 29 0 6.4948 101.6200 0.0000 0.0000 37.3887 756.3240 0.9275 0.0000 2.0000 0.0000 0.0000 0.0000 2.0000 
2022 10 30 0 5.9262 117.9300 0.0000 0.0000 37.7279 756.4118 0.9369 0.0000 2.0000 0.0000 0.0000 0.0000 2.0000 
2022 10 31 0 3.6848 144.1300 0.0000 0.0000 37.8734 756.4495 0.9409 0.0000 2.0000 0.0000 0.0000 0.0000 2.0000 
2022 11 1 0 3.6848 72.4900 0.0000 0.0000 38.0190 756.4872 0.9450 0.0000 2.0000 0.0000 0.0000 0.0000 2.0000 
2022 11 2 0 5.9372 71.1700 0.0000 0.0000 38.3592 756.5752 0.9544 0.0000 2.0000 0.0000 0.0000 0.0000 2.0000 
2022 11 3 0 11.8087 86.5000 0.0000 0.0000 39.2067 756.7946 0.9780 0.0000 2.0000 0.0000 0.0000 0.0000 2.0000 
2022 11 4 0 10.8575 72.6700 0.0000 0.0000 39.9719 756.9927 0.9992 0.0000 2.0000 0.0000 0.0000 0.0000 2.0000 
2022 11 5 0 8.9222 47.6500 0.0000 0.0000 40.5454 757.0273 1.0151 0.0000 2.0000 0.0000 0.2850 0.0000 2.2850 
2022 11 6 0 6.5932 35.7500 0.0000 0.0000 40.9015 757.0451 1.0250 0.0000 2.0000 0.0000 0.4711 0.0000 2.4711 
2022 11 7 0 8.3208 43.8300 0.0000 0.0000 41.3851 757.0693 1.0385 0.0000 2.0000 0.0000 0.7238 0.0000 2.7238 
2022 11 8 0 7.1509 51.0900 0.0000 0.0000 41.7511 757.0876 1.0486 0.0000 2.0000 0.0000 0.9151 0.0000 2.9151 
2022 11 9 0 8.3208 42.5700 0.0000 0.0000 42.1980 757.1099 1.0611 0.0000 2.0000 0.0000 1.1486 0.0000 3.1486 
2022 11 10 0 6.4292 27.4000 0.0000 0.0000 42.4692 757.1235 1.0686 0.0000 2.0000 0.0000 1.2903 0.0000 3.2903 
2022 11 11 0 5.1937 2.0000 0.0000 0.0000 42.6265 757.1313 1.0730 0.0000 2.0000 0.0000 1.3726 0.0000 3.3726 
2022 11 12 0 4.2533 2.3700 0.0000 0.0000 42.6993 757.1350 1.0750 0.0000 2.0000 0.0000 1.4106 0.0000 3.4106 
2022 11 13 0 3.6410 29.9300 0.0000 0.0000 42.7184 757.1359 1.0755 0.0000 2.0000 0.0000 1.4206 0.0000 3.4206 
2022 11 14 0 3.5536 53.6800 0.0000 0.0000 42.7294 757.1365 1.0758 0.0000 2.0000 0.0000 1.4263 0.0000 3.4263 
2022 11 15 0 4.9750 53.7500 0.0000 0.0000 42.8574 757.1429 1.0794 0.0000 2.0000 0.0000 1.4932 0.0000 3.4932 
2022 11 16 0 7.4789 27.6900 0.0000 0.0000 43.1869 757.1593 1.0885 0.0000 2.0000 0.0000 1.6654 0.0000 3.6654 
2022 11 17 0 14.3126 48.9100 0.0000 0.0000 44.0671 757.2034 1.1130 0.0000 2.0000 0.0000 2.1253 0.0000 4.1253 
2022 11 18 0 6.9868 113.7000 0.0000 0.0000 44.3036 757.2152 1.1195 0.0000 2.0000 0.0000 2.2490 0.0000 4.2490 
2022 11 19 0 4.1221 167.1000 0.0000 0.0000 44.2931 757.2147 1.1193 0.0000 2.0000 0.0000 2.2435 0.0000 4.2435 
2022 11 20 0 4.4064 162.8400 0.0000 0.0000 44.3066 757.2153 1.1196 0.0000 2.0000 0.0000 2.2505 0.0000 4.2505 
2022 11 21 0 3.0178 209.5500 0.0000 0.0000 44.2047 757.2102 1.1168 0.0000 2.0000 0.0000 2.1973 0.0000 4.1973 
2022 11 22 0 2.5148 174.4300 0.0000 0.0000 44.0656 757.2033 1.1129 0.0000 2.0000 0.0000 2.1246 0.0000 4.1246 
2022 11 23 0 3.1162 149.8400 0.0000 0.0000 43.9822 757.1991 1.1106 0.0000 2.0000 0.0000 2.0810 0.0000 4.0810 
2022 11 24 0 3.2474 172.1800 0.0000 0.0000 43.9133 757.1957 1.1087 0.0000 2.0000 0.0000 2.0450 0.0000 4.0450 
2022 11 25 0 4.4720 200.3300 0.0000 0.0000 43.9486 757.1974 1.1097 0.0000 2.0000 0.0000 2.0635 0.0000 4.0635 
2022 11 26 0 6.4292 196.0200 0.0000 0.0000 44.1442 757.2072 1.1151 0.0000 2.0000 0.0000 2.1657 0.0000 4.1657 
2022 11 27 0 7.2274 146.0400 0.0000 0.0000 44.3973 757.2199 1.1221 0.0000 2.0000 0.0000 2.2979 0.0000 4.2979 
2022 11 28 0 8.5613 195.3000 0.0000 0.0000 44.7498 757.2375 1.1319 0.0000 2.0000 0.0000 2.4821 0.0000 4.4821 
2022 11 29 0 5.7950 362.5600 0.0000 0.0000 44.8583 757.2429 1.1350 0.0000 2.0000 0.0000 2.5388 0.0000 4.5388 
2022 11 30 0 3.9581 364.6000 0.0000 0.0000 44.8103 757.2405 1.1336 0.0000 2.0000 0.0000 2.5137 0.0000 4.5137 
2022 12 1 0 3.0397 349.6500 0.0000 0.0000 44.6884 757.2344 1.1302 0.0000 2.0000 0.0000 2.4501 0.0000 4.4501 
2022 12 2 0 2.5695 324.9900 0.0000 0.0000 44.5330 757.2266 1.1259 0.0000 2.0000 0.0000 2.3688 0.0000 4.3688 
2022 12 3 0 2.1649 268.8200 0.0000 0.0000 44.3508 757.2175 1.1209 0.0000 2.0000 0.0000 2.2736 0.0000 4.2736 
2022 12 4 0 1.9900 271.5000 0.0000 0.0000 44.1620 757.2081 1.1156 0.0000 2.0000 0.0000 2.1750 0.0000 4.1750 
2022 12 5 0 1.8588 290.7800 0.0000 0.0000 43.9705 757.1985 1.1103 0.0000 2.0000 0.0000 2.0749 0.0000 4.0749 
2022 12 6 0 1.8478 346.8000 0.0000 0.0000 43.7864 757.1893 1.1052 0.0000 2.0000 0.0000 1.9787 0.0000 3.9787 
2022 12 7 0 1.8041 334.1100 0.0000 0.0000 43.6067 757.1803 1.1002 0.0000 2.0000 0.0000 1.8847 0.0000 3.8847 
2022 12 8 0 1.9025 399.0300 0.0000 0.0000 43.4428 757.1721 1.0956 0.0000 2.0000 0.0000 1.7991 0.0000 3.7991 
2022 12 9 0 2.0447 418.6900 0.0000 0.0000 43.2978 757.1649 1.0916 0.0000 2.0000 0.0000 1.7233 0.0000 3.7233 
2022 12 10 0 2.0447 362.9800 0.0000 0.0000 43.1590 757.1579 1.0877 0.0000 2.0000 0.0000 1.6508 0.0000 3.6508 
2022 12 11 0 2.1649 338.6100 0.0000 0.0000 43.0361 757.1518 1.0843 0.0000 2.0000 0.0000 1.5866 0.0000 3.5866 
2022 12 12 0 2.1759 446.1100 0.0000 0.0000 42.9195 757.1460 1.0811 0.0000 2.0000 0.0000 1.5257 0.0000 3.5257 
2022 12 13 0 2.0775 458.6300 0.0000 0.0000 42.7998 757.1400 1.0778 0.0000 2.0000 0.0000 1.4631 0.0000 3.4631 
2022 12 14 0 1.9572 451.4100 0.0000 0.0000 42.6753 757.1338 1.0743 0.0000 2.0000 0.0000 1.3981 0.0000 3.3981 
2022 12 15 0 1.8150 396.6100 0.0000 0.0000 42.5445 757.1272 1.0707 0.0000 2.0000 0.0000 1.3297 0.0000 3.3297 
2022 12 16 0 1.7166 413.8400 0.0000 0.0000 42.4111 757.1206 1.0670 0.0000 2.0000 0.0000 1.2600 0.0000 3.2600 
2022 12 17 0 1.6510 254.6500 0.0000 0.0000 42.2781 757.1139 1.0633 0.0000 2.0000 0.0000 1.1905 0.0000 3.1905 
2022 12 18 0 1.6948 206.4000 0.0000 0.0000 42.1545 757.1077 1.0598 0.0000 2.0000 0.0000 1.1259 0.0000 3.1259 
2022 12 19 0 1.8478 211.4800 0.0000 0.0000 42.0488 757.1024 1.0569 0.0000 2.0000 0.0000 1.0707 0.0000 3.0707 
2022 12 20 0 2.3289 205.2500 0.0000 0.0000 41.9875 757.0994 1.0552 0.0000 2.0000 0.0000 1.0386 0.0000 3.0386 
2022 12 21 0 4.1003 223.3000 0.0000 0.0000 42.0753 757.1038 1.0576 0.0000 2.0000 0.0000 1.0845 0.0000 3.0845 
2022 12 22 0 4.2315 201.9700 0.0000 0.0000 42.1701 757.1085 1.0603 0.0000 2.0000 0.0000 1.1340 0.0000 3.1340 
2022 12 23 0 3.1381 193.2900 0.0000 0.0000 42.1704 757.1085 1.0603 0.0000 2.0000 0.0000 1.1342 0.0000 3.1342 
2022 12 24 0 2.2415 142.3700 0.0000 0.0000 42.0966 757.1048 1.0582 0.0000 2.0000 0.0000 1.0956 0.0000 3.0956 
2022 12 25 0 1.8369 129.4400 0.0000 0.0000 41.9926 757.0996 1.0553 0.0000 2.0000 0.0000 1.0413 0.0000 3.0413 
2022 12 26 0 3.4333 111.7200 0.0000 0.0000 42.0250 757.1012 1.0562 0.0000 2.0000 0.0000 1.0582 0.0000 3.0582 
2022 12 27 0 2.7444 141.3500 0.0000 0.0000 41.9990 757.1000 1.0555 0.0000 2.0000 0.0000 1.0446 0.0000 3.0446 
2022 12 28 0 1.9791 122.1300 0.0000 0.0000 41.9109 757.0955 1.0531 0.0000 2.0000 0.0000 0.9986 0.0000 2.9986 
2022 12 29 0 1.9681 96.2800 0.0000 0.0000 41.8257 757.0913 1.0507 0.0000 2.0000 0.0000 0.9541 0.0000 2.9541 
2022 12 30 0 1.8041 100.4100 0.0000 0.0000 41.7307 757.0865 1.0481 0.0000 2.0000 0.0000 0.9044 0.0000 2.9044 
2022 12 31 0 2.2852 116.2200 0.0000 0.0000 41.6795 757.0840 1.0467 0.0000 2.0000 0.0000 0.8777 0.0000 2.8777 
2023 1 1 0 1.8697 112.5700 0.0000 0.0000 41.5962 757.0798 1.0443 0.0000 2.0000 0.0000 0.8341 0.0000 2.8341 
2023 1 2 0 1.6292 149.2600 0.0000 0.0000 41.4966 757.0748 1.0416 0.0000 2.0000 0.0000 0.7821 0.0000 2.7821 
2023 1 3 0 1.4761 154.5400 0.0000 0.0000 41.3886 757.0694 1.0386 0.0000 2.0000 0.0000 0.7256 0.0000 2.7256 
2023 1 4 0 1.3668 114.6400 0.0000 0.0000 41.2763 757.0638 1.0355 0.0000 2.0000 0.0000 0.6669 0.0000 2.6669 
2023 1 5 0 1.8807 144.1600 0.0000 0.0000 41.2113 757.0606 1.0336 0.0000 2.0000 0.0000 0.6330 0.0000 2.6330 
2023 1 6 0 1.5964 126.0400 0.0000 0.0000 41.1256 757.0563 1.0313 0.0000 2.0000 0.0000 0.5882 0.0000 2.5882 
2023 1 7 0 1.6182 102.5400 0.0000 0.0000 41.0454 757.0523 1.0290 0.0000 2.0000 0.0000 0.5463 0.0000 2.5463 
2023 1 8 0 3.2037 75.8000 0.0000 0.0000 41.0997 757.0550 1.0305 0.0000 2.0000 0.0000 0.5747 0.0000 2.5747 
2023 1 9 0 4.6579 133.2800 0.0000 0.0000 41.2719 757.0636 1.0353 0.0000 2.0000 0.0000 0.6647 0.0000 2.6647 
2023 1 10 0 3.4333 130.4400 0.0000 0.0000 41.3355 757.0668 1.0371 0.0000 2.0000 0.0000 0.6979 0.0000 2.6979 
2023 1 11 0 2.8428 96.6800 0.0000 0.0000 41.3475 757.0674 1.0374 0.0000 2.0000 0.0000 0.7041 0.0000 2.7041 
2023 1 12 0 2.4492 89.9500 0.0000 0.0000 41.3264 757.0663 1.0368 0.0000 2.0000 0.0000 0.6931 0.0000 2.6931 
2023 1 13 0 2.0884 82.8000 0.0000 0.0000 41.2764 757.0638 1.0355 0.0000 2.0000 0.0000 0.6670 0.0000 2.6670 
2023 1 14 0 1.7932 94.7100 0.0000 0.0000 41.2042 757.0602 1.0334 0.0000 2.0000 0.0000 0.6293 0.0000 2.6293 
2023 1 15 0 1.6948 70.7800 0.0000 0.0000 41.1269 757.0563 1.0313 0.0000 2.0000 0.0000 0.5889 0.0000 2.5889 
2023 1 16 0 1.6401 139.7600 0.0000 0.0000 41.0485 757.0524 1.0291 0.0000 2.0000 0.0000 0.5479 0.0000 2.5479 
2023 1 17 0 1.5417 134.1900 0.0000 0.0000 40.9653 757.0483 1.0268 0.0000 2.0000 0.0000 0.5044 0.0000 2.5044 
2023 1 18 0 1.5526 138.3800 0.0000 0.0000 40.8866 757.0443 1.0246 0.0000 2.0000 0.0000 0.4633 0.0000 2.4633 
2023 1 19 0 1.3668 148.5600 0.0000 0.0000 40.7960 757.0398 1.0221 0.0000 2.0000 0.0000 0.4159 0.0000 2.4159 
2023 1 20 0 1.3230 162.5000 0.0000 0.0000 40.7056 757.0353 1.0196 0.0000 2.0000 0.0000 0.3687 0.0000 2.3687 
2023 1 21 0 1.2465 150.1900 0.0000 0.0000 40.6128 757.0306 1.0170 0.0000 2.0000 0.0000 0.3203 0.0000 2.3203 
2023 1 22 0 1.2465 151.8000 0.0000 0.0000 40.5241 757.0262 1.0146 0.0000 2.0000 0.0000 0.2739 0.0000 2.2739 
2023 1 23 0 1.4324 197.7300 0.0000 0.0000 40.4545 757.0227 1.0126 0.0000 2.0000 0.0000 0.2375 0.0000 2.2375 
2023 1 24 0 1.2902 184.5400 0.0000 0.0000 40.3762 757.0188 1.0104 0.0000 2.0000 0.0000 0.1966 0.0000 2.1966 
2023 1 25 0 1.2902 137.5700 0.0000 0.0000 40.3013 757.0151 1.0084 0.0000 2.0000 0.0000 0.1574 0.0000 2.1574 
2023 1 26 0 1.4542 132.3800 0.0000 0.0000 40.2431 757.0122 1.0068 0.0000 2.0000 0.0000 0.1271 0.0000 2.1271 
2023 1 27 0 1.3777 154.0500 0.0000 0.0000 40.1812 757.0091 1.0050 0.0000 2.0000 0.0000 0.0947 0.0000 2.0947 
2023 1 28 0 1.2683 116.8100 0.0000 0.0000 40.1129 757.0056 1.0031 0.0000 2.0000 0.0000 0.0590 0.0000 2.0590 
2023 1 29 0 1.1918 102.3700 0.0000 0.0000 40.0412 757.0021 1.0011 0.0000 2.0000 0.0000 0.0215 0.0000 2.0215 
2023 1 30 0 1.3340 90.0000 0.0000 0.0000 39.9836 756.9958 0.9995 0.0000 2.0000 0.0000 0.0000 0.0000 2.0000 
2023 1 31 0 1.2902 105.1200 0.0000 0.0000 39.9223 756.9799 0.9978 0.0000 2.0000 0.0000 0.0000 0.0000 2.0000 
2023 2 1 0 1.2027 103.8300 0.0000 0.0000 39.8534 756.9621 0.9959 0.0000 2.0000 0.0000 0.0000 0.0000 2.0000 
2023 2 2 0 1.3777 145.2800 0.0000 0.0000 39.7997 756.9481 0.9944 0.0000 2.0000 0.0000 0.0000 0.0000 2.0000 
2023 2 3 0 1.1918 113.1000 0.0000 0.0000 39.7298 756.9301 0.9925 0.0000 2.0000 0.0000 0.0000 0.0000 2.0000 
2023 2 4 0 1.0059 138.8200 0.0000 0.0000 39.6439 756.9078 0.9901 0.0000 2.0000 0.0000 0.0000 0.0000 2.0000 
2023 2 5 0 0.9403 122.8300 0.0000 0.0000 39.5524 756.8841 0.9876 0.0000 2.0000 0.0000 0.0000 0.0000 2.0000 
2023 2 6 0 0.8747 161.3800 0.0000 0.0000 39.4552 756.8590 0.9849 0.0000 2.0000 0.0000 0.0000 0.0000 2.0000 
2023 2 7 0 0.8091 132.4500 0.0000 0.0000 39.3523 756.8323 0.9820 0.0000 2.0000 0.0000 0.0000 0.0000 2.0000 
2023 2 8 0 0.7763 120.3300 0.0000 0.0000 39.2465 756.8049 0.9791 0.0000 2.0000 0.0000 0.0000 0.0000 2.0000 
2023 2 9 0 0.8857 98.3400 0.0000 0.0000 39.1503 756.7800 0.9764 0.0000 2.0000 0.0000 0.0000 0.0000 2.0000 
2023 2 10 0 0.9403 97.5400 0.0000 0.0000 39.0587 756.7563 0.9739 0.0000 2.0000 0.0000 0.0000 0.0000 2.0000 
2023 2 11 0 1.0059 94.6300 0.0000 0.0000 38.9728 756.7341 0.9715 0.0000 2.0000 0.0000 0.0000 0.0000 2.0000 
2023 2 12 0 1.0606 111.6200 0.0000 0.0000 38.8917 756.7131 0.9692 0.0000 2.0000 0.0000 0.0000 0.0000 2.0000 
2023 2 13 0 1.0606 115.7800 0.0000 0.0000 38.8105 756.6921 0.9670 0.0000 2.0000 0.0000 0.0000 0.0000 2.0000 
2023 2 14 0 1.0497 140.8300 0.0000 0.0000 38.7284 756.6708 0.9647 0.0000 2.0000 0.0000 0.0000 0.0000 2.0000 
2023 2 15 0 0.8966 122.5300 0.0000 0.0000 38.6331 756.6461 0.9620 0.0000 2.0000 0.0000 0.0000 0.0000 2.0000 
2023 2 16 0 0.8310 120.9800 0.0000 0.0000 38.5320 756.6200 0.9592 0.0000 2.0000 0.0000 0.0000 0.0000 2.0000 
2023 2 17 0 0.9731 92.1200 0.0000 0.0000 38.4433 756.5970 0.9568 0.0000 2.0000 0.0000 0.0000 0.0000 2.0000 
2023 2 18 0 1.0606 97.8800 0.0000 0.0000 38.3622 756.5760 0.9545 0.0000 2.0000 0.0000 0.0000 0.0000 2.0000 
2023 2 19 0 1.1262 107.6300 0.0000 0.0000 38.2867 756.5565 0.9524 0.0000 2.0000 0.0000 0.0000 0.0000 2.0000 
2023 2 20 0 1.2027 77.5600 0.0000 0.0000 38.2178 756.5386 0.9505 0.0000 2.0000 0.0000 0.0000 0.0000 2.0000 
2023 2 21 0 1.2683 106.7100 0.0000 0.0000 38.1546 756.5223 0.9487 0.0000 2.0000 0.0000 0.0000 0.0000 2.0000 
2023 2 22 0 1.1262 118.3800 0.0000 0.0000 38.0791 756.5027 0.9466 0.0000 2.0000 0.0000 0.0000 0.0000 2.0000 
2023 2 23 0 1.2027 116.1600 0.0000 0.0000 38.0102 756.4849 0.9447 0.0000 2.0000 0.0000 0.0000 0.0000 2.0000 
2023 2 24 0 1.2683 103.8000 0.0000 0.0000 37.9470 756.4685 0.9430 0.0000 2.0000 0.0000 0.0000 0.0000 2.0000 
2023 2 25 0 1.5526 97.6000 0.0000 0.0000 37.9083 756.4585 0.9419 0.0000 2.0000 0.0000 0.0000 0.0000 2.0000 
2023 2 26 0 2.2087 111.9200 0.0000 0.0000 37.9264 756.4632 0.9424 0.0000 2.0000 0.0000 0.0000 0.0000 2.0000 
2023 2 27 0 2.6023 124.5700 0.0000 0.0000 37.9784 756.4767 0.9438 0.0000 2.0000 0.0000 0.0000 0.0000 2.0000 
2023 2 28 0 2.1868 124.0900 0.0000 0.0000 37.9945 756.4808 0.9443 0.0000 2.0000 0.0000 0.0000 0.0000 2.0000 
2023 3 1 0 1.9025 130.8400 0.0000 0.0000 37.9861 756.4787 0.9441 0.0000 2.0000 0.0000 0.0000 0.0000 2.0000 
2023 3 2 0 1.6948 120.4000 0.0000 0.0000 37.9597 756.4718 0.9433 0.0000 2.0000 0.0000 0.0000 0.0000 2.0000 
2023 3 3 0 1.5417 115.5800 0.0000 0.0000 37.9201 756.4616 0.9422 0.0000 2.0000 0.0000 0.0000 0.0000 2.0000 
2023 3 4 0 1.4761 112.2200 0.0000 0.0000 37.8749 756.4499 0.9410 0.0000 2.0000 0.0000 0.0000 0.0000 2.0000 
2023 3 5 0 1.4761 129.9600 0.0000 0.0000 37.8296 756.4381 0.9397 0.0000 2.0000 0.0000 0.0000 0.0000 2.0000 
2023 3 6 0 1.1809 153.1300 0.0000 0.0000 37.7588 756.4198 0.9377 0.0000 2.0000 0.0000 0.0000 0.0000 2.0000 
2023 3 7 0 0.9403 116.0800 0.0000 0.0000 37.6673 756.3961 0.9352 0.0000 2.0000 0.0000 0.0000 0.0000 2.0000 
2023 3 8 0 0.9185 150.8300 0.0000 0.0000 37.5738 756.3719 0.9326 0.0000 2.0000 0.0000 0.0000 0.0000 2.0000 
2023 3 9 0 0.8201 138.5100 0.0000 0.0000 37.4719 756.3455 0.9298 0.0000 2.0000 0.0000 0.0000 0.0000 2.0000 
2023 3 10 0 0.7326 127.3700 0.0000 0.0000 37.3624 756.3172 0.9267 0.0000 2.0000 0.0000 0.0000 0.0000 2.0000 
2023 3 11 0 0.6888 110.5300 0.0000 0.0000 37.2491 756.2879 0.9236 0.0000 2.0000 0.0000 0.0000 0.0000 2.0000 
2023 3 12 0 0.7435 106.8200 0.0000 0.0000 37.1405 756.2598 0.9206 0.0000 2.0000 0.0000 0.0000 0.0000 2.0000 
2023 3 13 0 0.7326 94.6800 0.0000 0.0000 37.0310 756.2314 0.9175 0.0000 2.0000 0.0000 0.0000 0.0000 2.0000 
2023 3 14 0 0.7107 102.8300 0.0000 0.0000 36.9196 756.2026 0.9144 0.0000 2.0000 0.0000 0.0000 0.0000 2.0000 
2023 3 15 0 0.6670 121.6400 0.0000 0.0000 36.8045 756.1728 0.9112 0.0000 2.0000 0.0000 0.0000 0.0000 2.0000 
2023 3 16 0 0.6232 112.8100 0.0000 0.0000 36.6855 756.1420 0.9079 0.0000 2.0000 0.0000 0.0000 0.0000 2.0000 
2023 3 17 0 0.6670 104.1500 0.0000 0.0000 36.5703 756.1121 0.9047 0.0000 2.0000 0.0000 0.0000 0.0000 2.0000 
2023 3 18 0 0.7982 109.0000 0.0000 0.0000 36.4665 756.0853 0.9018 0.0000 2.0000 0.0000 0.0000 0.0000 2.0000 
2023 3 19 0 0.7544 110.0900 0.0000 0.0000 36.3589 756.0574 0.8989 0.0000 2.0000 0.0000 0.0000 0.0000 2.0000 
2023 3 20 0 0.8201 116.7600 0.0000 0.0000 36.2569 756.0310 0.8960 0.0000 2.0000 0.0000 0.0000 0.0000 2.0000 
2023 3 21 0 0.8310 111.3100 0.0000 0.0000 36.1559 756.0049 0.8932 0.0000 2.0000 0.0000 0.0000 0.0000 2.0000 
2023 3 22 0 0.8419 92.3600 0.0000 0.0000 36.0559 755.9790 0.8904 0.0000 2.0000 0.0000 0.0000 0.0000 2.0000 
2023 3 23 0 0.9403 86.1100 0.0000 0.0000 35.9643 755.9553 0.8879 0.0000 2.0000 0.0000 0.0000 0.0000 2.0000 
2023 3 24 0 1.1699 83.8300 0.0000 0.0000 35.8926 755.9367 0.8859 0.0000 2.0000 0.0000 0.0000 0.0000 2.0000 
2023 3 25 0 1.4324 73.3600 0.0000 0.0000 35.8436 755.9240 0.8845 0.0000 2.0000 0.0000 0.0000 0.0000 2.0000 
2023 3 26 0 1.5417 92.4600 0.0000 0.0000 35.8040 755.9137 0.8834 0.0000 2.0000 0.0000 0.0000 0.0000 2.0000 
2023 3 27 0 1.6292 100.9400 0.0000 0.0000 35.7719 755.9055 0.8826 0.0000 2.0000 0.0000 0.0000 0.0000 2.0000 
2023 3 28 0 1.7166 123.8500 0.0000 0.0000 35.7474 755.8991 0.8819 0.0000 2.0000 0.0000 0.0000 0.0000 2.0000 
2023 3 29 0 1.5308 127.0200 0.0000 0.0000 35.7069 755.8886 0.8807 0.0000 2.0000 0.0000 0.0000 0.0000 2.0000 
2023 3 30 0 1.4652 103.7800 0.0000 0.0000 35.6607 755.8767 0.8795 0.0000 2.0000 0.0000 0.0000 0.0000 2.0000 
2023 3 31 0 3.0397 111.8200 0.0000 0.0000 35.7505 755.8999 0.8820 0.0000 2.0000 0.0000 0.0000 0.0000 2.0000 
2023 4 1 0 8.1130 97.9300 0.0000 0.0000 36.2787 756.0366 0.8966 0.0000 2.0000 0.0000 0.0000 0.0000 2.0000 
2023 4 2 0 7.4898 105.1000 0.0000 0.0000 36.7530 756.1594 0.9098 0.0000 2.0000 0.0000 0.0000 0.0000 2.0000 
2023 4 3 0 4.8984 126.4800 0.0000 0.0000 37.0034 756.2243 0.9168 0.0000 2.0000 0.0000 0.0000 0.0000 2.0000 
2023 4 4 0 3.1053 133.1300 0.0000 0.0000 37.0989 756.2490 0.9194 0.0000 2.0000 0.0000 0.0000 0.0000 2.0000 
2023 4 5 0 2.5148 130.9100 0.0000 0.0000 37.1434 756.2605 0.9207 0.0000 2.0000 0.0000 0.0000 0.0000 2.0000 
2023 4 6 0 2.2305 125.8900 0.0000 0.0000 37.1633 756.2657 0.9212 0.0000 2.0000 0.0000 0.0000 0.0000 2.0000 
2023 4 7 0 1.8478 117.9200 0.0000 0.0000 37.1502 756.2623 0.9208 0.0000 2.0000 0.0000 0.0000 0.0000 2.0000 
2023 4 8 0 1.6182 120.6500 0.0000 0.0000 37.1172 756.2537 0.9199 0.0000 2.0000 0.0000 0.0000 0.0000 2.0000 
2023 4 9 0 1.4542 110.2100 0.0000 0.0000 37.0700 756.2415 0.9186 0.0000 2.0000 0.0000 0.0000 0.0000 2.0000 
2023 4 10 0 1.4870 54.3700 0.0000 0.0000 37.0257 756.2300 0.9174 0.0000 2.0000 0.0000 0.0000 0.0000 2.0000 
2023 4 11 0 3.8160 84.4600 0.0000 0.0000 37.1826 756.2706 0.9217 0.0000 2.0000 0.0000 0.0000 0.0000 2.0000 
2023 4 12 0 3.3895 111.9800 0.0000 0.0000 37.3027 756.3017 0.9251 0.0000 2.0000 0.0000 0.0000 0.0000 2.0000 
2023 4 13 0 3.3895 107.2100 0.0000 0.0000 37.4227 756.3328 0.9284 0.0000 2.0000 0.0000 0.0000 0.0000 2.0000 
2023 4 14 0 3.8488 118.9300 0.0000 0.0000 37.5825 756.3742 0.9328 0.0000 2.0000 0.0000 0.0000 0.0000 2.0000 
2023 4 15 0 3.6957 111.6600 0.0000 0.0000 37.7290 756.4121 0.9369 0.0000 2.0000 0.0000 0.0000 0.0000 2.0000 
2023 4 16 0 3.6957 115.1500 0.0000 0.0000 37.8755 756.4500 0.9410 0.0000 2.0000 0.0000 0.0000 0.0000 2.0000 
2023 4 17 0 3.9034 125.4800 0.0000 0.0000 38.0399 756.4926 0.9456 0.0000 2.0000 0.0000 0.0000 0.0000 2.0000 
2023 4 18 0 4.1877 114.7600 0.0000 0.0000 38.2290 756.5415 0.9508 0.0000 2.0000 0.0000 0.0000 0.0000 2.0000 
2023 4 19 0 4.5048 108.7500 0.0000 0.0000 38.4454 756.5975 0.9568 0.0000 2.0000 0.0000 0.0000 0.0000 2.0000 
2023 4 20 0 5.1827 111.1600 0.0000 0.0000 38.7204 756.6687 0.9645 0.0000 2.0000 0.0000 0.0000 0.0000 2.0000 
2023 4 21 0 6.1777 107.9900 0.0000 0.0000 39.0813 756.7622 0.9745 0.0000 2.0000 0.0000 0.0000 0.0000 2.0000 
2023 4 22 0 7.1727 98.4000 0.0000 0.0000 39.5282 756.8779 0.9869 0.0000 2.0000 0.0000 0.0000 0.0000 2.0000 
2023 4 23 0 8.5395 97.8600 0.0000 0.0000 40.0892 757.0045 1.0025 0.0000 2.0000 0.0000 0.0466 0.0000 2.0466 
2023 4 24 0 8.4192 116.5300 0.0000 0.0000 40.6160 757.0308 1.0171 0.0000 2.0000 0.0000 0.3219 0.0000 2.3219 
2023 4 25 0 7.5663 104.4700 0.0000 0.0000 41.0496 757.0525 1.0292 0.0000 2.0000 0.0000 0.5485 0.0000 2.5485 
2023 4 26 0 6.5057 114.3700 0.0000 0.0000 41.3767 757.0688 1.0382 0.0000 2.0000 0.0000 0.7194 0.0000 2.7194 
2023 4 27 0 5.4233 123.3800 0.0000 0.0000 41.6002 757.0800 1.0445 0.0000 2.0000 0.0000 0.8362 0.0000 2.8362 
2023 4 28 0 4.7782 121.7100 0.0000 0.0000 41.7608 757.0880 1.0489 0.0000 2.0000 0.0000 0.9201 0.0000 2.9201 
2023 4 29 0 4.4501 112.7000 0.0000 0.0000 41.8872 757.0944 1.0524 0.0000 2.0000 0.0000 0.9862 0.0000 2.9862 
2023 4 30 0 4.2096 99.7900 0.0000 0.0000 41.9884 757.0994 1.0552 0.0000 2.0000 0.0000 1.0391 0.0000 3.0391 
2023 5 1 0 4.1112 106.3400 0.0000 0.0000 42.0770 757.1039 1.0577 0.0000 2.0000 0.0000 1.0854 0.0000 3.0854 
2023 5 2 0 4.2971 121.7900 0.0000 0.0000 42.1772 757.1089 1.0605 0.0000 2.0000 0.0000 1.1377 0.0000 3.1377 
2023 5 3 0 4.5376 118.1800 0.0000 0.0000 42.2929 757.1146 1.0637 0.0000 2.0000 0.0000 1.1982 0.0000 3.1982 
2023 5 4 0 4.6360 112.1600 0.0000 0.0000 42.4118 757.1206 1.0670 0.0000 2.0000 0.0000 1.2603 0.0000 3.2603 
2023 5 5 0 4.4611 97.5700 0.0000 0.0000 42.5110 757.1256 1.0698 0.0000 2.0000 0.0000 1.3122 0.0000 3.3122 
2023 5 6 0 4.1221 94.9300 0.0000 0.0000 42.5780 757.1289 1.0716 0.0000 2.0000 0.0000 1.3472 0.0000 3.3472 
2023 5 7 0 3.8160 88.0500 0.0000 0.0000 42.6167 757.1308 1.0727 0.0000 2.0000 0.0000 1.3674 0.0000 3.3674 
2023 5 8 0 4.0456 102.0400 0.0000 0.0000 42.6728 757.1336 1.0742 0.0000 2.0000 0.0000 1.3967 0.0000 3.3967 
2023 5 9 0 5.4014 96.1600 0.0000 0.0000 42.8385 757.1419 1.0788 0.0000 2.0000 0.0000 1.4833 0.0000 3.4833 
2023 5 10 0 9.0862 94.0200 0.0000 0.0000 43.3017 757.1651 1.0917 0.0000 2.0000 0.0000 1.7254 0.0000 3.7254 
2023 5 11 0 10.8794 101.3600 0.0000 0.0000 43.8931 757.1947 1.1081 0.0000 2.0000 0.0000 2.0344 0.0000 4.0344 
2023 5 12 0 13.8206 91.5000 0.0000 0.0000 44.7021 757.2351 1.1306 0.0000 2.0000 0.0000 2.4572 0.0000 4.4572 
2023 5 13 0 14.9796 74.6100 0.0000 0.0000 45.5720 757.2786 1.1548 0.0000 2.0000 0.0000 2.9118 0.0000 4.9118 
2023 5 14 0 14.8484 72.7500 0.0000 0.0000 46.3934 757.3197 1.1776 0.0000 2.0000 0.0000 3.3410 0.0000 5.3410 
2023 5 15 0 17.7678 94.8900 0.0000 0.0000 47.4207 757.3710 1.2061 0.0000 2.0000 0.0000 3.8779 0.0000 5.8779 
2023 5 16 0 22.0102 63.0700 0.0000 0.0000 48.7543 757.4377 1.2432 0.0000 2.0000 0.0000 4.5748 0.0000 6.5748 
2023 5 17 0 17.4726 54.3000 0.0000 0.0000 49.6552 757.4828 1.2682 0.0000 2.0000 0.0000 5.0456 0.0000 7.0456 
2023 5 18 0 13.2411 88.1100 0.0000 0.0000 50.1674 757.5084 1.2824 0.0000 2.0000 0.0000 5.3132 0.0000 7.3132 
2023 5 19 0 11.3933 92.9400 0.0000 0.0000 50.5046 757.5252 1.2918 0.0000 2.0000 0.0000 5.4895 0.0000 7.4895 
2023 5 20 0 11.1636 52.6300 0.0000 0.0000 50.8084 757.5404 1.3002 0.0000 2.0000 0.0000 5.6482 0.0000 7.6482 
2023 5 21 0 10.4748 37.1300 0.0000 0.0000 51.0421 757.5521 1.3067 0.0000 2.0000 0.0000 5.7703 0.0000 7.7703 
2023 5 22 0 10.0265 84.4700 0.0000 0.0000 51.2286 757.5614 1.3119 0.0000 2.0000 0.0000 5.8678 0.0000 7.8678 
2023 5 23 0 12.3226 63.0000 0.0000 0.0000 51.5968 757.5798 1.3221 0.0000 2.0000 0.0000 6.0602 0.0000 8.0602 
2023 5 24 0 12.9787 82.4800 0.0000 0.0000 52.0034 757.6002 1.3334 0.0000 2.0000 0.0000 6.2727 0.0000 8.2727 
2023 5 25 0 12.0165 57.6600 0.0000 0.0000 52.3129 757.6156 1.3420 0.0000 2.0000 0.0000 6.4344 0.0000 8.4344 
2023 5 26 0 12.4648 61.9200 0.0000 0.0000 52.6461 757.6323 1.3513 0.0000 2.0000 0.0000 6.6085 0.0000 8.6085 
2023 5 27 0 11.2948 61.7400 0.0000 0.0000 52.8682 757.6434 1.3574 0.0000 2.0000 0.0000 6.7246 0.0000 8.7246 
2023 5 28 0 8.9550 48.1500 0.0000 0.0000 52.8872 757.6444 1.3580 0.0000 2.0000 0.0000 6.7345 0.0000 8.7345 
2023 5 29 0 6.5057 41.9900 0.0000 0.0000 52.7030 757.6351 1.3529 0.0000 2.0000 0.0000 6.6383 0.0000 8.6383 
2023 5 30 0 5.3686 85.7800 0.0000 0.0000 52.4327 757.6216 1.3454 0.0000 2.0000 0.0000 6.4970 0.0000 8.4970 
2023 5 31 0 4.6142 60.1500 0.0000 0.0000 52.1117 757.6056 1.3364 0.0000 2.0000 0.0000 6.3293 0.0000 8.3293 
2023 6 1 0 4.0347 67.1300 0.0000 0.0000 51.7567 757.5878 1.3266 0.0000 2.0000 0.0000 6.1437 0.0000 8.1437 
2023 6 2 0 3.3349 80.9600 0.0000 0.0000 51.3591 757.5680 1.3155 0.0000 2.0000 0.0000 5.9360 0.0000 7.9360 
2023 6 3 0 2.7882 62.3200 0.0000 0.0000 50.9336 757.5467 1.3037 0.0000 2.0000 0.0000 5.7136 0.0000 7.7136 
2023 6 4 0 2.4930 61.2100 0.0000 0.0000 50.5020 757.5251 1.2917 0.0000 2.0000 0.0000 5.4881 0.0000 7.4881 
2023 6 5 0 2.2087 87.8500 0.0000 0.0000 50.0656 757.5033 1.2796 0.0000 2.0000 0.0000 5.2600 0.0000 7.2600 
2023 6 6 0 1.9025 90.1800 0.0000 0.0000 49.6227 757.4811 1.2673 0.0000 2.0000 0.0000 5.0286 0.0000 7.0286 
2023 6 7 0 1.6292 96.7800 0.0000 0.0000 49.1763 757.4588 1.2549 0.0000 2.0000 0.0000 4.7953 0.0000 6.7953 
2023 6 8 0 1.3996 89.0900 0.0000 0.0000 48.7303 757.4365 1.2425 0.0000 2.0000 0.0000 4.5622 0.0000 6.5622 
2023 6 9 0 1.1918 88.9200 0.0000 0.0000 48.2863 757.4143 1.2302 0.0000 2.0000 0.0000 4.3302 0.0000 6.3302 
2023 6 10 0 1.0059 61.8300 0.0000 0.0000 47.8462 757.3923 1.2179 0.0000 2.0000 0.0000 4.1002 0.0000 6.1002 
2023 6 11 0 0.8529 47.6500 0.0000 0.0000 47.4124 757.3706 1.2059 0.0000 2.0000 0.0000 3.8735 0.0000 5.8735 
2023 6 12 0 0.7435 88.7900 0.0000 0.0000 46.9883 757.3494 1.1941 0.0000 2.0000 0.0000 3.6519 0.0000 5.6519 
2023 6 13 0 0.6560 99.0700 0.0000 0.0000 46.5753 757.3288 1.1826 0.0000 2.0000 0.0000 3.4361 0.0000 5.4361 
2023 6 14 0 0.5576 105.6600 0.0000 0.0000 46.1720 757.3086 1.1714 0.0000 2.0000 0.0000 3.2253 0.0000 5.2253 
2023 6 15 0 0.5030 116.5000 0.0000 0.0000 45.7816 757.2891 1.1606 0.0000 2.0000 0.0000 3.0213 0.0000 5.0213 
2023 6 16 0 0.4702 123.1200 0.0000 0.0000 45.4054 757.2703 1.1501 0.0000 2.0000 0.0000 2.8247 0.0000 4.8247 
2023 6 17 0 0.4264 107.5100 0.0000 0.0000 45.0418 757.2521 1.1400 0.0000 2.0000 0.0000 2.6347 0.0000 4.6347 
2023 6 18 0 0.4046 102.7200 0.0000 0.0000 44.6921 757.2346 1.1303 0.0000 2.0000 0.0000 2.4520 0.0000 4.4520 
2023 6 19 0 0.4155 116.7200 0.0000 0.0000 44.3584 757.2179 1.1211 0.0000 2.0000 0.0000 2.2776 0.0000 4.2776 
2023 6 20 0 0.4592 131.3100 0.0000 0.0000 44.0427 757.2021 1.1123 0.0000 2.0000 0.0000 2.1126 0.0000 4.1126 
2023 6 21 0 0.6888 131.9100 0.0000 0.0000 43.7597 757.1880 1.1044 0.0000 2.0000 0.0000 1.9647 0.0000 3.9647 
2023 6 22 0 2.1431 129.3300 0.0000 0.0000 43.6091 757.1805 1.1003 0.0000 2.0000 0.0000 1.8860 0.0000 3.8860 
2023 6 23 0 1.5636 112.7300 0.0000 0.0000 43.4171 757.1709 1.0949 0.0000 2.0000 0.0000 1.7857 0.0000 3.7857 
2023 6 24 0 1.0934 91.6000 0.0000 0.0000 43.1946 757.1597 1.0887 0.0000 2.0000 0.0000 1.6694 0.0000 3.6694 
2023 6 25 0 0.7872 78.9200 0.0000 0.0000 42.9563 757.1478 1.0821 0.0000 2.0000 0.0000 1.5449 0.0000 3.5449 
2023 6 26 0 0.6342 97.3600 0.0000 0.0000 42.7157 757.1358 1.0754 0.0000 2.0000 0.0000 1.4191 0.0000 3.4191 
2023 6 27 0 0.5904 97.1000 0.0000 0.0000 42.4818 757.1241 1.0689 0.0000 2.0000 0.0000 1.2969 0.0000 3.2969 
2023 6 28 0 0.6014 110.3800 0.0000 0.0000 42.2590 757.1129 1.0627 0.0000 2.0000 0.0000 1.1805 0.0000 3.1805 
2023 6 29 0 0.5686 115.5800 0.0000 0.0000 42.0431 757.1022 1.0568 0.0000 2.0000 0.0000 1.0677 0.0000 3.0677 
2023 6 30 0 0.5686 106.1600 0.0000 0.0000 41.8365 757.0918 1.0510 0.0000 2.0000 0.0000 0.9597 0.0000 2.9597 
2023 7 1 0 0.5030 61.0800 0.0000 0.0000 41.6334 757.0817 1.0454 0.0000 2.0000 0.0000 0.8536 0.0000 2.8536 
2023 7 2 0 0.5030 15.9100 0.0000 0.0000 41.4391 757.0720 1.0400 0.0000 2.0000 0.0000 0.7520 0.0000 2.7520 
2023 7 3 0 0.5030 50.3200 0.0000 0.0000 41.2531 757.0627 1.0348 0.0000 2.0000 0.0000 0.6549 0.0000 2.6549 
2023 7 4 0 0.6123 83.2500 0.0000 0.0000 41.0843 757.0542 1.0301 0.0000 2.0000 0.0000 0.5666 0.0000 2.5666 
2023 7 5 0 0.6014 80.5300 0.0000 0.0000 40.9218 757.0461 1.0256 0.0000 2.0000 0.0000 0.4817 0.0000 2.4817 
2023 7 6 0 0.6998 96.7500 0.0000 0.0000 40.7745 757.0387 1.0215 0.0000 2.0000 0.0000 0.4047 0.0000 2.4047 
2023 7 7 0 0.9731 101.0400 0.0000 0.0000 40.6562 757.0328 1.0182 0.0000 2.0000 0.0000 0.3429 0.0000 2.3429 
2023 7 8 0 1.6948 87.4600 0.0000 0.0000 40.6026 757.0301 1.0167 0.0000 2.0000 0.0000 0.3149 0.0000 2.3149 
2023 7 9 0 1.8150 94.0500 0.0000 0.0000 40.5613 757.0281 1.0156 0.0000 2.0000 0.0000 0.2933 0.0000 2.2933 
2023 7 10 0 1.5964 98.2100 0.0000 0.0000 40.5037 757.0252 1.0140 0.0000 2.0000 0.0000 0.2632 0.0000 2.2632 
2023 7 11 0 1.4324 89.8900 0.0000 0.0000 40.4350 757.0217 1.0121 0.0000 2.0000 0.0000 0.2273 0.0000 2.2273 
2023 7 12 0 1.6838 76.6900 0.0000 0.0000 40.3900 757.0195 1.0108 0.0000 2.0000 0.0000 0.2038 0.0000 2.2038 
2023 7 13 0 1.4214 83.4900 0.0000 0.0000 40.3254 757.0163 1.0090 0.0000 2.0000 0.0000 0.1700 0.0000 2.1700 
2023 7 14 0 1.1590 85.4800 0.0000 0.0000 40.2418 757.0121 1.0067 0.0000 2.0000 0.0000 0.1264 0.0000 2.1264 
2023 7 15 0 1.3449 33.3300 0.0000 0.0000 40.1772 757.0089 1.0049 0.0000 2.0000 0.0000 0.0926 0.0000 2.0926 
2023 7 16 0 2.5586 17.8600 0.0000 0.0000 40.2157 757.0108 1.0060 0.0000 2.0000 0.0000 0.1127 0.0000 2.1127 
2023 7 17 0 3.6301 30.5600 0.0000 0.0000 40.3411 757.0171 1.0095 0.0000 2.0000 0.0000 0.1783 0.0000 2.1783 
2023 7 18 0 3.1053 64.7000 0.0000 0.0000 40.4178 757.0209 1.0116 0.0000 2.0000 0.0000 0.2183 0.0000 2.2183 
2023 7 19 0 2.3946 77.7600 0.0000 0.0000 40.4323 757.0216 1.0120 0.0000 2.0000 0.0000 0.2259 0.0000 2.2259 
2023 7 20 0 1.9681 64.6700 0.0000 0.0000 40.4110 757.0206 1.0114 0.0000 2.0000 0.0000 0.2148 0.0000 2.2148 
2023 7 21 0 1.6620 83.1300 0.0000 0.0000 40.3653 757.0183 1.0101 0.0000 2.0000 0.0000 0.1909 0.0000 2.1909 
2023 7 22 0 1.4542 75.6300 0.0000 0.0000 40.3044 757.0152 1.0085 0.0000 2.0000 0.0000 0.1591 0.0000 2.1591 
2023 7 23 0 1.4105 33.2000 0.0000 0.0000 40.2425 757.0121 1.0067 0.0000 2.0000 0.0000 0.1267 0.0000 2.1267 
2023 7 24 0 1.2465 69.9000 0.0000 0.0000 40.1698 757.0085 1.0047 0.0000 2.0000 0.0000 0.0887 0.0000 2.0887 
2023 7 25 0 1.0606 60.2500 0.0000 0.0000 40.0848 757.0042 1.0024 0.0000 2.0000 0.0000 0.0443 0.0000 2.0443 
2023 7 26 0 0.9622 69.5200 0.0000 0.0000 39.9951 756.9987 0.9999 0.0000 2.0000 0.0000 0.0000 0.0000 2.0000 
2023 7 27 0 0.8638 87.3400 0.0000 0.0000 39.8970 756.9733 0.9971 0.0000 2.0000 0.0000 0.0000 0.0000 2.0000 
2023 7 28 0 0.7872 86.7600 0.0000 0.0000 39.7922 756.9462 0.9942 0.0000 2.0000 0.0000 0.0000 0.0000 2.0000 
2023 7 29 0 0.7544 74.6100 0.0000 0.0000 39.6846 756.9183 0.9912 0.0000 2.0000 0.0000 0.0000 0.0000 2.0000 
2023 7 30 0 0.9294 39.5200 0.0000 0.0000 39.5921 756.8944 0.9887 0.0000 2.0000 0.0000 0.0000 0.0000 2.0000 
2023 7 31 0 2.0884 69.3300 0.0000 0.0000 39.5997 756.8964 0.9889 0.0000 2.0000 0.0000 0.0000 0.0000 2.0000 
2023 8 1 0 1.5854 73.8700 0.0000 0.0000 39.5639 756.8871 0.9879 0.0000 2.0000 0.0000 0.0000 0.0000 2.0000 
2023 8 2 0 1.0497 64.7500 0.0000 0.0000 39.4818 756.8658 0.9856 0.0000 2.0000 0.0000 0.0000 0.0000 2.0000 
2023 8 3 0 0.8091 43.5500 0.0000 0.0000 39.3789 756.8392 0.9827 0.0000 2.0000 0.0000 0.0000 0.0000 2.0000 
2023 8 4 0 0.6888 62.1300 0.0000 0.0000 39.2656 756.8099 0.9796 0.0000 2.0000 0.0000 0.0000 0.0000 2.0000 
2023 8 5 0 0.6560 76.9400 0.0000 0.0000 39.1495 756.7798 0.9764 0.0000 2.0000 0.0000 0.0000 0.0000 2.0000 
2023 8 6 0 0.5904 57.5500 0.0000 0.0000 39.0277 756.7483 0.9730 0.0000 2.0000 0.0000 0.0000 0.0000 2.0000 
2023 8 7 0 0.5248 16.8300 0.0000 0.0000 38.9002 756.7153 0.9695 0.0000 2.0000 0.0000 0.0000 0.0000 2.0000 
2023 8 8 0 1.1262 0.0400 0.0000 0.0000 38.8247 756.6958 0.9674 0.0000 2.0000 0.0000 0.0000 0.0000 2.0000 
2023 8 9 0 1.7057 14.7000 0.0000 0.0000 38.7993 756.6892 0.9666 0.0000 2.0000 0.0000 0.0000 0.0000 2.0000 
2023 8 10 0 1.6182 51.2900 0.0000 0.0000 38.7663 756.6806 0.9657 0.0000 2.0000 0.0000 0.0000 0.0000 2.0000 
2023 8 11 0 1.9572 72.3800 0.0000 0.0000 38.7626 756.6797 0.9656 0.0000 2.0000 0.0000 0.0000 0.0000 2.0000 
2023 8 12 0 1.4542 69.7000 0.0000 0.0000 38.7155 756.6675 0.9643 0.0000 2.0000 0.0000 0.0000 0.0000 2.0000 
2023 8 13 0 1.1153 63.1900 0.0000 0.0000 38.6390 756.6477 0.9622 0.0000 2.0000 0.0000 0.0000 0.0000 2.0000 
2023 8 14 0 0.9841 85.9500 0.0000 0.0000 38.5513 756.6250 0.9598 0.0000 2.0000 0.0000 0.0000 0.0000 2.0000 
2023 8 15 0 1.9353 82.7300 0.0000 0.0000 38.5457 756.6235 0.9596 0.0000 2.0000 0.0000 0.0000 0.0000 2.0000 
2023 8 16 0 2.3071 93.5300 0.0000 0.0000 38.5722 756.6304 0.9603 0.0000 2.0000 0.0000 0.0000 0.0000 2.0000 
2023 8 17 0 1.8916 92.9900 0.0000 0.0000 38.5628 756.6280 0.9601 0.0000 2.0000 0.0000 0.0000 0.0000 2.0000 
2023 8 18 0 1.5526 84.3900 0.0000 0.0000 38.5242 756.6179 0.9590 0.0000 2.0000 0.0000 0.0000 0.0000 2.0000 
2023 8 19 0 1.4214 48.8800 0.0000 0.0000 38.4742 756.6050 0.9576 0.0000 2.0000 0.0000 0.0000 0.0000 2.0000 
2023 8 20 0 2.3727 75.6000 0.0000 0.0000 38.5064 756.6133 0.9585 0.0000 2.0000 0.0000 0.0000 0.0000 2.0000 
2023 8 21 0 1.8369 88.4800 0.0000 0.0000 38.4923 756.6097 0.9581 0.0000 2.0000 0.0000 0.0000 0.0000 2.0000 
2023 8 22 0 1.4870 92.0800 0.0000 0.0000 38.4480 756.5982 0.9569 0.0000 2.0000 0.0000 0.0000 0.0000 2.0000 
2023 8 23 0 1.2683 99.5400 0.0000 0.0000 38.3848 756.5819 0.9551 0.0000 2.0000 0.0000 0.0000 0.0000 2.0000 
2023 8 24 0 1.0825 99.6900 0.0000 0.0000 38.3055 756.5613 0.9529 0.0000 2.0000 0.0000 0.0000 0.0000 2.0000 
2023 8 25 0 1.3886 93.1800 0.0000 0.0000 38.2527 756.5477 0.9515 0.0000 2.0000 0.0000 0.0000 0.0000 2.0000 
2023 8 26 0 2.1103 87.9600 0.0000 0.0000 38.2622 756.5501 0.9517 0.0000 2.0000 0.0000 0.0000 0.0000 2.0000 
2023 8 27 0 2.2196 89.4800 0.0000 0.0000 38.2812 756.5550 0.9523 0.0000 2.0000 0.0000 0.0000 0.0000 2.0000 
2023 8 28 0 1.7385 91.8000 0.0000 0.0000 38.2586 756.5492 0.9516 0.0000 2.0000 0.0000 0.0000 0.0000 2.0000 
2023 8 29 0 1.4214 95.0600 0.0000 0.0000 38.2086 756.5362 0.9502 0.0000 2.0000 0.0000 0.0000 0.0000 2.0000 
2023 8 30 0 1.2027 99.5900 0.0000 0.0000 38.1397 756.5184 0.9483 0.0000 2.0000 0.0000 0.0000 0.0000 2.0000 
2023 8 31 0 1.0715 97.2200 0.0000 0.0000 38.0595 756.4976 0.9461 0.0000 2.0000 0.0000 0.0000 0.0000 2.0000 
