POWERSTATION node 1 SVOLETJONN
init_Power = 0.00000
penstock_config = SHARED
headloss_coef = 0.300000
yyyy mm dd hh [m3/s]    [Euro/MWh]  [fr_g0] [m3/s] [m3/s] [m] [m] [MWh] [GWh/Mm3] [Euro] [Euro] [Euro] [Euro] [Euro] [Euro]
yyyy mm dd hh Up_Inflow Price Action_g0 tot_outflow auto_qmin Hnetto Hbrutto Power est_eekv income tot_cost startstopCost adjust_cost cost_aggressive_actions profit
2022 9 1 0 2.0000 564.8800 0.5000 2.0000 0.0000 62.9861 64.1861 24.2193 0.1402  13680.9709 1.0000 1.0000 0.0000 0.0000 13679.9709
2022 9 2 0 2.0000 425.8500 0.5000 2.0000 0.0000 62.9494 64.1494 24.2052 0.1401  10307.7649 0.0000 0.0000 0.0000 0.0000 10307.7649
2022 9 3 0 2.0000 383.9200 0.5000 2.0000 0.0000 62.9119 64.1119 24.1907 0.1400  9287.3043 0.0000 0.0000 0.0000 0.0000 9287.3043
2022 9 4 0 2.0000 310.1000 0.5000 2.0000 0.0000 62.8745 64.0745 24.1763 0.1399  7497.0854 0.0000 0.0000 0.0000 0.0000 7497.0854
2022 9 5 0 2.0000 388.8400 0.5000 2.0000 0.0000 62.8383 64.0383 24.1624 0.1398  9395.3222 0.0000 0.0000 0.0000 0.0000 9395.3222
2022 9 6 0 2.0000 414.3500 0.5000 2.0000 0.0000 62.8038 64.0038 24.1492 0.1398  10006.2155 0.0000 0.0000 0.0000 0.0000 10006.2155
2022 9 7 0 2.0000 451.5300 0.5000 2.0000 0.0000 62.7705 63.9705 24.1364 0.1397  10898.2898 0.0000 0.0000 0.0000 0.0000 10898.2898
2022 9 8 0 2.0000 426.5600 0.5000 2.0000 0.0000 62.7366 63.9366 24.1233 0.1396  10290.0527 0.0000 0.0000 0.0000 0.0000 10290.0527
2022 9 9 0 2.0000 352.9300 0.5000 2.0000 0.0000 62.7017 63.9017 24.1099 0.1395  8509.1077 0.0000 0.0000 0.0000 0.0000 8509.1077
2022 9 10 0 2.0000 410.9400 0.5000 2.0000 0.0000 62.6665 63.8665 24.0964 0.1394  9902.1620 0.0000 0.0000 0.0000 0.0000 9902.1620
2022 9 11 0 2.0000 400.0100 0.5000 2.0000 0.0000 62.6325 63.8325 24.0833 0.1394  9633.5634 0.0000 0.0000 0.0000 0.0000 9633.5634
2022 9 12 0 2.0000 407.9500 0.5000 2.0000 0.0000 62.6022 63.8022 24.0717 0.1393  9820.0312 0.0000 0.0000 0.0000 0.0000 9820.0312
2022 9 13 0 2.0000 382.5800 0.5000 2.0000 0.0000 62.5893 63.7893 24.0667 0.1393  9207.4290 0.0000 0.0000 0.0000 0.0000 9207.4290
2022 9 14 0 2.0000 425.5000 0.5000 2.0000 0.0000 62.5843 63.7843 24.0648 0.1393  10239.5542 0.0000 0.0000 0.0000 0.0000 10239.5542
2022 9 15 0 2.0000 355.8200 0.5000 2.0000 0.0000 62.5697 63.7697 24.0592 0.1392  8560.7341 0.0000 0.0000 0.0000 0.0000 8560.7341
2022 9 16 0 2.0000 329.3900 0.5000 2.0000 0.0000 62.5499 63.7499 24.0516 0.1392  7922.3440 0.0000 0.0000 0.0000 0.0000 7922.3440
2022 9 17 0 2.0000 246.9600 0.5000 2.0000 0.0000 62.5258 63.7258 24.0423 0.1391  5937.4765 0.0000 0.0000 0.0000 0.0000 5937.4765
2022 9 18 0 2.0000 117.5900 0.5000 2.0000 0.0000 62.4978 63.6978 24.0315 0.1391  2825.8640 0.0000 0.0000 0.0000 0.0000 2825.8640
2022 9 19 0 2.0000 288.3300 0.5000 2.0000 0.0000 62.4667 63.6667 24.0196 0.1390  6925.5609 0.0000 0.0000 0.0000 0.0000 6925.5609
2022 9 20 0 2.0000 380.8200 0.5000 2.0000 0.0000 62.4337 63.6337 24.0069 0.1389  9142.2995 0.0000 0.0000 0.0000 0.0000 9142.2995
2022 9 21 0 2.0000 388.8300 0.5000 2.0000 0.0000 62.3995 63.5995 23.9937 0.1389  9329.4781 0.0000 0.0000 0.0000 0.0000 9329.4781
2022 9 22 0 2.0000 378.9000 0.5000 2.0000 0.0000 62.3646 63.5646 23.9803 0.1388  9086.1284 0.0000 0.0000 0.0000 0.0000 9086.1284
2022 9 23 0 2.0000 359.9800 0.5000 2.0000 0.0000 62.3294 63.5294 23.9667 0.1387  8627.5502 0.0000 0.0000 0.0000 0.0000 8627.5502
2022 9 24 0 2.0000 350.7100 0.5000 2.0000 0.0000 62.2944 63.4944 23.9533 0.1386  8400.6646 0.0000 0.0000 0.0000 0.0000 8400.6646
2022 9 25 0 2.0000 299.0800 0.5000 2.0000 0.0000 62.2801 63.4801 23.9478 0.1386  7162.3123 0.0000 0.0000 0.0000 0.0000 7162.3123
2022 9 26 0 2.0000 259.4000 0.5000 2.0000 0.0000 62.3025 63.5025 23.9564 0.1386  6214.2972 0.0000 0.0000 0.0000 0.0000 6214.2972
2022 9 27 0 2.0000 306.8900 0.5000 2.0000 0.0000 62.3515 63.5515 23.9752 0.1387  7357.7627 0.0000 0.0000 0.0000 0.0000 7357.7627
2022 9 28 0 2.0000 308.5200 0.5000 2.0000 0.0000 62.4298 63.6298 24.0053 0.1389  7406.1282 0.0000 0.0000 0.0000 0.0000 7406.1282
2022 9 29 0 2.0000 347.1000 0.5000 2.0000 0.0000 62.5035 63.7035 24.0337 0.1391  8342.0986 0.0000 0.0000 0.0000 0.0000 8342.0986
2022 9 30 0 2.0000 278.9700 0.5000 2.0000 0.0000 62.5419 63.7419 24.0485 0.1392  6708.8032 0.0000 0.0000 0.0000 0.0000 6708.8032
2022 10 1 0 2.0000 90.2400 0.5000 2.0000 0.0000 62.6004 63.8004 24.0710 0.1393  2172.1632 0.0000 0.0000 0.0000 0.0000 2172.1632
2022 10 2 0 2.0000 182.7200 0.5000 2.0000 0.0000 62.7039 63.9039 24.1107 0.1395  4405.5152 0.0000 0.0000 0.0000 0.0000 4405.5152
2022 10 3 0 2.0000 234.6000 0.5000 2.0000 0.0000 62.8108 64.0108 24.1518 0.1398  5666.0233 0.0000 0.0000 0.0000 0.0000 5666.0233
2022 10 4 0 2.0000 199.0100 0.5000 2.0000 0.0000 62.9063 64.1063 24.1886 0.1400  4813.7684 0.0000 0.0000 0.0000 0.0000 4813.7684
2022 10 5 0 2.0000 51.1100 0.5000 2.0000 0.0000 63.0717 64.2717 24.2522 0.1403  1239.5300 0.0000 0.0000 0.0000 0.0000 1239.5300
2022 10 6 0 2.0000 23.8700 0.5000 2.0000 0.0000 63.3747 64.5747 24.3687 0.1410  581.6803 0.0000 0.0000 0.0000 0.0000 581.6803
2022 10 7 0 2.0000 30.2900 0.5000 2.0000 0.0000 63.6201 64.8201 24.4630 0.1416  740.9858 0.0000 0.0000 0.0000 0.0000 740.9858
2022 10 8 0 2.0000 53.3800 0.5000 2.0000 0.0000 63.7294 64.9294 24.5051 0.1418  1308.0818 0.0000 0.0000 0.0000 0.0000 1308.0818
2022 10 9 0 2.0000 91.9400 0.5000 2.0000 0.0000 63.8111 65.0111 24.5365 0.1420  2255.8866 0.0000 0.0000 0.0000 0.0000 2255.8866
2022 10 10 0 2.0000 137.7100 0.5000 2.0000 0.0000 63.8702 65.0702 24.5592 0.1421  3382.0512 0.0000 0.0000 0.0000 0.0000 3382.0512
2022 10 11 0 2.0000 174.3200 0.5000 2.0000 0.0000 63.9193 65.1193 24.5781 0.1422  4284.4526 0.0000 0.0000 0.0000 0.0000 4284.4526
2022 10 12 0 2.0000 199.9900 0.5000 2.0000 0.0000 63.9595 65.1595 24.5936 0.1423  4918.4673 0.0000 0.0000 0.0000 0.0000 4918.4673
2022 10 13 0 2.0000 233.6000 0.5000 2.0000 0.0000 63.9889 65.1889 24.6049 0.1424  5747.6950 0.0000 0.0000 0.0000 0.0000 5747.6950
2022 10 14 0 2.0000 217.2400 0.5000 2.0000 0.0000 64.0092 65.2092 24.6127 0.1424  5346.8568 0.0000 0.0000 0.0000 0.0000 5346.8568
2022 10 15 0 2.0000 154.6600 0.5000 2.0000 0.0000 64.0413 65.2413 24.6250 0.1425  3808.5023 0.0000 0.0000 0.0000 0.0000 3808.5023
2022 10 16 0 2.0000 113.2100 0.5000 2.0000 0.0000 64.0973 65.2973 24.6465 0.1426  2790.2348 0.0000 0.0000 0.0000 0.0000 2790.2348
2022 10 17 0 2.0000 146.2200 0.5000 2.0000 0.0000 64.1576 65.3576 24.6697 0.1428  3607.2078 0.0000 0.0000 0.0000 0.0000 3607.2078
2022 10 18 0 2.0000 163.8200 0.5000 2.0000 0.0000 64.2114 65.4114 24.6904 0.1429  4044.7856 0.0000 0.0000 0.0000 0.0000 4044.7856
2022 10 19 0 2.0000 159.7000 0.5000 2.0000 0.0000 64.2556 65.4556 24.7074 0.1430  3945.7728 0.0000 0.0000 0.0000 0.0000 3945.7728
2022 10 20 0 2.0000 142.1100 0.5000 2.0000 0.0000 64.2858 65.4858 24.7190 0.1430  3512.8212 0.0000 0.0000 0.0000 0.0000 3512.8212
2022 10 21 0 2.0000 157.4800 0.5000 2.0000 0.0000 64.3040 65.5040 24.7260 0.1431  3893.8570 0.0000 0.0000 0.0000 0.0000 3893.8570
2022 10 22 0 2.0000 142.0700 0.5000 2.0000 0.0000 64.3163 65.5163 24.7308 0.1431  3513.4981 0.0000 0.0000 0.0000 0.0000 3513.4981
2022 10 23 0 2.0000 99.6700 0.5000 2.0000 0.0000 64.3595 65.5595 24.7474 0.1432  2466.5691 0.0000 0.0000 0.0000 0.0000 2466.5691
2022 10 24 0 2.0000 85.2000 0.5000 2.0000 0.0000 64.4555 65.6555 24.7843 0.1434  2111.6202 0.0000 0.0000 0.0000 0.0000 2111.6202
2022 10 25 0 2.0000 110.5100 0.5000 2.0000 0.0000 64.5497 65.7497 24.8205 0.1436  2742.9122 0.0000 0.0000 0.0000 0.0000 2742.9122
2022 10 26 0 2.0000 121.4900 0.5000 2.0000 0.0000 64.7069 65.9069 24.8810 0.1440  3022.7880 0.0000 0.0000 0.0000 0.0000 3022.7880
2022 10 27 0 2.0000 117.6600 0.5000 2.0000 0.0000 64.8876 66.0876 24.9504 0.1444  2935.6661 0.0000 0.0000 0.0000 0.0000 2935.6661
2022 10 28 0 2.0000 103.2200 0.5000 2.0000 0.0000 64.9852 66.1852 24.9879 0.1446  2579.2558 0.0000 0.0000 0.0000 0.0000 2579.2558
2022 10 29 0 2.0000 101.6200 0.5000 2.0000 0.0000 65.0737 66.2737 25.0220 0.1448  2542.7352 0.0000 0.0000 0.0000 0.0000 2542.7352
2022 10 30 0 2.0000 117.9300 0.5000 2.0000 0.0000 65.1679 66.3679 25.0582 0.1450  2955.1144 0.0000 0.0000 0.0000 0.0000 2955.1144
2022 10 31 0 2.0000 144.1300 0.5000 2.0000 0.0000 65.2306 66.4306 25.0823 0.1452  3615.1173 0.0000 0.0000 0.0000 0.0000 3615.1173
2022 11 1 0 2.0000 72.4900 0.5000 2.0000 0.0000 65.2683 66.4683 25.0968 0.1452  1819.2689 0.0000 0.0000 0.0000 0.0000 1819.2689
2022 11 2 0 2.0000 71.1700 0.5000 2.0000 0.0000 65.3312 66.5312 25.1210 0.1454  1787.8616 0.0000 0.0000 0.0000 0.0000 1787.8616
2022 11 3 0 2.0000 86.5000 0.5000 2.0000 0.0000 65.4849 66.6849 25.1801 0.1457  2178.0797 0.0000 0.0000 0.0000 0.0000 2178.0797
2022 11 4 0 2.0000 72.6700 0.5000 2.0000 0.0000 65.6937 66.8937 25.2604 0.1462  1835.6719 0.0000 0.0000 0.0000 0.0000 1835.6719
2022 11 5 0 2.0000 47.6500 0.5000 2.0000 0.0000 65.7964 66.9964 25.2999 0.1464  1205.5387 0.0000 0.0000 0.0000 0.0000 1205.5387
2022 11 6 0 2.0000 35.7500 0.5000 2.0000 0.0000 65.8000 67.0000 25.3013 0.1464  904.5202 0.0000 0.0000 0.0000 0.0000 904.5202
2022 11 7 0 2.0000 43.8300 0.5000 2.0000 0.0000 65.8000 67.0000 25.3013 0.1464  1108.9544 0.0000 0.0000 0.0000 0.0000 1108.9544
2022 11 8 0 2.0000 51.0900 0.5000 2.0000 0.0000 65.8000 67.0000 25.3013 0.1464  1292.6415 0.0000 0.0000 0.0000 0.0000 1292.6415
2022 11 9 0 2.0000 42.5700 0.5000 2.0000 0.0000 65.8000 67.0000 25.3013 0.1464  1077.0748 0.0000 0.0000 0.0000 0.0000 1077.0748
2022 11 10 0 2.0000 27.4000 0.5000 2.0000 0.0000 65.8000 67.0000 25.3013 0.1464  693.2546 0.0000 0.0000 0.0000 0.0000 693.2546
2022 11 11 0 2.0000 2.0000 0.5000 2.0000 0.0000 65.8000 67.0000 25.3013 0.1464  50.6025 0.0000 0.0000 0.0000 0.0000 50.6025
2022 11 12 0 2.0000 2.3700 0.5000 2.0000 0.0000 65.8000 67.0000 25.3013 0.1464  59.9640 0.0000 0.0000 0.0000 0.0000 59.9640
2022 11 13 0 2.0000 29.9300 0.5000 2.0000 0.0000 65.8000 67.0000 25.3013 0.1464  757.2668 0.0000 0.0000 0.0000 0.0000 757.2668
2022 11 14 0 2.0000 53.6800 0.5000 2.0000 0.0000 65.8000 67.0000 25.3013 0.1464  1358.1718 0.0000 0.0000 0.0000 0.0000 1358.1718
2022 11 15 0 2.0000 53.7500 0.5000 2.0000 0.0000 65.8000 67.0000 25.3013 0.1464  1359.9429 0.0000 0.0000 0.0000 0.0000 1359.9429
2022 11 16 0 2.0000 27.6900 0.5000 2.0000 0.0000 65.8000 67.0000 25.3013 0.1464  700.5920 0.0000 0.0000 0.0000 0.0000 700.5920
2022 11 17 0 2.0000 48.9100 0.5000 2.0000 0.0000 65.8000 67.0000 25.3013 0.1464  1237.4848 0.0000 0.0000 0.0000 0.0000 1237.4848
2022 11 18 0 2.0000 113.7000 0.5000 2.0000 0.0000 65.8000 67.0000 25.3013 0.1464  2876.7535 0.0000 0.0000 0.0000 0.0000 2876.7535
2022 11 19 0 2.0000 167.1000 0.5000 2.0000 0.0000 65.8000 67.0000 25.3013 0.1464  4227.8412 0.0000 0.0000 0.0000 0.0000 4227.8412
2022 11 20 0 2.0000 162.8400 0.5000 2.0000 0.0000 65.8000 67.0000 25.3013 0.1464  4120.0576 0.0000 0.0000 0.0000 0.0000 4120.0576
2022 11 21 0 2.0000 209.5500 0.5000 2.0000 0.0000 65.8000 67.0000 25.3013 0.1464  5301.8798 0.0000 0.0000 0.0000 0.0000 5301.8798
2022 11 22 0 2.0000 174.4300 0.5000 2.0000 0.0000 65.8000 67.0000 25.3013 0.1464  4413.2991 0.0000 0.0000 0.0000 0.0000 4413.2991
2022 11 23 0 2.0000 149.8400 0.5000 2.0000 0.0000 65.8000 67.0000 25.3013 0.1464  3791.1412 0.0000 0.0000 0.0000 0.0000 3791.1412
2022 11 24 0 2.0000 172.1800 0.5000 2.0000 0.0000 65.8000 67.0000 25.3013 0.1464  4356.3713 0.0000 0.0000 0.0000 0.0000 4356.3713
2022 11 25 0 2.0000 200.3300 0.5000 2.0000 0.0000 65.8000 67.0000 25.3013 0.1464  5068.6021 0.0000 0.0000 0.0000 0.0000 5068.6021
2022 11 26 0 2.0000 196.0200 0.5000 2.0000 0.0000 65.8000 67.0000 25.3013 0.1464  4959.5537 0.0000 0.0000 0.0000 0.0000 4959.5537
2022 11 27 0 2.0000 146.0400 0.5000 2.0000 0.0000 65.8000 67.0000 25.3013 0.1464  3694.9963 0.0000 0.0000 0.0000 0.0000 3694.9963
2022 11 28 0 2.0000 195.3000 0.5000 2.0000 0.0000 65.8000 67.0000 25.3013 0.1464  4941.3368 0.0000 0.0000 0.0000 0.0000 4941.3368
2022 11 29 0 2.0000 362.5600 0.5000 2.0000 0.0000 65.8000 67.0000 25.3013 0.1464  9173.2259 0.0000 0.0000 0.0000 0.0000 9173.2259
2022 11 30 0 2.0000 364.6000 0.5000 2.0000 0.0000 65.8000 67.0000 25.3013 0.1464  9224.8407 0.0000 0.0000 0.0000 0.0000 9224.8407
2022 12 1 0 2.0000 349.6500 0.5000 2.0000 0.0000 65.8000 67.0000 25.3013 0.1464  8846.5865 0.0000 0.0000 0.0000 0.0000 8846.5865
2022 12 2 0 2.0000 324.9900 0.5000 2.0000 0.0000 65.8000 67.0000 25.3013 0.1464  8222.6573 0.0000 0.0000 0.0000 0.0000 8222.6573
2022 12 3 0 2.0000 268.8200 0.5000 2.0000 0.0000 65.8000 67.0000 25.3013 0.1464  6801.4857 0.0000 0.0000 0.0000 0.0000 6801.4857
2022 12 4 0 2.0000 271.5000 0.5000 2.0000 0.0000 65.8000 67.0000 25.3013 0.1464  6869.2929 0.0000 0.0000 0.0000 0.0000 6869.2929
2022 12 5 0 2.0000 290.7800 0.5000 2.0000 0.0000 65.8000 67.0000 25.3013 0.1464  7357.1013 0.0000 0.0000 0.0000 0.0000 7357.1013
2022 12 6 0 2.0000 346.8000 0.5000 2.0000 0.0000 65.8000 67.0000 25.3013 0.1464  8774.4777 0.0000 0.0000 0.0000 0.0000 8774.4777
2022 12 7 0 2.0000 334.1100 0.5000 2.0000 0.0000 65.8000 67.0000 25.3013 0.1464  8453.4047 0.0000 0.0000 0.0000 0.0000 8453.4047
2022 12 8 0 2.0000 399.0300 0.5000 2.0000 0.0000 65.8000 67.0000 25.3013 0.1464  10095.9630 0.0000 0.0000 0.0000 0.0000 10095.9630
2022 12 9 0 2.0000 418.6900 0.5000 2.0000 0.0000 65.8000 67.0000 25.3013 0.1464  10593.3859 0.0000 0.0000 0.0000 0.0000 10593.3859
2022 12 10 0 2.0000 362.9800 0.5000 2.0000 0.0000 65.8000 67.0000 25.3013 0.1464  9183.8528 0.0000 0.0000 0.0000 0.0000 9183.8528
2022 12 11 0 2.0000 338.6100 0.5000 2.0000 0.0000 65.8000 67.0000 25.3013 0.1464  8567.2603 0.0000 0.0000 0.0000 0.0000 8567.2603
2022 12 12 0 2.0000 446.1100 0.5000 2.0000 0.0000 65.8000 67.0000 25.3013 0.1464  11287.1461 0.0000 0.0000 0.0000 0.0000 11287.1461
2022 12 13 0 2.0000 458.6300 0.5000 2.0000 0.0000 65.8000 67.0000 25.3013 0.1464  11603.9184 0.0000 0.0000 0.0000 0.0000 11603.9184
2022 12 14 0 2.0000 451.4100 0.5000 2.0000 0.0000 65.8000 67.0000 25.3013 0.1464  11421.2433 0.0000 0.0000 0.0000 0.0000 11421.2433
2022 12 15 0 2.0000 396.6100 0.5000 2.0000 0.0000 65.8000 67.0000 25.3013 0.1464  10034.7336 0.0000 0.0000 0.0000 0.0000 10034.7336
2022 12 16 0 2.0000 413.8400 0.5000 2.0000 0.0000 65.8000 67.0000 25.3013 0.1464  10470.6746 0.0000 0.0000 0.0000 0.0000 10470.6746
2022 12 17 0 2.0000 254.6500 0.5000 2.0000 0.0000 65.8000 67.0000 25.3013 0.1464  6442.9665 0.0000 0.0000 0.0000 0.0000 6442.9665
2022 12 18 0 2.0000 206.4000 0.5000 2.0000 0.0000 65.8000 67.0000 25.3013 0.1464  5222.1806 0.0000 0.0000 0.0000 0.0000 5222.1806
2022 12 19 0 2.0000 211.4800 0.5000 2.0000 0.0000 65.8000 67.0000 25.3013 0.1464  5350.7110 0.0000 0.0000 0.0000 0.0000 5350.7110
2022 12 20 0 2.0000 205.2500 0.5000 2.0000 0.0000 65.8000 67.0000 25.3013 0.1464  5193.0843 0.0000 0.0000 0.0000 0.0000 5193.0843
2022 12 21 0 2.0000 223.3000 0.5000 2.0000 0.0000 65.8000 67.0000 25.3013 0.1464  5649.7721 0.0000 0.0000 0.0000 0.0000 5649.7721
2022 12 22 0 2.0000 201.9700 0.5000 2.0000 0.0000 65.8000 67.0000 25.3013 0.1464  5110.0961 0.0000 0.0000 0.0000 0.0000 5110.0961
2022 12 23 0 2.0000 193.2900 0.5000 2.0000 0.0000 65.8000 67.0000 25.3013 0.1464  4890.4810 0.0000 0.0000 0.0000 0.0000 4890.4810
2022 12 24 0 2.0000 142.3700 0.5000 2.0000 0.0000 65.8000 67.0000 25.3013 0.1464  3602.1407 0.0000 0.0000 0.0000 0.0000 3602.1407
2022 12 25 0 2.0000 129.4400 0.5000 2.0000 0.0000 65.8000 67.0000 25.3013 0.1464  3274.9956 0.0000 0.0000 0.0000 0.0000 3274.9956
2022 12 26 0 2.0000 111.7200 0.5000 2.0000 0.0000 65.8000 67.0000 25.3013 0.1464  2826.6571 0.0000 0.0000 0.0000 0.0000 2826.6571
2022 12 27 0 2.0000 141.3500 0.5000 2.0000 0.0000 65.8000 67.0000 25.3013 0.1464  3576.3337 0.0000 0.0000 0.0000 0.0000 3576.3337
2022 12 28 0 2.0000 122.1300 0.5000 2.0000 0.0000 65.8000 67.0000 25.3013 0.1464  3090.0432 0.0000 0.0000 0.0000 0.0000 3090.0432
2022 12 29 0 2.0000 96.2800 0.5000 2.0000 0.0000 65.8000 67.0000 25.3013 0.1464  2436.0056 0.0000 0.0000 0.0000 0.0000 2436.0056
2022 12 30 0 2.0000 100.4100 0.5000 2.0000 0.0000 65.8000 67.0000 25.3013 0.1464  2540.4999 0.0000 0.0000 0.0000 0.0000 2540.4999
2022 12 31 0 2.0000 116.2200 0.5000 2.0000 0.0000 65.8000 67.0000 25.3013 0.1464  2940.5128 0.0000 0.0000 0.0000 0.0000 2940.5128
2023 1 1 0 2.0000 112.5700 0.5000 2.0000 0.0000 65.8000 67.0000 25.3013 0.1464  2848.1632 0.0000 0.0000 0.0000 0.0000 2848.1632
2023 1 2 0 2.0000 149.2600 0.5000 2.0000 0.0000 65.8000 67.0000 25.3013 0.1464  3776.4664 0.0000 0.0000 0.0000 0.0000 3776.4664
2023 1 3 0 2.0000 154.5400 0.5000 2.0000 0.0000 65.8000 67.0000 25.3013 0.1464  3910.0570 0.0000 0.0000 0.0000 0.0000 3910.0570
2023 1 4 0 2.0000 114.6400 0.5000 2.0000 0.0000 65.8000 67.0000 25.3013 0.1464  2900.5368 0.0000 0.0000 0.0000 0.0000 2900.5368
2023 1 5 0 2.0000 144.1600 0.5000 2.0000 0.0000 65.8000 67.0000 25.3013 0.1464  3647.4302 0.0000 0.0000 0.0000 0.0000 3647.4302
2023 1 6 0 2.0000 126.0400 0.5000 2.0000 0.0000 65.8000 67.0000 25.3013 0.1464  3188.9712 0.0000 0.0000 0.0000 0.0000 3188.9712
2023 1 7 0 2.0000 102.5400 0.5000 2.0000 0.0000 65.8000 67.0000 25.3013 0.1464  2594.3915 0.0000 0.0000 0.0000 0.0000 2594.3915
2023 1 8 0 2.0000 75.8000 0.5000 2.0000 0.0000 65.8000 67.0000 25.3013 0.1464  1917.8358 0.0000 0.0000 0.0000 0.0000 1917.8358
2023 1 9 0 2.0000 133.2800 0.5000 2.0000 0.0000 65.8000 67.0000 25.3013 0.1464  3372.1523 0.0000 0.0000 0.0000 0.0000 3372.1523
2023 1 10 0 2.0000 130.4400 0.5000 2.0000 0.0000 65.8000 67.0000 25.3013 0.1464  3300.2968 0.0000 0.0000 0.0000 0.0000 3300.2968
2023 1 11 0 2.0000 96.6800 0.5000 2.0000 0.0000 65.8000 67.0000 25.3013 0.1464  2446.1261 0.0000 0.0000 0.0000 0.0000 2446.1261
2023 1 12 0 2.0000 89.9500 0.5000 2.0000 0.0000 65.8000 67.0000 25.3013 0.1464  2275.8485 0.0000 0.0000 0.0000 0.0000 2275.8485
2023 1 13 0 2.0000 82.8000 0.5000 2.0000 0.0000 65.8000 67.0000 25.3013 0.1464  2094.9447 0.0000 0.0000 0.0000 0.0000 2094.9447
2023 1 14 0 2.0000 94.7100 0.5000 2.0000 0.0000 65.8000 67.0000 25.3013 0.1464  2396.2826 0.0000 0.0000 0.0000 0.0000 2396.2826
2023 1 15 0 2.0000 70.7800 0.5000 2.0000 0.0000 65.8000 67.0000 25.3013 0.1464  1790.8234 0.0000 0.0000 0.0000 0.0000 1790.8234
2023 1 16 0 2.0000 139.7600 0.5000 2.0000 0.0000 65.8000 67.0000 25.3013 0.1464  3536.1044 0.0000 0.0000 0.0000 0.0000 3536.1044
2023 1 17 0 2.0000 134.1900 0.5000 2.0000 0.0000 65.8000 67.0000 25.3013 0.1464  3395.1766 0.0000 0.0000 0.0000 0.0000 3395.1766
2023 1 18 0 2.0000 138.3800 0.5000 2.0000 0.0000 65.8000 67.0000 25.3013 0.1464  3501.1889 0.0000 0.0000 0.0000 0.0000 3501.1889
2023 1 19 0 2.0000 148.5600 0.5000 2.0000 0.0000 65.8000 67.0000 25.3013 0.1464  3758.7556 0.0000 0.0000 0.0000 0.0000 3758.7556
2023 1 20 0 2.0000 162.5000 0.5000 2.0000 0.0000 65.8000 67.0000 25.3013 0.1464  4111.4553 0.0000 0.0000 0.0000 0.0000 4111.4553
2023 1 21 0 2.0000 150.1900 0.5000 2.0000 0.0000 65.8000 67.0000 25.3013 0.1464  3799.9968 0.0000 0.0000 0.0000 0.0000 3799.9968
2023 1 22 0 2.0000 151.8000 0.5000 2.0000 0.0000 65.8000 67.0000 25.3013 0.1464  3840.7318 0.0000 0.0000 0.0000 0.0000 3840.7318
2023 1 23 0 2.0000 197.7300 0.5000 2.0000 0.0000 65.8000 67.0000 25.3013 0.1464  5002.8186 0.0000 0.0000 0.0000 0.0000 5002.8186
2023 1 24 0 2.0000 184.5400 0.5000 2.0000 0.0000 65.8000 67.0000 25.3013 0.1464  4669.0949 0.0000 0.0000 0.0000 0.0000 4669.0949
2023 1 25 0 2.0000 137.5700 0.5000 2.0000 0.0000 65.8000 67.0000 25.3013 0.1464  3480.6950 0.0000 0.0000 0.0000 0.0000 3480.6950
2023 1 26 0 2.0000 132.3800 0.5000 2.0000 0.0000 65.8000 67.0000 25.3013 0.1464  3349.3813 0.0000 0.0000 0.0000 0.0000 3349.3813
2023 1 27 0 2.0000 154.0500 0.5000 2.0000 0.0000 65.8000 67.0000 25.3013 0.1464  3897.6597 0.0000 0.0000 0.0000 0.0000 3897.6597
2023 1 28 0 2.0000 116.8100 0.5000 2.0000 0.0000 65.8000 67.0000 25.3013 0.1464  2955.4405 0.0000 0.0000 0.0000 0.0000 2955.4405
2023 1 29 0 2.0000 102.3700 0.5000 2.0000 0.0000 65.8000 67.0000 25.3013 0.1464  2590.0904 0.0000 0.0000 0.0000 0.0000 2590.0904
2023 1 30 0 2.0000 90.0000 0.5000 2.0000 0.0000 65.7979 66.9979 25.3004 0.1464  2277.0404 0.0000 0.0000 0.0000 0.0000 2277.0404
2023 1 31 0 2.0000 105.1200 0.5000 2.0000 0.0000 65.7878 66.9878 25.2966 0.1464  2659.1768 0.0000 0.0000 0.0000 0.0000 2659.1768
2023 2 1 0 2.0000 103.8300 0.5000 2.0000 0.0000 65.7710 66.9710 25.2901 0.1464  2625.8713 0.0000 0.0000 0.0000 0.0000 2625.8713
2023 2 2 0 2.0000 145.2800 0.5000 2.0000 0.0000 65.7551 66.9551 25.2840 0.1463  3673.2591 0.0000 0.0000 0.0000 0.0000 3673.2591
2023 2 3 0 2.0000 113.1000 0.5000 2.0000 0.0000 65.7391 66.9391 25.2778 0.1463  2858.9243 0.0000 0.0000 0.0000 0.0000 2858.9243
2023 2 4 0 2.0000 138.8200 0.5000 2.0000 0.0000 65.7189 66.9189 25.2701 0.1462  3507.9948 0.0000 0.0000 0.0000 0.0000 3507.9948
2023 2 5 0 2.0000 122.8300 0.5000 2.0000 0.0000 65.6960 66.8960 25.2613 0.1462  3102.8411 0.0000 0.0000 0.0000 0.0000 3102.8411
2023 2 6 0 2.0000 161.3800 0.5000 2.0000 0.0000 65.6715 66.8715 25.2519 0.1461  4075.1466 0.0000 0.0000 0.0000 0.0000 4075.1466
2023 2 7 0 2.0000 132.4500 0.5000 2.0000 0.0000 65.6456 66.8456 25.2419 0.1461  3343.2906 0.0000 0.0000 0.0000 0.0000 3343.2906
2023 2 8 0 2.0000 120.3300 0.5000 2.0000 0.0000 65.6186 66.8186 25.2315 0.1460  3036.1094 0.0000 0.0000 0.0000 0.0000 3036.1094
2023 2 9 0 2.0000 98.3400 0.5000 2.0000 0.0000 65.5925 66.7925 25.2215 0.1460  2480.2793 0.0000 0.0000 0.0000 0.0000 2480.2793
2023 2 10 0 2.0000 97.5400 0.5000 2.0000 0.0000 65.5682 66.7682 25.2121 0.1459  2459.1904 0.0000 0.0000 0.0000 0.0000 2459.1904
2023 2 11 0 2.0000 94.6300 0.5000 2.0000 0.0000 65.5452 66.7452 25.2033 0.1459  2384.9873 0.0000 0.0000 0.0000 0.0000 2384.9873
2023 2 12 0 2.0000 111.6200 0.5000 2.0000 0.0000 65.5236 66.7236 25.1950 0.1458  2812.2633 0.0000 0.0000 0.0000 0.0000 2812.2633
2023 2 13 0 2.0000 115.7800 0.5000 2.0000 0.0000 65.5026 66.7026 25.1869 0.1458  2916.1389 0.0000 0.0000 0.0000 0.0000 2916.1389
2023 2 14 0 2.0000 140.8300 0.5000 2.0000 0.0000 65.4814 66.6814 25.1788 0.1457  3545.9263 0.0000 0.0000 0.0000 0.0000 3545.9263
2023 2 15 0 2.0000 122.5300 0.5000 2.0000 0.0000 65.4585 66.6585 25.1699 0.1457  3084.0726 0.0000 0.0000 0.0000 0.0000 3084.0726
2023 2 16 0 2.0000 120.9800 0.5000 2.0000 0.0000 65.4331 66.6331 25.1602 0.1456  3043.8771 0.0000 0.0000 0.0000 0.0000 3043.8771
2023 2 17 0 2.0000 92.1200 0.5000 2.0000 0.0000 65.4085 66.6085 25.1507 0.1455  2316.8848 0.0000 0.0000 0.0000 0.0000 2316.8848
2023 2 18 0 2.0000 97.8800 0.5000 2.0000 0.0000 65.3865 66.5865 25.1423 0.1455  2460.9252 0.0000 0.0000 0.0000 0.0000 2460.9252
2023 2 19 0 2.0000 107.6300 0.5000 2.0000 0.0000 65.3662 66.5662 25.1345 0.1455  2705.2231 0.0000 0.0000 0.0000 0.0000 2705.2231
2023 2 20 0 2.0000 77.5600 0.5000 2.0000 0.0000 65.3475 66.5475 25.1273 0.1454  1948.8722 0.0000 0.0000 0.0000 0.0000 1948.8722
2023 2 21 0 2.0000 106.7100 0.5000 2.0000 0.0000 65.3304 66.5304 25.1207 0.1454  2680.6311 0.0000 0.0000 0.0000 0.0000 2680.6311
2023 2 22 0 2.0000 118.3800 0.5000 2.0000 0.0000 65.3125 66.5125 25.1138 0.1453  2972.9724 0.0000 0.0000 0.0000 0.0000 2972.9724
2023 2 23 0 2.0000 116.1600 0.5000 2.0000 0.0000 65.2938 66.4938 25.1066 0.1453  2916.3852 0.0000 0.0000 0.0000 0.0000 2916.3852
2023 2 24 0 2.0000 103.8000 0.5000 2.0000 0.0000 65.2767 66.4767 25.1000 0.1453  2605.3849 0.0000 0.0000 0.0000 0.0000 2605.3849
2023 2 25 0 2.0000 97.6000 0.5000 2.0000 0.0000 65.2635 66.4635 25.0950 0.1452  2449.2697 0.0000 0.0000 0.0000 0.0000 2449.2697
2023 2 26 0 2.0000 111.9200 0.5000 2.0000 0.0000 65.2608 66.4608 25.0940 0.1452  2808.5149 0.0000 0.0000 0.0000 0.0000 2808.5149
2023 2 27 0 2.0000 124.5700 0.5000 2.0000 0.0000 65.2699 66.4699 25.0974 0.1452  3126.3878 0.0000 0.0000 0.0000 0.0000 3126.3878
2023 2 28 0 2.0000 124.0900 0.5000 2.0000 0.0000 65.2787 66.4787 25.1008 0.1453  3114.7620 0.0000 0.0000 0.0000 0.0000 3114.7620
2023 3 1 0 2.0000 130.8400 0.5000 2.0000 0.0000 65.2797 66.4797 25.1012 0.1453  3284.2429 0.0000 0.0000 0.0000 0.0000 3284.2429
2023 3 2 0 2.0000 120.4000 0.5000 2.0000 0.0000 65.2752 66.4752 25.0995 0.1453  3021.9778 0.0000 0.0000 0.0000 0.0000 3021.9778
2023 3 3 0 2.0000 115.5800 0.5000 2.0000 0.0000 65.2667 66.4667 25.0962 0.1452  2900.6188 0.0000 0.0000 0.0000 0.0000 2900.6188
2023 3 4 0 2.0000 112.2200 0.5000 2.0000 0.0000 65.2557 66.4557 25.0920 0.1452  2815.8216 0.0000 0.0000 0.0000 0.0000 2815.8216
2023 3 5 0 2.0000 129.9600 0.5000 2.0000 0.0000 65.2440 66.4440 25.0875 0.1452  3260.3678 0.0000 0.0000 0.0000 0.0000 3260.3678
2023 3 6 0 2.0000 153.1300 0.5000 2.0000 0.0000 65.2290 66.4290 25.0817 0.1451  3840.7601 0.0000 0.0000 0.0000 0.0000 3840.7601
2023 3 7 0 2.0000 116.0800 0.5000 2.0000 0.0000 65.2080 66.4080 25.0736 0.1451  2910.5454 0.0000 0.0000 0.0000 0.0000 2910.5454
2023 3 8 0 2.0000 150.8300 0.5000 2.0000 0.0000 65.1840 66.3840 25.0644 0.1450  3780.4647 0.0000 0.0000 0.0000 0.0000 3780.4647
2023 3 9 0 2.0000 138.5100 0.5000 2.0000 0.0000 65.1587 66.3587 25.0547 0.1450  3470.3240 0.0000 0.0000 0.0000 0.0000 3470.3240
2023 3 10 0 2.0000 127.3700 0.5000 2.0000 0.0000 65.1314 66.3314 25.0442 0.1449  3189.8746 0.0000 0.0000 0.0000 0.0000 3189.8746
2023 3 11 0 2.0000 110.5300 0.5000 2.0000 0.0000 65.1025 66.3025 25.0331 0.1449  2766.9052 0.0000 0.0000 0.0000 0.0000 2766.9052
2023 3 12 0 2.0000 106.8200 0.5000 2.0000 0.0000 65.0738 66.2738 25.0220 0.1448  2672.8531 0.0000 0.0000 0.0000 0.0000 2672.8531
2023 3 13 0 2.0000 94.6800 0.5000 2.0000 0.0000 65.0456 66.2456 25.0112 0.1447  2368.0581 0.0000 0.0000 0.0000 0.0000 2368.0581
2023 3 14 0 2.0000 102.8300 0.5000 2.0000 0.0000 65.0170 66.2170 25.0002 0.1447  2570.7687 0.0000 0.0000 0.0000 0.0000 2570.7687
2023 3 15 0 2.0000 121.6400 0.5000 2.0000 0.0000 64.9877 66.1877 24.9889 0.1446  3039.6503 0.0000 0.0000 0.0000 0.0000 3039.6503
2023 3 16 0 2.0000 112.8100 0.5000 2.0000 0.0000 64.9574 66.1574 24.9773 0.1445  2817.6837 0.0000 0.0000 0.0000 0.0000 2817.6837
2023 3 17 0 2.0000 104.1500 0.5000 2.0000 0.0000 64.9271 66.1271 24.9656 0.1445  2600.1672 0.0000 0.0000 0.0000 0.0000 2600.1672
2023 3 18 0 2.0000 109.0000 0.5000 2.0000 0.0000 64.8987 66.0987 24.9547 0.1444  2720.0622 0.0000 0.0000 0.0000 0.0000 2720.0622
2023 3 19 0 2.0000 110.0900 0.5000 2.0000 0.0000 64.8713 66.0713 24.9442 0.1444  2746.1041 0.0000 0.0000 0.0000 0.0000 2746.1041
2023 3 20 0 2.0000 116.7600 0.5000 2.0000 0.0000 64.8442 66.0442 24.9337 0.1443  2911.2641 0.0000 0.0000 0.0000 0.0000 2911.2641
2023 3 21 0 2.0000 111.3100 0.5000 2.0000 0.0000 64.8179 66.0179 24.9236 0.1442  2774.2507 0.0000 0.0000 0.0000 0.0000 2774.2507
2023 3 22 0 2.0000 92.3600 0.5000 2.0000 0.0000 64.7919 65.9919 24.9136 0.1442  2301.0235 0.0000 0.0000 0.0000 0.0000 2301.0235
2023 3 23 0 2.0000 86.1100 0.5000 2.0000 0.0000 64.7671 65.9671 24.9041 0.1441  2144.4920 0.0000 0.0000 0.0000 0.0000 2144.4920
2023 3 24 0 2.0000 83.8300 0.5000 2.0000 0.0000 64.7460 65.9460 24.8960 0.1441  2087.0295 0.0000 0.0000 0.0000 0.0000 2087.0295
2023 3 25 0 2.0000 73.3600 0.5000 2.0000 0.0000 64.7303 65.9303 24.8900 0.1440  1825.9277 0.0000 0.0000 0.0000 0.0000 1825.9277
2023 3 26 0 2.0000 92.4600 0.5000 2.0000 0.0000 64.7189 65.9189 24.8856 0.1440  2300.9180 0.0000 0.0000 0.0000 0.0000 2300.9180
2023 3 27 0 2.0000 100.9400 0.5000 2.0000 0.0000 64.7096 65.9096 24.8820 0.1440  2511.5877 0.0000 0.0000 0.0000 0.0000 2511.5877
2023 3 28 0 2.0000 123.8500 0.5000 2.0000 0.0000 64.7023 65.9023 24.8792 0.1440  3081.2855 0.0000 0.0000 0.0000 0.0000 3081.2855
2023 3 29 0 2.0000 127.0200 0.5000 2.0000 0.0000 64.6939 65.8939 24.8759 0.1440  3159.7413 0.0000 0.0000 0.0000 0.0000 3159.7413
2023 3 30 0 2.0000 103.7800 0.5000 2.0000 0.0000 64.6826 65.8826 24.8716 0.1439  2581.1765 0.0000 0.0000 0.0000 0.0000 2581.1765
2023 3 31 0 2.0000 111.8200 0.5000 2.0000 0.0000 64.6883 65.8883 24.8738 0.1439  2781.3871 0.0000 0.0000 0.0000 0.0000 2781.3871
2023 4 1 0 2.0000 97.9300 0.5000 2.0000 0.0000 64.7683 65.9683 24.9045 0.1441  2438.9023 0.0000 0.0000 0.0000 0.0000 2438.9023
2023 4 2 0 2.0000 105.1000 0.5000 2.0000 0.0000 64.8980 66.0980 24.9544 0.1444  2622.7118 0.0000 0.0000 0.0000 0.0000 2622.7118
2023 4 3 0 2.0000 126.4800 0.5000 2.0000 0.0000 64.9918 66.1918 24.9905 0.1446  3160.8003 0.0000 0.0000 0.0000 0.0000 3160.8003
2023 4 4 0 2.0000 133.1300 0.5000 2.0000 0.0000 65.0366 66.2366 25.0077 0.1447  3329.2793 0.0000 0.0000 0.0000 0.0000 3329.2793
2023 4 5 0 2.0000 130.9100 0.5000 2.0000 0.0000 65.0547 66.2547 25.0147 0.1448  3274.6741 0.0000 0.0000 0.0000 0.0000 3274.6741
2023 4 6 0 2.0000 125.8900 0.5000 2.0000 0.0000 65.0631 66.2631 25.0179 0.1448  3149.5037 0.0000 0.0000 0.0000 0.0000 3149.5037
2023 4 7 0 2.0000 117.9200 0.5000 2.0000 0.0000 65.0640 66.2640 25.0182 0.1448  2950.1508 0.0000 0.0000 0.0000 0.0000 2950.1508
2023 4 8 0 2.0000 120.6500 0.5000 2.0000 0.0000 65.0580 66.2580 25.0159 0.1448  3018.1736 0.0000 0.0000 0.0000 0.0000 3018.1736
2023 4 9 0 2.0000 110.2100 0.5000 2.0000 0.0000 65.0476 66.2476 25.0120 0.1447  2756.5675 0.0000 0.0000 0.0000 0.0000 2756.5675
2023 4 10 0 2.0000 54.3700 0.5000 2.0000 0.0000 65.0358 66.2358 25.0074 0.1447  1359.6524 0.0000 0.0000 0.0000 0.0000 1359.6524
2023 4 11 0 2.0000 84.4600 0.5000 2.0000 0.0000 65.0503 66.2503 25.0130 0.1448  2112.5984 0.0000 0.0000 0.0000 0.0000 2112.5984
2023 4 12 0 2.0000 111.9800 0.5000 2.0000 0.0000 65.0862 66.2862 25.0268 0.1448  2802.5000 0.0000 0.0000 0.0000 0.0000 2802.5000
2023 4 13 0 2.0000 107.2100 0.5000 2.0000 0.0000 65.1173 66.3173 25.0387 0.1449  2684.4034 0.0000 0.0000 0.0000 0.0000 2684.4034
2023 4 14 0 2.0000 118.9300 0.5000 2.0000 0.0000 65.1535 66.3535 25.0527 0.1450  2979.5136 0.0000 0.0000 0.0000 0.0000 2979.5136
2023 4 15 0 2.0000 111.6600 0.5000 2.0000 0.0000 65.1931 66.3931 25.0679 0.1451  2799.0827 0.0000 0.0000 0.0000 0.0000 2799.0827
2023 4 16 0 2.0000 115.1500 0.5000 2.0000 0.0000 65.2311 66.4311 25.0825 0.1452  2888.2490 0.0000 0.0000 0.0000 0.0000 2888.2490
2023 4 17 0 2.0000 125.4800 0.5000 2.0000 0.0000 65.2713 66.4713 25.0980 0.1452  3149.2932 0.0000 0.0000 0.0000 0.0000 3149.2932
2023 4 18 0 2.0000 114.7600 0.5000 2.0000 0.0000 65.3171 66.5171 25.1156 0.1453  2882.2620 0.0000 0.0000 0.0000 0.0000 2882.2620
2023 4 19 0 2.0000 108.7500 0.5000 2.0000 0.0000 65.3695 66.5695 25.1357 0.1455  2733.5118 0.0000 0.0000 0.0000 0.0000 2733.5118
2023 4 20 0 2.0000 111.1600 0.5000 2.0000 0.0000 65.4331 66.6331 25.1602 0.1456  2796.8078 0.0000 0.0000 0.0000 0.0000 2796.8078
2023 4 21 0 2.0000 107.9900 0.5000 2.0000 0.0000 65.5155 66.7155 25.1919 0.1458  2720.4679 0.0000 0.0000 0.0000 0.0000 2720.4679
2023 4 22 0 2.0000 98.4000 0.5000 2.0000 0.0000 65.6200 66.8200 25.2321 0.1460  2482.8347 0.0000 0.0000 0.0000 0.0000 2482.8347
2023 4 23 0 2.0000 97.8600 0.5000 2.0000 0.0000 65.7389 66.9389 25.2778 0.1463  2473.6839 0.0000 0.0000 0.0000 0.0000 2473.6839
2023 4 24 0 2.0000 116.5300 0.5000 2.0000 0.0000 65.8000 67.0000 25.3013 0.1464  2948.3562 0.0000 0.0000 0.0000 0.0000 2948.3562
2023 4 25 0 2.0000 104.4700 0.5000 2.0000 0.0000 65.8000 67.0000 25.3013 0.1464  2643.2230 0.0000 0.0000 0.0000 0.0000 2643.2230
2023 4 26 0 2.0000 114.3700 0.5000 2.0000 0.0000 65.8000 67.0000 25.3013 0.1464  2893.7055 0.0000 0.0000 0.0000 0.0000 2893.7055
2023 4 27 0 2.0000 123.3800 0.5000 2.0000 0.0000 65.8000 67.0000 25.3013 0.1464  3121.6698 0.0000 0.0000 0.0000 0.0000 3121.6698
2023 4 28 0 2.0000 121.7100 0.5000 2.0000 0.0000 65.8000 67.0000 25.3013 0.1464  3079.4167 0.0000 0.0000 0.0000 0.0000 3079.4167
2023 4 29 0 2.0000 112.7000 0.5000 2.0000 0.0000 65.8000 67.0000 25.3013 0.1464  2851.4523 0.0000 0.0000 0.0000 0.0000 2851.4523
2023 4 30 0 2.0000 99.7900 0.5000 2.0000 0.0000 65.8000 67.0000 25.3013 0.1464  2524.8131 0.0000 0.0000 0.0000 0.0000 2524.8131
2023 5 1 0 2.0000 106.3400 0.5000 2.0000 0.0000 65.8000 67.0000 25.3013 0.1464  2690.5362 0.0000 0.0000 0.0000 0.0000 2690.5362
2023 5 2 0 2.0000 121.7900 0.5000 2.0000 0.0000 65.8000 67.0000 25.3013 0.1464  3081.4409 0.0000 0.0000 0.0000 0.0000 3081.4409
2023 5 3 0 2.0000 118.1800 0.5000 2.0000 0.0000 65.8000 67.0000 25.3013 0.1464  2990.1033 0.0000 0.0000 0.0000 0.0000 2990.1033
2023 5 4 0 2.0000 112.1600 0.5000 2.0000 0.0000 65.8000 67.0000 25.3013 0.1464  2837.7898 0.0000 0.0000 0.0000 0.0000 2837.7898
2023 5 5 0 2.0000 97.5700 0.5000 2.0000 0.0000 65.8000 67.0000 25.3013 0.1464  2468.6442 0.0000 0.0000 0.0000 0.0000 2468.6442
2023 5 6 0 2.0000 94.9300 0.5000 2.0000 0.0000 65.8000 67.0000 25.3013 0.1464  2401.8489 0.0000 0.0000 0.0000 0.0000 2401.8489
2023 5 7 0 2.0000 88.0500 0.5000 2.0000 0.0000 65.8000 67.0000 25.3013 0.1464  2227.7763 0.0000 0.0000 0.0000 0.0000 2227.7763
2023 5 8 0 2.0000 102.0400 0.5000 2.0000 0.0000 65.8000 67.0000 25.3013 0.1464  2581.7409 0.0000 0.0000 0.0000 0.0000 2581.7409
2023 5 9 0 2.0000 96.1600 0.5000 2.0000 0.0000 65.8000 67.0000 25.3013 0.1464  2432.9696 0.0000 0.0000 0.0000 0.0000 2432.9696
2023 5 10 0 2.0000 94.0200 0.5000 2.0000 0.0000 65.8000 67.0000 25.3013 0.1464  2378.8247 0.0000 0.0000 0.0000 0.0000 2378.8247
2023 5 11 0 2.0000 101.3600 0.5000 2.0000 0.0000 65.8000 67.0000 25.3013 0.1464  2564.5360 0.0000 0.0000 0.0000 0.0000 2564.5360
2023 5 12 0 2.0000 91.5000 0.5000 2.0000 0.0000 65.8000 67.0000 25.3013 0.1464  2315.0656 0.0000 0.0000 0.0000 0.0000 2315.0656
2023 5 13 0 2.0000 74.6100 0.5000 2.0000 0.0000 65.8000 67.0000 25.3013 0.1464  1887.7273 0.0000 0.0000 0.0000 0.0000 1887.7273
2023 5 14 0 2.0000 72.7500 0.5000 2.0000 0.0000 65.8000 67.0000 25.3013 0.1464  1840.6669 0.0000 0.0000 0.0000 0.0000 1840.6669
2023 5 15 0 2.0000 94.8900 0.5000 2.0000 0.0000 65.8000 67.0000 25.3013 0.1464  2400.8368 0.0000 0.0000 0.0000 0.0000 2400.8368
2023 5 16 0 2.0000 63.0700 0.5000 2.0000 0.0000 65.8000 67.0000 25.3013 0.1464  1595.7507 0.0000 0.0000 0.0000 0.0000 1595.7507
2023 5 17 0 2.0000 54.3000 0.5000 2.0000 0.0000 65.8000 67.0000 25.3013 0.1464  1373.8586 0.0000 0.0000 0.0000 0.0000 1373.8586
2023 5 18 0 2.0000 88.1100 0.5000 2.0000 0.0000 65.8000 67.0000 25.3013 0.1464  2229.2943 0.0000 0.0000 0.0000 0.0000 2229.2943
2023 5 19 0 2.0000 92.9400 0.5000 2.0000 0.0000 65.8000 67.0000 25.3013 0.1464  2351.4995 0.0000 0.0000 0.0000 0.0000 2351.4995
2023 5 20 0 2.0000 52.6300 0.5000 2.0000 0.0000 65.8000 67.0000 25.3013 0.1464  1331.6055 0.0000 0.0000 0.0000 0.0000 1331.6055
2023 5 21 0 2.0000 37.1300 0.5000 2.0000 0.0000 65.8000 67.0000 25.3013 0.1464  939.4359 0.0000 0.0000 0.0000 0.0000 939.4359
2023 5 22 0 2.0000 84.4700 0.5000 2.0000 0.0000 65.8000 67.0000 25.3013 0.1464  2137.1977 0.0000 0.0000 0.0000 0.0000 2137.1977
2023 5 23 0 2.0000 63.0000 0.5000 2.0000 0.0000 65.8000 67.0000 25.3013 0.1464  1593.9796 0.0000 0.0000 0.0000 0.0000 1593.9796
2023 5 24 0 2.0000 82.4800 0.5000 2.0000 0.0000 65.8000 67.0000 25.3013 0.1464  2086.8483 0.0000 0.0000 0.0000 0.0000 2086.8483
2023 5 25 0 2.0000 57.6600 0.5000 2.0000 0.0000 65.8000 67.0000 25.3013 0.1464  1458.8708 0.0000 0.0000 0.0000 0.0000 1458.8708
2023 5 26 0 2.0000 61.9200 0.5000 2.0000 0.0000 65.8000 67.0000 25.3013 0.1464  1566.6542 0.0000 0.0000 0.0000 0.0000 1566.6542
2023 5 27 0 2.0000 61.7400 0.5000 2.0000 0.0000 65.8000 67.0000 25.3013 0.1464  1562.1000 0.0000 0.0000 0.0000 0.0000 1562.1000
2023 5 28 0 2.0000 48.1500 0.5000 2.0000 0.0000 65.8000 67.0000 25.3013 0.1464  1218.2559 0.0000 0.0000 0.0000 0.0000 1218.2559
2023 5 29 0 2.0000 41.9900 0.5000 2.0000 0.0000 65.8000 67.0000 25.3013 0.1464  1062.4001 0.0000 0.0000 0.0000 0.0000 1062.4001
2023 5 30 0 2.0000 85.7800 0.5000 2.0000 0.0000 65.8000 67.0000 25.3013 0.1464  2170.3423 0.0000 0.0000 0.0000 0.0000 2170.3423
2023 5 31 0 2.0000 60.1500 0.5000 2.0000 0.0000 65.8000 67.0000 25.3013 0.1464  1521.8710 0.0000 0.0000 0.0000 0.0000 1521.8710
2023 6 1 0 2.0000 67.1300 0.5000 2.0000 0.0000 65.8000 67.0000 25.3013 0.1464  1698.4737 0.0000 0.0000 0.0000 0.0000 1698.4737
2023 6 2 0 2.0000 80.9600 0.5000 2.0000 0.0000 65.8000 67.0000 25.3013 0.1464  2048.3902 0.0000 0.0000 0.0000 0.0000 2048.3902
2023 6 3 0 2.0000 62.3200 0.5000 2.0000 0.0000 65.8000 67.0000 25.3013 0.1464  1576.7747 0.0000 0.0000 0.0000 0.0000 1576.7747
2023 6 4 0 2.0000 61.2100 0.5000 2.0000 0.0000 65.8000 67.0000 25.3013 0.1464  1548.6903 0.0000 0.0000 0.0000 0.0000 1548.6903
2023 6 5 0 2.0000 87.8500 0.5000 2.0000 0.0000 65.8000 67.0000 25.3013 0.1464  2222.7159 0.0000 0.0000 0.0000 0.0000 2222.7159
2023 6 6 0 2.0000 90.1800 0.5000 2.0000 0.0000 65.8000 67.0000 25.3013 0.1464  2281.6679 0.0000 0.0000 0.0000 0.0000 2281.6679
2023 6 7 0 2.0000 96.7800 0.5000 2.0000 0.0000 65.8000 67.0000 25.3013 0.1464  2448.6562 0.0000 0.0000 0.0000 0.0000 2448.6562
2023 6 8 0 2.0000 89.0900 0.5000 2.0000 0.0000 65.8000 67.0000 25.3013 0.1464  2254.0894 0.0000 0.0000 0.0000 0.0000 2254.0894
2023 6 9 0 2.0000 88.9200 0.5000 2.0000 0.0000 65.8000 67.0000 25.3013 0.1464  2249.7883 0.0000 0.0000 0.0000 0.0000 2249.7883
2023 6 10 0 2.0000 61.8300 0.5000 2.0000 0.0000 65.8000 67.0000 25.3013 0.1464  1564.3771 0.0000 0.0000 0.0000 0.0000 1564.3771
2023 6 11 0 2.0000 47.6500 0.5000 2.0000 0.0000 65.8000 67.0000 25.3013 0.1464  1205.6052 0.0000 0.0000 0.0000 0.0000 1205.6052
2023 6 12 0 2.0000 88.7900 0.5000 2.0000 0.0000 65.8000 67.0000 25.3013 0.1464  2246.4992 0.0000 0.0000 0.0000 0.0000 2246.4992
2023 6 13 0 2.0000 99.0700 0.5000 2.0000 0.0000 65.8000 67.0000 25.3013 0.1464  2506.5961 0.0000 0.0000 0.0000 0.0000 2506.5961
2023 6 14 0 2.0000 105.6600 0.5000 2.0000 0.0000 65.8000 67.0000 25.3013 0.1464  2673.3316 0.0000 0.0000 0.0000 0.0000 2673.3316
2023 6 15 0 2.0000 116.5000 0.5000 2.0000 0.0000 65.8000 67.0000 25.3013 0.1464  2947.5972 0.0000 0.0000 0.0000 0.0000 2947.5972
2023 6 16 0 2.0000 123.1200 0.5000 2.0000 0.0000 65.8000 67.0000 25.3013 0.1464  3115.0916 0.0000 0.0000 0.0000 0.0000 3115.0916
2023 6 17 0 2.0000 107.5100 0.5000 2.0000 0.0000 65.8000 67.0000 25.3013 0.1464  2720.1389 0.0000 0.0000 0.0000 0.0000 2720.1389
2023 6 18 0 2.0000 102.7200 0.5000 2.0000 0.0000 65.8000 67.0000 25.3013 0.1464  2598.9458 0.0000 0.0000 0.0000 0.0000 2598.9458
2023 6 19 0 2.0000 116.7200 0.5000 2.0000 0.0000 65.8000 67.0000 25.3013 0.1464  2953.1635 0.0000 0.0000 0.0000 0.0000 2953.1635
2023 6 20 0 2.0000 131.3100 0.5000 2.0000 0.0000 65.8000 67.0000 25.3013 0.1464  3322.3088 0.0000 0.0000 0.0000 0.0000 3322.3088
2023 6 21 0 2.0000 131.9100 0.5000 2.0000 0.0000 65.8000 67.0000 25.3013 0.1464  3337.4897 0.0000 0.0000 0.0000 0.0000 3337.4897
2023 6 22 0 2.0000 129.3300 0.5000 2.0000 0.0000 65.8000 67.0000 25.3013 0.1464  3272.2124 0.0000 0.0000 0.0000 0.0000 3272.2124
2023 6 23 0 2.0000 112.7300 0.5000 2.0000 0.0000 65.8000 67.0000 25.3013 0.1464  2852.2115 0.0000 0.0000 0.0000 0.0000 2852.2115
2023 6 24 0 2.0000 91.6000 0.5000 2.0000 0.0000 65.8000 67.0000 25.3013 0.1464  2317.5957 0.0000 0.0000 0.0000 0.0000 2317.5957
2023 6 25 0 2.0000 78.9200 0.5000 2.0000 0.0000 65.8000 67.0000 25.3013 0.1464  1996.7756 0.0000 0.0000 0.0000 0.0000 1996.7756
2023 6 26 0 2.0000 97.3600 0.5000 2.0000 0.0000 65.8000 67.0000 25.3013 0.1464  2463.3310 0.0000 0.0000 0.0000 0.0000 2463.3310
2023 6 27 0 2.0000 97.1000 0.5000 2.0000 0.0000 65.8000 67.0000 25.3013 0.1464  2456.7526 0.0000 0.0000 0.0000 0.0000 2456.7526
2023 6 28 0 2.0000 110.3800 0.5000 2.0000 0.0000 65.8000 67.0000 25.3013 0.1464  2792.7534 0.0000 0.0000 0.0000 0.0000 2792.7534
2023 6 29 0 2.0000 115.5800 0.5000 2.0000 0.0000 65.8000 67.0000 25.3013 0.1464  2924.3200 0.0000 0.0000 0.0000 0.0000 2924.3200
2023 6 30 0 2.0000 106.1600 0.5000 2.0000 0.0000 65.8000 67.0000 25.3013 0.1464  2685.9822 0.0000 0.0000 0.0000 0.0000 2685.9822
2023 7 1 0 2.0000 61.0800 0.5000 2.0000 0.0000 65.8000 67.0000 25.3013 0.1464  1545.4012 0.0000 0.0000 0.0000 0.0000 1545.4012
2023 7 2 0 2.0000 15.9100 0.5000 2.0000 0.0000 65.8000 67.0000 25.3013 0.1464  402.5431 0.0000 0.0000 0.0000 0.0000 402.5431
2023 7 3 0 2.0000 50.3200 0.5000 2.0000 0.0000 65.8000 67.0000 25.3013 0.1464  1273.1596 0.0000 0.0000 0.0000 0.0000 1273.1596
2023 7 4 0 2.0000 83.2500 0.5000 2.0000 0.0000 65.8000 67.0000 25.3013 0.1464  2106.3302 0.0000 0.0000 0.0000 0.0000 2106.3302
2023 7 5 0 2.0000 80.5300 0.5000 2.0000 0.0000 65.8000 67.0000 25.3013 0.1464  2037.5107 0.0000 0.0000 0.0000 0.0000 2037.5107
2023 7 6 0 2.0000 96.7500 0.5000 2.0000 0.0000 65.8000 67.0000 25.3013 0.1464  2447.8972 0.0000 0.0000 0.0000 0.0000 2447.8972
2023 7 7 0 2.0000 101.0400 0.5000 2.0000 0.0000 65.8000 67.0000 25.3013 0.1464  2556.4396 0.0000 0.0000 0.0000 0.0000 2556.4396
2023 7 8 0 2.0000 87.4600 0.5000 2.0000 0.0000 65.8000 67.0000 25.3013 0.1464  2212.8484 0.0000 0.0000 0.0000 0.0000 2212.8484
2023 7 9 0 2.0000 94.0500 0.5000 2.0000 0.0000 65.8000 67.0000 25.3013 0.1464  2379.5839 0.0000 0.0000 0.0000 0.0000 2379.5839
2023 7 10 0 2.0000 98.2100 0.5000 2.0000 0.0000 65.8000 67.0000 25.3013 0.1464  2484.8370 0.0000 0.0000 0.0000 0.0000 2484.8370
2023 7 11 0 2.0000 89.8900 0.5000 2.0000 0.0000 65.8000 67.0000 25.3013 0.1464  2274.3305 0.0000 0.0000 0.0000 0.0000 2274.3305
2023 7 12 0 2.0000 76.6900 0.5000 2.0000 0.0000 65.8000 67.0000 25.3013 0.1464  1940.3539 0.0000 0.0000 0.0000 0.0000 1940.3539
2023 7 13 0 2.0000 83.4900 0.5000 2.0000 0.0000 65.8000 67.0000 25.3013 0.1464  2112.4024 0.0000 0.0000 0.0000 0.0000 2112.4024
2023 7 14 0 2.0000 85.4800 0.5000 2.0000 0.0000 65.8000 67.0000 25.3013 0.1464  2162.7521 0.0000 0.0000 0.0000 0.0000 2162.7521
2023 7 15 0 2.0000 33.3300 0.5000 2.0000 0.0000 65.8000 67.0000 25.3013 0.1464  843.2911 0.0000 0.0000 0.0000 0.0000 843.2911
2023 7 16 0 2.0000 17.8600 0.5000 2.0000 0.0000 65.8000 67.0000 25.3013 0.1464  451.8806 0.0000 0.0000 0.0000 0.0000 451.8806
2023 7 17 0 2.0000 30.5600 0.5000 2.0000 0.0000 65.8000 67.0000 25.3013 0.1464  773.2066 0.0000 0.0000 0.0000 0.0000 773.2066
2023 7 18 0 2.0000 64.7000 0.5000 2.0000 0.0000 65.8000 67.0000 25.3013 0.1464  1636.9916 0.0000 0.0000 0.0000 0.0000 1636.9916
2023 7 19 0 2.0000 77.7600 0.5000 2.0000 0.0000 65.8000 67.0000 25.3013 0.1464  1967.4263 0.0000 0.0000 0.0000 0.0000 1967.4263
2023 7 20 0 2.0000 64.6700 0.5000 2.0000 0.0000 65.8000 67.0000 25.3013 0.1464  1636.2326 0.0000 0.0000 0.0000 0.0000 1636.2326
2023 7 21 0 2.0000 83.1300 0.5000 2.0000 0.0000 65.8000 67.0000 25.3013 0.1464  2103.2939 0.0000 0.0000 0.0000 0.0000 2103.2939
2023 7 22 0 2.0000 75.6300 0.5000 2.0000 0.0000 65.8000 67.0000 25.3013 0.1464  1913.5345 0.0000 0.0000 0.0000 0.0000 1913.5345
2023 7 23 0 2.0000 33.2000 0.5000 2.0000 0.0000 65.8000 67.0000 25.3013 0.1464  840.0020 0.0000 0.0000 0.0000 0.0000 840.0020
2023 7 24 0 2.0000 69.9000 0.5000 2.0000 0.0000 65.8000 67.0000 25.3013 0.1464  1768.5583 0.0000 0.0000 0.0000 0.0000 1768.5583
2023 7 25 0 2.0000 60.2500 0.5000 2.0000 0.0000 65.8000 67.0000 25.3013 0.1464  1524.4011 0.0000 0.0000 0.0000 0.0000 1524.4011
2023 7 26 0 2.0000 69.5200 0.5000 2.0000 0.0000 65.7994 66.9994 25.3010 0.1464  1758.9268 0.0000 0.0000 0.0000 0.0000 1758.9268
2023 7 27 0 2.0000 87.3400 0.5000 2.0000 0.0000 65.7860 66.9860 25.2959 0.1464  2209.3431 0.0000 0.0000 0.0000 0.0000 2209.3431
2023 7 28 0 2.0000 86.7600 0.5000 2.0000 0.0000 65.7598 66.9598 25.2858 0.1463  2193.7952 0.0000 0.0000 0.0000 0.0000 2193.7952
2023 7 29 0 2.0000 74.6100 0.5000 2.0000 0.0000 65.7323 66.9323 25.2752 0.1463  1885.7841 0.0000 0.0000 0.0000 0.0000 1885.7841
2023 7 30 0 2.0000 39.5200 0.5000 2.0000 0.0000 65.7064 66.9064 25.2653 0.1462  998.4830 0.0000 0.0000 0.0000 0.0000 998.4830
2023 7 31 0 2.0000 69.3300 0.5000 2.0000 0.0000 65.6954 66.8954 25.2610 0.1462  1751.3476 0.0000 0.0000 0.0000 0.0000 1751.3476
2023 8 1 0 2.0000 73.8700 0.5000 2.0000 0.0000 65.6917 66.8917 25.2596 0.1462  1865.9291 0.0000 0.0000 0.0000 0.0000 1865.9291
2023 8 2 0 2.0000 64.7500 0.5000 2.0000 0.0000 65.6765 66.8765 25.2538 0.1461  1635.1812 0.0000 0.0000 0.0000 0.0000 1635.1812
2023 8 3 0 2.0000 43.5500 0.5000 2.0000 0.0000 65.6525 66.8525 25.2446 0.1461  1099.4004 0.0000 0.0000 0.0000 0.0000 1099.4004
2023 8 4 0 2.0000 62.1300 0.5000 2.0000 0.0000 65.6245 66.8245 25.2338 0.1460  1567.7758 0.0000 0.0000 0.0000 0.0000 1567.7758
2023 8 5 0 2.0000 76.9400 0.5000 2.0000 0.0000 65.5948 66.7948 25.2224 0.1460  1940.6099 0.0000 0.0000 0.0000 0.0000 1940.6099
2023 8 6 0 2.0000 57.5500 0.5000 2.0000 0.0000 65.5641 66.7641 25.2105 0.1459  1450.8664 0.0000 0.0000 0.0000 0.0000 1450.8664
2023 8 7 0 2.0000 16.8300 0.5000 2.0000 0.0000 65.5318 66.7318 25.1981 0.1458  424.0846 0.0000 0.0000 0.0000 0.0000 424.0846
2023 8 8 0 2.0000 0.0400 0.5000 2.0000 0.0000 65.5055 66.7055 25.1880 0.1458  1.0075 0.0000 0.0000 0.0000 0.0000 1.0075
2023 8 9 0 2.0000 14.7000 0.5000 2.0000 0.0000 65.4925 66.6925 25.1830 0.1457  370.1902 0.0000 0.0000 0.0000 0.0000 370.1902
2023 8 10 0 2.0000 51.2900 0.5000 2.0000 0.0000 65.4849 66.6849 25.1801 0.1457  1291.4874 0.0000 0.0000 0.0000 0.0000 1291.4874
2023 8 11 0 2.0000 72.3800 0.5000 2.0000 0.0000 65.4802 66.6802 25.1783 0.1457  1822.4035 0.0000 0.0000 0.0000 0.0000 1822.4035
2023 8 12 0 2.0000 69.7000 0.5000 2.0000 0.0000 65.4736 66.6736 25.1757 0.1457  1754.7493 0.0000 0.0000 0.0000 0.0000 1754.7493
2023 8 13 0 2.0000 63.1900 0.5000 2.0000 0.0000 65.4576 66.6576 25.1696 0.1457  1590.4666 0.0000 0.0000 0.0000 0.0000 1590.4666
2023 8 14 0 2.0000 85.9500 0.5000 2.0000 0.0000 65.4363 66.6363 25.1614 0.1456  2162.6240 0.0000 0.0000 0.0000 0.0000 2162.6240
2023 8 15 0 2.0000 82.7300 0.5000 2.0000 0.0000 65.4242 66.6242 25.1568 0.1456  2081.2199 0.0000 0.0000 0.0000 0.0000 2081.2199
2023 8 16 0 2.0000 93.5300 0.5000 2.0000 0.0000 65.4269 66.6269 25.1578 0.1456  2353.0105 0.0000 0.0000 0.0000 0.0000 2353.0105
2023 8 17 0 2.0000 92.9900 0.5000 2.0000 0.0000 65.4292 66.6292 25.1587 0.1456  2339.5046 0.0000 0.0000 0.0000 0.0000 2339.5046
2023 8 18 0 2.0000 84.3900 0.5000 2.0000 0.0000 65.4229 66.6229 25.1563 0.1456  2122.9384 0.0000 0.0000 0.0000 0.0000 2122.9384
2023 8 19 0 2.0000 48.8800 0.5000 2.0000 0.0000 65.4115 66.6115 25.1519 0.1456  1229.4233 0.0000 0.0000 0.0000 0.0000 1229.4233
2023 8 20 0 2.0000 75.6000 0.5000 2.0000 0.0000 65.4092 66.6092 25.1510 0.1455  1901.4142 0.0000 0.0000 0.0000 0.0000 1901.4142
2023 8 21 0 2.0000 88.4800 0.5000 2.0000 0.0000 65.4115 66.6115 25.1519 0.1456  2225.4388 0.0000 0.0000 0.0000 0.0000 2225.4388
2023 8 22 0 2.0000 92.0800 0.5000 2.0000 0.0000 65.4040 66.6040 25.1490 0.1455  2315.7178 0.0000 0.0000 0.0000 0.0000 2315.7178
2023 8 23 0 2.0000 99.5400 0.5000 2.0000 0.0000 65.3900 66.5900 25.1436 0.1455  2502.7964 0.0000 0.0000 0.0000 0.0000 2502.7964
2023 8 24 0 2.0000 99.6900 0.5000 2.0000 0.0000 65.3716 66.5716 25.1365 0.1455  2505.8610 0.0000 0.0000 0.0000 0.0000 2505.8610
2023 8 25 0 2.0000 93.1800 0.5000 2.0000 0.0000 65.3545 66.5545 25.1300 0.1454  2341.6095 0.0000 0.0000 0.0000 0.0000 2341.6095
2023 8 26 0 2.0000 87.9600 0.5000 2.0000 0.0000 65.3489 66.5489 25.1278 0.1454  2210.2415 0.0000 0.0000 0.0000 0.0000 2210.2415
2023 8 27 0 2.0000 89.4800 0.5000 2.0000 0.0000 65.3526 66.5526 25.1292 0.1454  2248.5628 0.0000 0.0000 0.0000 0.0000 2248.5628
2023 8 28 0 2.0000 91.8000 0.5000 2.0000 0.0000 65.3521 66.5521 25.1290 0.1454  2306.8461 0.0000 0.0000 0.0000 0.0000 2306.8461
2023 8 29 0 2.0000 95.0600 0.5000 2.0000 0.0000 65.3427 66.5427 25.1254 0.1454  2388.4232 0.0000 0.0000 0.0000 0.0000 2388.4232
2023 8 30 0 2.0000 99.5900 0.5000 2.0000 0.0000 65.3273 66.5273 25.1195 0.1454  2501.6522 0.0000 0.0000 0.0000 0.0000 2501.6522
2023 8 31 0 2.0000 97.2200 0.5000 2.0000 0.0000 65.3080 66.5080 25.1121 0.1453  2441.3976 0.0000 0.0000 0.0000 0.0000 2441.3976
