Riversystem syn_rho1_R4 reservoir fractions [fr] 
YYYY MM DD HH SYN_RHO1_R4 
2022 9 1 0 0.6961 
2022 9 2 0 0.6921 
2022 9 3 0 0.6881 
2022 9 4 0 0.6841 
2022 9 5 0 0.6803 
2022 9 6 0 0.6767 
2022 9 7 0 0.6731 
2022 9 8 0 0.6694 
2022 9 9 0 0.6656 
2022 9 10 0 0.6619 
2022 9 11 0 0.6584 
2022 9 12 0 0.6554 
2022 9 13 0 0.6556 
2022 9 14 0 0.6543 
2022 9 15 0 0.6525 
2022 9 16 0 0.6501 
2022 9 17 0 0.6473 
2022 9 18 0 0.6441 
2022 9 19 0 0.6406 
2022 9 20 0 0.6370 
2022 9 21 0 0.6333 
2022 9 22 0 0.6295 
2022 9 23 0 0.6257 
2022 9 24 0 0.6220 
2022 9 25 0 0.6226 
2022 9 26 0 0.6268 
2022 9 27 0 0.6331 
2022 9 28 0 0.6436 
2022 9 29 0 0.6490 
2022 9 30 0 0.6518 
2022 10 1 0 0.6615 
2022 10 2 0 0.6740 
2022 10 3 0 0.6845 
2022 10 4 0 0.6945 
2022 10 5 0 0.7200 
2022 10 6 0 0.7595 
2022 10 7 0 0.7726 
2022 10 8 0 0.7830 
2022 10 9 0 0.7902 
2022 10 10 0 0.7957 
2022 10 11 0 0.8007 
2022 10 12 0 0.8043 
2022 10 13 0 0.8070 
2022 10 14 0 0.8087 
2022 10 15 0 0.8139 
2022 10 16 0 0.8207 
2022 10 17 0 0.8268 
2022 10 18 0 0.8323 
2022 10 19 0 0.8363 
2022 10 20 0 0.8387 
2022 10 21 0 0.8402 
2022 10 22 0 0.8414 
2022 10 23 0 0.8495 
2022 10 24 0 0.8620 
2022 10 25 0 0.8697 
2022 10 26 0 0.8957 
2022 10 27 0 0.9085 
2022 10 28 0 0.9167 
2022 10 29 0 0.9275 
2022 10 30 0 0.9369 
2022 10 31 0 0.9409 
2022 11 1 0 0.9450 
2022 11 2 0 0.9544 
2022 11 3 0 0.9780 
2022 11 4 0 0.9992 
2022 11 5 0 1.0151 
2022 11 6 0 1.0250 
2022 11 7 0 1.0385 
2022 11 8 0 1.0486 
2022 11 9 0 1.0611 
2022 11 10 0 1.0686 
2022 11 11 0 1.0730 
2022 11 12 0 1.0750 
2022 11 13 0 1.0755 
2022 11 14 0 1.0758 
2022 11 15 0 1.0794 
2022 11 16 0 1.0885 
2022 11 17 0 1.1130 
2022 11 18 0 1.1195 
2022 11 19 0 1.1193 
2022 11 20 0 1.1196 
2022 11 21 0 1.1168 
2022 11 22 0 1.1129 
2022 11 23 0 1.1106 
2022 11 24 0 1.1087 
2022 11 25 0 1.1097 
2022 11 26 0 1.1151 
2022 11 27 0 1.1221 
2022 11 28 0 1.1319 
2022 11 29 0 1.1350 
2022 11 30 0 1.1336 
2022 12 1 0 1.1302 
2022 12 2 0 1.1259 
2022 12 3 0 1.1209 
2022 12 4 0 1.1156 
2022 12 5 0 1.1103 
2022 12 6 0 1.1052 
2022 12 7 0 1.1002 
2022 12 8 0 1.0956 
2022 12 9 0 1.0916 
2022 12 10 0 1.0877 
2022 12 11 0 1.0843 
2022 12 12 0 1.0811 
2022 12 13 0 1.0778 
2022 12 14 0 1.0743 
2022 12 15 0 1.0707 
2022 12 16 0 1.0670 
2022 12 17 0 1.0633 
2022 12 18 0 1.0598 
2022 12 19 0 1.0569 
2022 12 20 0 1.0552 
2022 12 21 0 1.0576 
2022 12 22 0 1.0603 
2022 12 23 0 1.0603 
2022 12 24 0 1.0582 
2022 12 25 0 1.0553 
2022 12 26 0 1.0562 
2022 12 27 0 1.0555 
2022 12 28 0 1.0531 
2022 12 29 0 1.0507 
2022 12 30 0 1.0481 
2022 12 31 0 1.0467 
2023 1 1 0 1.0443 
2023 1 2 0 1.0416 
2023 1 3 0 1.0386 
2023 1 4 0 1.0355 
2023 1 5 0 1.0336 
2023 1 6 0 1.0313 
2023 1 7 0 1.0290 
2023 1 8 0 1.0305 
2023 1 9 0 1.0353 
2023 1 10 0 1.0371 
2023 1 11 0 1.0374 
2023 1 12 0 1.0368 
2023 1 13 0 1.0355 
2023 1 14 0 1.0334 
2023 1 15 0 1.0313 
2023 1 16 0 1.0291 
2023 1 17 0 1.0268 
2023 1 18 0 1.0246 
2023 1 19 0 1.0221 
2023 1 20 0 1.0196 
2023 1 21 0 1.0170 
2023 1 22 0 1.0146 
2023 1 23 0 1.0126 
2023 1 24 0 1.0104 
2023 1 25 0 1.0084 
2023 1 26 0 1.0068 
2023 1 27 0 1.0050 
2023 1 28 0 1.0031 
2023 1 29 0 1.0011 
2023 1 30 0 0.9995 
2023 1 31 0 0.9978 
2023 2 1 0 0.9959 
2023 2 2 0 0.9944 
2023 2 3 0 0.9925 
2023 2 4 0 0.9901 
2023 2 5 0 0.9876 
2023 2 6 0 0.9849 
2023 2 7 0 0.9820 
2023 2 8 0 0.9791 
2023 2 9 0 0.9764 
2023 2 10 0 0.9739 
2023 2 11 0 0.9715 
2023 2 12 0 0.9692 
2023 2 13 0 0.9670 
2023 2 14 0 0.9647 
2023 2 15 0 0.9620 
2023 2 16 0 0.9592 
2023 2 17 0 0.9568 
2023 2 18 0 0.9545 
2023 2 19 0 0.9524 
2023 2 20 0 0.9505 
2023 2 21 0 0.9487 
2023 2 22 0 0.9466 
2023 2 23 0 0.9447 
2023 2 24 0 0.9430 
2023 2 25 0 0.9419 
2023 2 26 0 0.9424 
2023 2 27 0 0.9438 
2023 2 28 0 0.9443 
2023 3 1 0 0.9441 
2023 3 2 0 0.9433 
2023 3 3 0 0.9422 
2023 3 4 0 0.9410 
2023 3 5 0 0.9397 
2023 3 6 0 0.9377 
2023 3 7 0 0.9352 
2023 3 8 0 0.9326 
2023 3 9 0 0.9298 
2023 3 10 0 0.9267 
2023 3 11 0 0.9236 
2023 3 12 0 0.9206 
2023 3 13 0 0.9175 
2023 3 14 0 0.9144 
2023 3 15 0 0.9112 
2023 3 16 0 0.9079 
2023 3 17 0 0.9047 
2023 3 18 0 0.9018 
2023 3 19 0 0.8989 
2023 3 20 0 0.8960 
2023 3 21 0 0.8932 
2023 3 22 0 0.8904 
2023 3 23 0 0.8879 
2023 3 24 0 0.8859 
2023 3 25 0 0.8845 
2023 3 26 0 0.8834 
2023 3 27 0 0.8826 
2023 3 28 0 0.8819 
2023 3 29 0 0.8807 
2023 3 30 0 0.8795 
2023 3 31 0 0.8820 
2023 4 1 0 0.8966 
2023 4 2 0 0.9098 
2023 4 3 0 0.9168 
2023 4 4 0 0.9194 
2023 4 5 0 0.9207 
2023 4 6 0 0.9212 
2023 4 7 0 0.9208 
2023 4 8 0 0.9199 
2023 4 9 0 0.9186 
2023 4 10 0 0.9174 
2023 4 11 0 0.9217 
2023 4 12 0 0.9251 
2023 4 13 0 0.9284 
2023 4 14 0 0.9328 
2023 4 15 0 0.9369 
2023 4 16 0 0.9410 
2023 4 17 0 0.9456 
2023 4 18 0 0.9508 
2023 4 19 0 0.9568 
2023 4 20 0 0.9645 
2023 4 21 0 0.9745 
2023 4 22 0 0.9869 
2023 4 23 0 1.0025 
2023 4 24 0 1.0171 
2023 4 25 0 1.0292 
2023 4 26 0 1.0382 
2023 4 27 0 1.0445 
2023 4 28 0 1.0489 
2023 4 29 0 1.0524 
2023 4 30 0 1.0552 
2023 5 1 0 1.0577 
2023 5 2 0 1.0605 
2023 5 3 0 1.0637 
2023 5 4 0 1.0670 
2023 5 5 0 1.0698 
2023 5 6 0 1.0716 
2023 5 7 0 1.0727 
2023 5 8 0 1.0742 
2023 5 9 0 1.0788 
2023 5 10 0 1.0917 
2023 5 11 0 1.1081 
2023 5 12 0 1.1306 
2023 5 13 0 1.1548 
2023 5 14 0 1.1776 
2023 5 15 0 1.2061 
2023 5 16 0 1.2432 
2023 5 17 0 1.2682 
2023 5 18 0 1.2824 
2023 5 19 0 1.2918 
2023 5 20 0 1.3002 
2023 5 21 0 1.3067 
2023 5 22 0 1.3119 
2023 5 23 0 1.3221 
2023 5 24 0 1.3334 
2023 5 25 0 1.3420 
2023 5 26 0 1.3513 
2023 5 27 0 1.3574 
2023 5 28 0 1.3580 
2023 5 29 0 1.3529 
2023 5 30 0 1.3454 
2023 5 31 0 1.3364 
2023 6 1 0 1.3266 
2023 6 2 0 1.3155 
2023 6 3 0 1.3037 
2023 6 4 0 1.2917 
2023 6 5 0 1.2796 
2023 6 6 0 1.2673 
2023 6 7 0 1.2549 
2023 6 8 0 1.2425 
2023 6 9 0 1.2302 
2023 6 10 0 1.2179 
2023 6 11 0 1.2059 
2023 6 12 0 1.1941 
2023 6 13 0 1.1826 
2023 6 14 0 1.1714 
2023 6 15 0 1.1606 
2023 6 16 0 1.1501 
2023 6 17 0 1.1400 
2023 6 18 0 1.1303 
2023 6 19 0 1.1211 
2023 6 20 0 1.1123 
2023 6 21 0 1.1044 
2023 6 22 0 1.1003 
2023 6 23 0 1.0949 
2023 6 24 0 1.0887 
2023 6 25 0 1.0821 
2023 6 26 0 1.0754 
2023 6 27 0 1.0689 
2023 6 28 0 1.0627 
2023 6 29 0 1.0568 
2023 6 30 0 1.0510 
2023 7 1 0 1.0454 
2023 7 2 0 1.0400 
2023 7 3 0 1.0348 
2023 7 4 0 1.0301 
2023 7 5 0 1.0256 
2023 7 6 0 1.0215 
2023 7 7 0 1.0182 
2023 7 8 0 1.0167 
2023 7 9 0 1.0156 
2023 7 10 0 1.0140 
2023 7 11 0 1.0121 
2023 7 12 0 1.0108 
2023 7 13 0 1.0090 
2023 7 14 0 1.0067 
2023 7 15 0 1.0049 
2023 7 16 0 1.0060 
2023 7 17 0 1.0095 
2023 7 18 0 1.0116 
2023 7 19 0 1.0120 
2023 7 20 0 1.0114 
2023 7 21 0 1.0101 
2023 7 22 0 1.0085 
2023 7 23 0 1.0067 
2023 7 24 0 1.0047 
2023 7 25 0 1.0024 
2023 7 26 0 0.9999 
2023 7 27 0 0.9971 
2023 7 28 0 0.9942 
2023 7 29 0 0.9912 
2023 7 30 0 0.9887 
2023 7 31 0 0.9889 
2023 8 1 0 0.9879 
2023 8 2 0 0.9856 
2023 8 3 0 0.9827 
2023 8 4 0 0.9796 
2023 8 5 0 0.9764 
2023 8 6 0 0.9730 
2023 8 7 0 0.9695 
2023 8 8 0 0.9674 
2023 8 9 0 0.9666 
2023 8 10 0 0.9657 
2023 8 11 0 0.9656 
2023 8 12 0 0.9643 
2023 8 13 0 0.9622 
2023 8 14 0 0.9598 
2023 8 15 0 0.9596 
2023 8 16 0 0.9603 
2023 8 17 0 0.9601 
2023 8 18 0 0.9590 
2023 8 19 0 0.9576 
2023 8 20 0 0.9585 
2023 8 21 0 0.9581 
2023 8 22 0 0.9569 
2023 8 23 0 0.9551 
2023 8 24 0 0.9529 
2023 8 25 0 0.9515 
2023 8 26 0 0.9517 
2023 8 27 0 0.9523 
2023 8 28 0 0.9516 
2023 8 29 0 0.9502 
2023 8 30 0 0.9483 
2023 8 31 0 0.9461 
