Date_NodeID	0
20220901	0.64
20220902	0.58
20220903	0.54
20220904	0.67
20220905	0.64
20220906	0.59
20220907	0.56
20220908	0.52
20220909	0.49
20220910	0.46
20220911	0.44
20220912	1.17
20220913	4.65
20220914	2.91
20220915	2.27
20220916	1.85
20220917	1.49
20220918	1.21
20220919	1.01
20220920	0.92
20220921	0.85
20220922	0.80
20220923	0.86
20220924	0.93
20220925	0.93
20220926	2.58
20220927	5.00
20220928	11.45
20220929	8.06
20220930	6.09
20221001	13.28
20221002	12.48
20221003	9.19
20221004	7.14
20221005	6.85
20221006	8.60
20221007	9.66
20221008	10.58
20221009	8.37
20221010	7.41
20221011	7.32
20221012	6.12
20221013	5.74
20221014	5.14
20221015	9.47
20221016	11.56
20221017	11.00
20221018	10.45
20221019	9.00
20221020	7.34
20221021	6.10
20221022	5.21
20221023	4.56
20221024	4.76
20221025	6.41
20221026	5.72
20221027	5.45
20221028	4.87
20221029	5.18
20221030	4.52
20221031	4.06
20221101	4.50
20221102	7.91
20221103	15.39
20221104	19.80
20221105	19.12
20221106	14.41
20221107	19.92
20221108	17.23
20221109	20.76
20221110	15.92
20221111	12.76
20221112	10.26
20221113	8.36
20221114	6.89
20221115	6.05
20221116	6.55
20221117	5.79
20221118	4.77
20221119	4.06
20221120	3.51
20221121	3.08
20221122	2.76
20221123	2.71
20221124	3.77
20221125	8.44
20221126	11.53
20221127	11.59
20221128	19.22
20221129	13.08
20221130	8.57
20221201	6.38
20221202	5.20
20221203	4.46
20221204	3.90
20221205	3.49
20221206	3.47
20221207	3.38
20221208	3.64
20221209	3.95
20221210	3.94
20221211	4.26
20221212	4.31
20221213	4.11
20221214	3.95
20221215	3.58
20221216	3.17
20221217	3.05
20221218	3.03
20221219	2.88
20221220	2.76
20221221	2.22
20221222	2.06
20221223	1.86
20221224	1.64
20221225	1.64
20221226	3.04
20221227	3.40
20221228	2.83
20221229	2.53
20221230	2.41
20221231	3.99
20230101	3.11
20230102	2.63
20230103	2.34
20230104	2.19
20230105	2.12
20230106	2.05
20230107	2.27
20230108	7.26
20230109	11.50
20230110	8.20
20230111	6.59
20230112	5.61
20230113	4.73
20230114	4.03
20230115	3.81
20230116	3.73
20230117	3.51
20230118	3.57
20230119	3.03
20230120	2.84
20230121	2.67
20230122	2.52
20230123	2.65
20230124	2.48
20230125	2.63
20230126	3.17
20230127	2.98
20230128	2.76
20230129	2.54
20230130	2.86
20230131	2.68
20230201	2.43
20230202	2.98
20230203	2.59
20230204	2.16
20230205	2.04
20230206	1.91
20230207	1.77
20230208	1.70
20230209	2.01
20230210	2.17
20230211	2.36
20230212	2.54
20230213	2.53
20230214	2.51
20230215	2.09
20230216	1.91
20230217	2.28
20230218	2.48
20230219	2.60
20230220	2.80
20230221	3.01
20230222	2.58
20230223	2.54
20230224	2.24
20230225	2.45
20230226	2.53
20230227	2.28
20230228	2.08
20230301	2.10
20230302	2.02
20230303	1.78
20230304	1.77
20230305	2.00
20230306	1.45
20230307	0.98
20230308	1.12
20230309	0.93
20230310	0.87
20230311	0.82
20230312	0.81
20230313	0.86
20230314	0.92
20230315	0.88
20230316	0.82
20230317	1.00
20230318	1.20
20230319	1.36
20230320	1.54
20230321	1.60
20230322	1.63
20230323	1.89
20230324	2.53
20230325	3.13
20230326	3.15
20230327	3.22
20230328	2.85
20230329	1.93
20230330	1.72
20230331	1.66
20230401	2.00
20230402	2.15
20230403	2.02
20230404	1.55
20230405	1.62
20230406	1.36
20230407	1.27
20230408	1.33
20230409	1.47
20230410	1.67
20230411	8.35
20230412	7.47
20230413	7.48
20230414	8.93
20230415	8.65
20230416	8.67
20230417	9.18
20230418	9.73
20230419	10.08
20230420	10.80
20230421	11.74
20230422	12.88
20230423	17.60
20230424	18.20
20230425	16.62
20230426	14.27
20230427	11.62
20230428	9.92
20230429	8.73
20230430	8.08
20230501	7.74
20230502	7.80
20230503	8.09
20230504	8.27
20230505	7.56
20230506	6.97
20230507	7.40
20230508	8.53
20230509	12.06
20230510	20.80
20230511	22.75
20230512	22.90
20230513	23.91
20230514	23.49
20230515	23.11
20230516	22.38
20230517	20.61
20230518	17.55
20230519	15.86
20230520	16.09
20230521	15.89
20230522	16.36
20230523	22.11
20230524	20.30
20230525	18.14
20230526	15.65
20230527	13.47
20230528	11.76
20230529	10.12
20230530	8.70
20230531	7.69
20230601	6.90
20230602	6.09
20230603	5.31
20230604	4.63
20230605	4.10
20230606	3.61
20230607	3.16
20230608	2.76
20230609	2.37
20230610	2.05
20230611	1.77
20230612	1.52
20230613	1.31
20230614	1.15
20230615	1.02
20230616	0.94
20230617	0.88
20230618	0.83
20230619	0.78
20230620	0.75
20230621	0.73
20230622	0.69
20230623	0.64
20230624	0.59
20230625	0.55
20230626	0.64
20230627	0.74
20230628	0.66
20230629	0.66
20230630	0.87
20230701	0.85
20230702	0.97
20230703	0.97
20230704	1.28
20230705	1.27
20230706	1.42
20230707	1.31
20230708	1.07
20230709	0.97
20230710	1.02
20230711	1.57
20230712	2.62
20230713	2.33
20230714	2.06
20230715	2.81
20230716	6.26
20230717	9.34
20230718	8.01
20230719	6.20
20230720	5.10
20230721	4.31
20230722	3.79
20230723	3.70
20230724	3.28
20230725	2.79
20230726	2.51
20230727	2.27
20230728	1.95
20230729	1.65
20230730	1.43
20230731	1.21
20230801	1.04
20230802	0.96
20230803	0.92
20230804	0.90
20230805	0.90
20230806	0.84
20230807	0.83
20230808	2.15
20230809	1.85
20230810	1.51
20230811	1.26
20230812	1.06
20230813	0.98
20230814	1.01
20230815	3.48
20230816	4.62
20230817	3.82
20230818	3.19
20230819	3.05
20230820	5.80
20230821	4.48
20230822	3.63
20230823	3.08
20230824	2.62
20230825	3.47
20230826	5.50
20230827	5.84
20230828	4.55
20230829	3.69
20230830	3.12
20230831	2.78
