POWERSTATION node 1 EASTER
init_Power = 0.00000
penstock_config = SEPARATE
headloss_coef = 0.145000
yyyy mm dd hh [m3/s]    [Euro/MWh]  [fr_g0] [m3/s] [m3/s] [m] [m] [MWh] [GWh/Mm3] [Euro] [Euro] [Euro] [Euro] [Euro] [Euro]
yyyy mm dd hh Up_Inflow Price Action_g0 tot_outflow auto_qmin Hnetto Hbrutto Power est_eekv income tot_cost startstopCost adjust_cost cost_aggressive_actions profit
2022 9 1 0 4.9000 564.8800 0.5000 4.9000 0.0000 186.1529 189.6344 175.1814 0.4138  98956.4654 1.0000 1.0000 0.0000 0.0000 98955.4654
2022 9 2 0 4.9000 425.8500 0.5000 4.9000 0.0000 186.0016 189.4831 175.0390 0.4135  74540.3678 0.0000 0.0000 0.0000 0.0000 74540.3678
2022 9 3 0 4.9000 383.9200 0.5000 4.9000 0.0000 185.8486 189.3300 174.8950 0.4131  67145.6867 0.0000 0.0000 0.0000 0.0000 67145.6867
2022 9 4 0 4.9000 310.1000 0.5000 4.9000 0.0000 185.6971 189.1786 174.7525 0.4128  54190.7364 0.0000 0.0000 0.0000 0.0000 54190.7364
2022 9 5 0 4.9000 388.8400 0.5000 4.9000 0.0000 185.5474 189.0288 174.6116 0.4124  67895.9637 0.0000 0.0000 0.0000 0.0000 67895.9637
2022 9 6 0 4.9000 414.3500 0.5000 4.9000 0.0000 185.3963 188.8777 174.4694 0.4121  72291.3838 0.0000 0.0000 0.0000 0.0000 72291.3838
2022 9 7 0 4.9000 451.5300 0.5000 4.9000 0.0000 185.2438 188.7252 174.3258 0.4118  78713.3442 0.0000 0.0000 0.0000 0.0000 78713.3442
2022 9 8 0 4.9000 426.5600 0.5000 4.9000 0.0000 185.0900 188.5715 174.1811 0.4114  74298.7069 0.0000 0.0000 0.0000 0.0000 74298.7069
2022 9 9 0 4.9000 352.9300 0.5000 4.9000 0.0000 184.9350 188.4165 174.0353 0.4111  61422.2717 0.0000 0.0000 0.0000 0.0000 61422.2717
2022 9 10 0 4.9000 410.9400 0.5000 4.9000 0.0000 184.7790 188.2604 173.8884 0.4107  71457.7130 0.0000 0.0000 0.0000 0.0000 71457.7130
2022 9 11 0 4.9000 400.0100 0.5000 4.9000 0.0000 184.6220 188.1035 173.7408 0.4104  69498.0396 0.0000 0.0000 0.0000 0.0000 69498.0396
2022 9 12 0 4.9000 407.9500 0.5000 4.9000 0.0000 184.4776 187.9591 173.6049 0.4101  70822.1012 0.0000 0.0000 0.0000 0.0000 70822.1012
2022 9 13 0 4.9000 382.5800 0.5000 4.9000 0.0000 184.4074 187.8889 173.5388 0.4099  66392.4754 0.0000 0.0000 0.0000 0.0000 66392.4754
2022 9 14 0 4.9000 425.5000 0.5000 4.9000 0.0000 184.3680 187.8494 173.5016 0.4098  73824.9479 0.0000 0.0000 0.0000 0.0000 73824.9479
2022 9 15 0 4.9000 355.8200 0.5000 4.9000 0.0000 184.2865 187.7679 173.4250 0.4096  61708.0772 0.0000 0.0000 0.0000 0.0000 61708.0772
2022 9 16 0 4.9000 329.3900 0.5000 4.9000 0.0000 184.1863 187.6678 173.3307 0.4094  57093.4110 0.0000 0.0000 0.0000 0.0000 57093.4110
2022 9 17 0 4.9000 246.9600 0.5000 4.9000 0.0000 184.0724 187.5539 173.2235 0.4092  42779.2853 0.0000 0.0000 0.0000 0.0000 42779.2853
2022 9 18 0 4.9000 117.5900 0.5000 4.9000 0.0000 183.9472 187.4287 173.1057 0.4089  20355.5011 0.0000 0.0000 0.0000 0.0000 20355.5011
2022 9 19 0 4.9000 288.3300 0.5000 4.9000 0.0000 183.8136 187.2950 172.9799 0.4086  49875.3047 0.0000 0.0000 0.0000 0.0000 49875.3047
2022 9 20 0 4.9000 380.8200 0.5000 4.9000 0.0000 183.6748 187.1563 172.8494 0.4083  65824.4919 0.0000 0.0000 0.0000 0.0000 65824.4919
2022 9 21 0 4.9000 388.8300 0.5000 4.9000 0.0000 183.5332 187.0147 172.7161 0.4080  67157.2019 0.0000 0.0000 0.0000 0.0000 67157.2019
2022 9 22 0 4.9000 378.9000 0.5000 4.9000 0.0000 183.3895 186.8710 172.5809 0.4076  65390.8912 0.0000 0.0000 0.0000 0.0000 65390.8912
2022 9 23 0 4.9000 359.9800 0.5000 4.9000 0.0000 183.2460 186.7274 172.4458 0.4073  62077.0414 0.0000 0.0000 0.0000 0.0000 62077.0414
2022 9 24 0 4.9000 350.7100 0.5000 4.9000 0.0000 183.1047 186.5862 172.3129 0.4070  60431.8514 0.0000 0.0000 0.0000 0.0000 60431.8514
2022 9 25 0 4.9000 299.0800 0.5000 4.9000 0.0000 182.9647 186.4462 172.1811 0.4067  51495.9319 0.0000 0.0000 0.0000 0.0000 51495.9319
2022 9 26 0 4.9000 259.4000 0.5000 4.9000 0.0000 182.8538 186.3353 172.0768 0.4065  44636.7114 0.0000 0.0000 0.0000 0.0000 44636.7114
2022 9 27 0 4.9000 306.8900 0.5000 4.9000 0.0000 182.8147 186.2961 172.0399 0.4064  52797.3355 0.0000 0.0000 0.0000 0.0000 52797.3355
2022 9 28 0 4.9000 308.5200 0.5000 4.9000 0.0000 182.9319 186.4134 172.1503 0.4066  53111.8001 0.0000 0.0000 0.0000 0.0000 53111.8001
2022 9 29 0 4.9000 347.1000 0.5000 4.9000 0.0000 183.1032 186.5846 172.3114 0.4070  59809.2861 0.0000 0.0000 0.0000 0.0000 59809.2861
2022 9 30 0 4.9000 278.9700 0.5000 4.9000 0.0000 183.1799 186.6613 172.3836 0.4072  48089.8464 0.0000 0.0000 0.0000 0.0000 48089.8464
2022 10 1 0 4.9000 90.2400 0.5000 4.9000 0.0000 183.3486 186.8301 172.5424 0.4076  15570.2235 0.0000 0.0000 0.0000 0.0000 15570.2235
2022 10 2 0 4.9000 182.7200 0.5000 4.9000 0.0000 183.6300 187.1115 172.8072 0.4082  31575.3328 0.0000 0.0000 0.0000 0.0000 31575.3328
2022 10 3 0 4.9000 234.6000 0.5000 4.9000 0.0000 183.8393 187.3208 173.0042 0.4086  40586.7792 0.0000 0.0000 0.0000 0.0000 40586.7792
2022 10 4 0 4.9000 199.0100 0.5000 4.9000 0.0000 183.9545 187.4359 173.1125 0.4089  34451.1226 0.0000 0.0000 0.0000 0.0000 34451.1226
2022 10 5 0 4.9000 51.1100 0.5000 4.9000 0.0000 184.0283 187.5098 173.1821 0.4091  8851.3347 0.0000 0.0000 0.0000 0.0000 8851.3347
2022 10 6 0 4.9000 23.8700 0.5000 4.9000 0.0000 184.1280 187.6094 173.2758 0.4093  4136.0936 0.0000 0.0000 0.0000 0.0000 4136.0936
2022 10 7 0 4.9000 30.2900 0.5000 4.9000 0.0000 184.2771 187.7586 173.4162 0.4096  5252.7764 0.0000 0.0000 0.0000 0.0000 5252.7764
2022 10 8 0 4.9000 53.3800 0.5000 4.9000 0.0000 184.4612 187.9427 173.5894 0.4100  9266.2034 0.0000 0.0000 0.0000 0.0000 9266.2034
2022 10 9 0 4.9000 91.9400 0.5000 4.9000 0.0000 184.6226 188.1040 173.7412 0.4104  15973.7709 0.0000 0.0000 0.0000 0.0000 15973.7709
2022 10 10 0 4.9000 137.7100 0.5000 4.9000 0.0000 184.7280 188.2095 173.8405 0.4106  23939.5734 0.0000 0.0000 0.0000 0.0000 23939.5734
2022 10 11 0 4.9000 174.3200 0.5000 4.9000 0.0000 184.8149 188.2964 173.9223 0.4108  30318.1337 0.0000 0.0000 0.0000 0.0000 30318.1337
2022 10 12 0 4.9000 199.9900 0.5000 4.9000 0.0000 184.8791 188.3606 173.9827 0.4110  34794.7978 0.0000 0.0000 0.0000 0.0000 34794.7978
2022 10 13 0 4.9000 233.6000 0.5000 4.9000 0.0000 184.9154 188.3969 174.0169 0.4110  40650.3409 0.0000 0.0000 0.0000 0.0000 40650.3409
2022 10 14 0 4.9000 217.2400 0.5000 4.9000 0.0000 184.9345 188.4159 174.0348 0.4111  37807.3180 0.0000 0.0000 0.0000 0.0000 37807.3180
2022 10 15 0 4.9000 154.6600 0.5000 4.9000 0.0000 185.0193 188.5008 174.1146 0.4113  26928.5648 0.0000 0.0000 0.0000 0.0000 26928.5648
2022 10 16 0 4.9000 113.2100 0.5000 4.9000 0.0000 185.2173 188.6988 174.3009 0.4117  19732.6098 0.0000 0.0000 0.0000 0.0000 19732.6098
2022 10 17 0 4.9000 146.2200 0.5000 4.9000 0.0000 185.4423 188.9238 174.5127 0.4122  25517.2439 0.0000 0.0000 0.0000 0.0000 25517.2439
2022 10 18 0 4.9000 163.8200 0.5000 4.9000 0.0000 185.6477 189.1292 174.7060 0.4127  28620.3366 0.0000 0.0000 0.0000 0.0000 28620.3366
2022 10 19 0 4.9000 159.7000 0.5000 4.9000 0.0000 185.8179 189.2993 174.8661 0.4130  27926.1183 0.0000 0.0000 0.0000 0.0000 27926.1183
2022 10 20 0 4.9000 142.1100 0.5000 4.9000 0.0000 185.9332 189.4147 174.9746 0.4133  24865.6459 0.0000 0.0000 0.0000 0.0000 24865.6459
2022 10 21 0 4.9000 157.4800 0.5000 4.9000 0.0000 185.9974 189.4788 175.0350 0.4134  27564.5170 0.0000 0.0000 0.0000 0.0000 27564.5170
2022 10 22 0 4.9000 142.0700 0.5000 4.9000 0.0000 186.0240 189.5055 175.0601 0.4135  24870.7888 0.0000 0.0000 0.0000 0.0000 24870.7888
2022 10 23 0 4.9000 99.6700 0.5000 4.9000 0.0000 186.0235 189.5049 175.0596 0.4135  17448.1896 0.0000 0.0000 0.0000 0.0000 17448.1896
2022 10 24 0 4.9000 85.2000 0.5000 4.9000 0.0000 186.0150 189.4965 175.0516 0.4135  14914.3984 0.0000 0.0000 0.0000 0.0000 14914.3984
2022 10 25 0 4.9000 110.5100 0.5000 4.9000 0.0000 186.0392 189.5206 175.0744 0.4135  19347.4684 0.0000 0.0000 0.0000 0.0000 19347.4684
2022 10 26 0 4.9000 121.4900 0.5000 4.9000 0.0000 186.0803 189.5617 175.1130 0.4136  21274.4813 0.0000 0.0000 0.0000 0.0000 21274.4813
2022 10 27 0 4.9000 117.6600 0.5000 4.9000 0.0000 186.1044 189.5859 175.1358 0.4137  20606.4741 0.0000 0.0000 0.0000 0.0000 20606.4741
2022 10 28 0 4.9000 103.2200 0.5000 4.9000 0.0000 186.1136 189.5950 175.1444 0.4137  18078.4040 0.0000 0.0000 0.0000 0.0000 18078.4040
2022 10 29 0 4.9000 101.6200 0.5000 4.9000 0.0000 186.1180 189.5994 175.1485 0.4137  17798.5948 0.0000 0.0000 0.0000 0.0000 17798.5948
2022 10 30 0 4.9000 117.9300 0.5000 4.9000 0.0000 186.1162 189.5977 175.1469 0.4137  20655.0713 0.0000 0.0000 0.0000 0.0000 20655.0713
2022 10 31 0 4.9000 144.1300 0.5000 4.9000 0.0000 186.0947 189.5762 175.1266 0.4137  25241.0025 0.0000 0.0000 0.0000 0.0000 25241.0025
2022 11 1 0 4.9000 72.4900 0.5000 4.9000 0.0000 186.0729 189.5543 175.1061 0.4136  12693.4377 0.0000 0.0000 0.0000 0.0000 12693.4377
2022 11 2 0 4.9000 71.1700 0.5000 4.9000 0.0000 186.1189 189.6003 175.1494 0.4137  12465.3801 0.0000 0.0000 0.0000 0.0000 12465.3801
2022 11 3 0 4.9000 86.5000 0.5000 4.9000 0.0000 186.3569 189.8384 175.3734 0.4142  15169.7972 0.0000 0.0000 0.0000 0.0000 15169.7972
2022 11 4 0 4.9000 72.6700 0.5000 4.9000 0.0000 186.8046 190.2861 175.7947 0.4152  12774.9994 0.0000 0.0000 0.0000 0.0000 12774.9994
2022 11 5 0 4.9000 47.6500 0.5000 4.9000 0.0000 187.3181 190.7995 176.2779 0.4164  8399.6415 0.0000 0.0000 0.0000 0.0000 8399.6415
2022 11 6 0 4.9000 35.7500 0.5000 4.9000 0.0000 187.7365 191.2179 176.6716 0.4173  6316.0114 0.0000 0.0000 0.0000 0.0000 6316.0114
2022 11 7 0 4.9000 43.8300 0.5000 4.9000 0.0000 188.1690 191.6505 177.0787 0.4183  7761.3590 0.0000 0.0000 0.0000 0.0000 7761.3590
2022 11 8 0 4.9000 51.0900 0.5000 4.9000 0.0000 188.6513 192.1327 177.5325 0.4193  9070.1361 0.0000 0.0000 0.0000 0.0000 9070.1361
2022 11 9 0 4.9000 42.5700 0.5000 4.9000 0.0000 189.1483 192.6298 178.0003 0.4204  7577.4719 0.0000 0.0000 0.0000 0.0000 7577.4719
2022 11 10 0 4.9000 27.4000 0.5000 4.9000 0.0000 189.6223 193.1038 178.4463 0.4215  4889.4289 0.0000 0.0000 0.0000 0.0000 4889.4289
2022 11 11 0 4.9000 2.0000 0.5000 4.9000 0.0000 189.9552 193.4367 178.7596 0.4222  357.5192 0.0000 0.0000 0.0000 0.0000 357.5192
2022 11 12 0 4.9000 2.3700 0.5000 4.9000 0.0000 190.1883 193.6698 178.9790 0.4228  424.1801 0.0000 0.0000 0.0000 0.0000 424.1801
2022 11 13 0 4.9000 29.9300 0.5000 4.9000 0.0000 190.3438 193.8253 179.1253 0.4231  5361.2207 0.0000 0.0000 0.0000 0.0000 5361.2207
2022 11 14 0 4.9000 53.6800 0.5000 4.9000 0.0000 190.4399 193.9214 179.2157 0.4233  9620.3015 0.0000 0.0000 0.0000 0.0000 9620.3015
2022 11 15 0 4.9000 53.7500 0.5000 4.9000 0.0000 190.4953 193.9767 179.2679 0.4234  9635.6471 0.0000 0.0000 0.0000 0.0000 9635.6471
2022 11 16 0 4.9000 27.6900 0.5000 4.9000 0.0000 190.5447 194.0261 179.3143 0.4236  4965.2135 0.0000 0.0000 0.0000 0.0000 4965.2135
2022 11 17 0 4.9000 48.9100 0.5000 4.9000 0.0000 190.5895 194.0709 179.3565 0.4236  8772.3245 0.0000 0.0000 0.0000 0.0000 8772.3245
2022 11 18 0 4.9000 113.7000 0.5000 4.9000 0.0000 190.6029 194.0843 179.3691 0.4237  20394.2630 0.0000 0.0000 0.0000 0.0000 20394.2630
2022 11 19 0 4.9000 167.1000 0.5000 4.9000 0.0000 190.5858 194.0672 179.3530 0.4236  29969.8835 0.0000 0.0000 0.0000 0.0000 29969.8835
2022 11 20 0 4.9000 162.8400 0.5000 4.9000 0.0000 190.5464 194.0279 179.3160 0.4236  29199.8124 0.0000 0.0000 0.0000 0.0000 29199.8124
2022 11 21 0 4.9000 209.5500 0.5000 4.9000 0.0000 190.4898 193.9713 179.2627 0.4234  37564.5011 0.0000 0.0000 0.0000 0.0000 37564.5011
2022 11 22 0 4.9000 174.4300 0.5000 4.9000 0.0000 190.4200 193.9015 179.1970 0.4233  31257.3311 0.0000 0.0000 0.0000 0.0000 31257.3311
2022 11 23 0 4.9000 149.8400 0.5000 4.9000 0.0000 190.3437 193.8251 179.1251 0.4231  26840.1117 0.0000 0.0000 0.0000 0.0000 26840.1117
2022 11 24 0 4.9000 172.1800 0.5000 4.9000 0.0000 190.2851 193.7666 179.0701 0.4230  30832.2814 0.0000 0.0000 0.0000 0.0000 30832.2814
2022 11 25 0 4.9000 200.3300 0.5000 4.9000 0.0000 190.3276 193.8091 179.1100 0.4231  35881.1165 0.0000 0.0000 0.0000 0.0000 35881.1165
2022 11 26 0 4.9000 196.0200 0.5000 4.9000 0.0000 190.5069 193.9884 179.2788 0.4235  35142.2319 0.0000 0.0000 0.0000 0.0000 35142.2319
2022 11 27 0 4.9000 146.0400 0.5000 4.9000 0.0000 190.7418 194.2233 179.4998 0.4240  26214.1537 0.0000 0.0000 0.0000 0.0000 26214.1537
2022 11 28 0 4.9000 195.3000 0.5000 4.9000 0.0000 191.1123 194.5937 179.8485 0.4248  35124.4040 0.0000 0.0000 0.0000 0.0000 35124.4040
2022 11 29 0 4.9000 362.5600 0.5000 4.9000 0.0000 191.5040 194.9855 180.2171 0.4257  65339.5243 0.0000 0.0000 0.0000 0.0000 65339.5243
2022 11 30 0 4.9000 364.6000 0.5000 4.9000 0.0000 191.7032 195.1847 180.4046 0.4261  65775.5205 0.0000 0.0000 0.0000 0.0000 65775.5205
2022 12 1 0 4.9000 349.6500 0.5000 4.9000 0.0000 191.7874 195.2688 180.4838 0.4263  63106.1463 0.0000 0.0000 0.0000 0.0000 63106.1463
2022 12 2 0 4.9000 324.9900 0.5000 4.9000 0.0000 191.8164 195.2979 180.5111 0.4264  58664.3074 0.0000 0.0000 0.0000 0.0000 58664.3074
2022 12 3 0 4.9000 268.8200 0.5000 4.9000 0.0000 191.8141 195.2956 180.5090 0.4264  48524.4223 0.0000 0.0000 0.0000 0.0000 48524.4223
2022 12 4 0 4.9000 271.5000 0.5000 4.9000 0.0000 191.7906 195.2721 180.4868 0.4263  49002.1760 0.0000 0.0000 0.0000 0.0000 49002.1760
2022 12 5 0 4.9000 290.7800 0.5000 4.9000 0.0000 191.7513 195.2327 180.4498 0.4262  52471.1909 0.0000 0.0000 0.0000 0.0000 52471.1909
2022 12 6 0 4.9000 346.8000 0.5000 4.9000 0.0000 191.7049 195.1863 180.4061 0.4261  62564.8482 0.0000 0.0000 0.0000 0.0000 62564.8482
2022 12 7 0 4.9000 334.1100 0.5000 4.9000 0.0000 191.6567 195.1381 180.3608 0.4260  60260.3447 0.0000 0.0000 0.0000 0.0000 60260.3447
2022 12 8 0 4.9000 399.0300 0.5000 4.9000 0.0000 191.6142 195.0956 180.3208 0.4259  71953.3986 0.0000 0.0000 0.0000 0.0000 71953.3986
2022 12 9 0 4.9000 418.6900 0.5000 4.9000 0.0000 191.5797 195.0612 180.2883 0.4259  75484.9287 0.0000 0.0000 0.0000 0.0000 75484.9287
2022 12 10 0 4.9000 362.9800 0.5000 4.9000 0.0000 191.5460 195.0275 180.2567 0.4258  65429.5623 0.0000 0.0000 0.0000 0.0000 65429.5623
2022 12 11 0 4.9000 338.6100 0.5000 4.9000 0.0000 191.5178 194.9993 180.2301 0.4257  61027.7131 0.0000 0.0000 0.0000 0.0000 61027.7131
2022 12 12 0 4.9000 446.1100 0.5000 4.9000 0.0000 191.4961 194.9776 180.2097 0.4257  80393.3443 0.0000 0.0000 0.0000 0.0000 80393.3443
2022 12 13 0 4.9000 458.6300 0.5000 4.9000 0.0000 191.4718 194.9532 180.1868 0.4256  82639.0711 0.0000 0.0000 0.0000 0.0000 82639.0711
2022 12 14 0 4.9000 451.4100 0.5000 4.9000 0.0000 191.4411 194.9226 180.1579 0.4255  81325.0888 0.0000 0.0000 0.0000 0.0000 81325.0888
2022 12 15 0 4.9000 396.6100 0.5000 4.9000 0.0000 191.4011 194.8825 180.1203 0.4255  71437.4922 0.0000 0.0000 0.0000 0.0000 71437.4922
2022 12 16 0 4.9000 413.8400 0.5000 4.9000 0.0000 191.3473 194.8288 180.0696 0.4253  74520.0218 0.0000 0.0000 0.0000 0.0000 74520.0218
2022 12 17 0 4.9000 254.6500 0.5000 4.9000 0.0000 191.2842 194.7656 180.0102 0.4252  45839.6070 0.0000 0.0000 0.0000 0.0000 45839.6070
2022 12 18 0 4.9000 206.4000 0.5000 4.9000 0.0000 191.2186 194.7000 179.9485 0.4250  37141.3723 0.0000 0.0000 0.0000 0.0000 37141.3723
2022 12 19 0 4.9000 211.4800 0.5000 4.9000 0.0000 191.1500 194.6314 179.8840 0.4249  38041.8604 0.0000 0.0000 0.0000 0.0000 38041.8604
2022 12 20 0 4.9000 205.2500 0.5000 4.9000 0.0000 191.0766 194.5581 179.8149 0.4247  36907.0159 0.0000 0.0000 0.0000 0.0000 36907.0159
2022 12 21 0 4.9000 223.3000 0.5000 4.9000 0.0000 190.9917 194.4731 179.7350 0.4245  40134.8165 0.0000 0.0000 0.0000 0.0000 40134.8165
2022 12 22 0 4.9000 201.9700 0.5000 4.9000 0.0000 190.8943 194.3758 179.6434 0.4243  36282.5699 0.0000 0.0000 0.0000 0.0000 36282.5699
2022 12 23 0 4.9000 193.2900 0.5000 4.9000 0.0000 190.7906 194.2721 179.5458 0.4241  34704.4050 0.0000 0.0000 0.0000 0.0000 34704.4050
2022 12 24 0 4.9000 142.3700 0.5000 4.9000 0.0000 190.6796 194.1610 179.4413 0.4239  25547.0504 0.0000 0.0000 0.0000 0.0000 25547.0504
2022 12 25 0 4.9000 129.4400 0.5000 4.9000 0.0000 190.5646 194.0460 179.3331 0.4236  23212.8723 0.0000 0.0000 0.0000 0.0000 23212.8723
2022 12 26 0 4.9000 111.7200 0.5000 4.9000 0.0000 190.4743 193.9558 179.2481 0.4234  20025.5986 0.0000 0.0000 0.0000 0.0000 20025.5986
2022 12 27 0 4.9000 141.3500 0.5000 4.9000 0.0000 190.4151 193.8965 179.1924 0.4233  25328.8401 0.0000 0.0000 0.0000 0.0000 25328.8401
2022 12 28 0 4.9000 122.1300 0.5000 4.9000 0.0000 190.3521 193.8336 179.1331 0.4231  21877.5267 0.0000 0.0000 0.0000 0.0000 21877.5267
2022 12 29 0 4.9000 96.2800 0.5000 4.9000 0.0000 190.2738 193.7553 179.0594 0.4229  17239.8426 0.0000 0.0000 0.0000 0.0000 17239.8426
2022 12 30 0 4.9000 100.4100 0.5000 4.9000 0.0000 190.1881 193.6696 178.9788 0.4228  17971.2615 0.0000 0.0000 0.0000 0.0000 17971.2615
2022 12 31 0 4.9000 116.2200 0.5000 4.9000 0.0000 190.1282 193.6096 178.9224 0.4226  20794.3589 0.0000 0.0000 0.0000 0.0000 20794.3589
2023 1 1 0 4.9000 112.5700 0.5000 4.9000 0.0000 190.0806 193.5620 178.8776 0.4225  20136.2486 0.0000 0.0000 0.0000 0.0000 20136.2486
2023 1 2 0 4.9000 149.2600 0.5000 4.9000 0.0000 190.0090 193.4904 178.8102 0.4224  26689.2104 0.0000 0.0000 0.0000 0.0000 26689.2104
2023 1 3 0 4.9000 154.5400 0.5000 4.9000 0.0000 189.9238 193.4053 178.7301 0.4222  27620.9422 0.0000 0.0000 0.0000 0.0000 27620.9422
2023 1 4 0 4.9000 114.6400 0.5000 4.9000 0.0000 189.8309 193.3123 178.6426 0.4220  20479.5890 0.0000 0.0000 0.0000 0.0000 20479.5890
2023 1 5 0 4.9000 144.1600 0.5000 4.9000 0.0000 189.7341 193.2155 178.5515 0.4217  25739.9870 0.0000 0.0000 0.0000 0.0000 25739.9870
2023 1 6 0 4.9000 126.0400 0.5000 4.9000 0.0000 189.6348 193.1163 178.4581 0.4215  22492.8583 0.0000 0.0000 0.0000 0.0000 22492.8583
2023 1 7 0 4.9000 102.5400 0.5000 4.9000 0.0000 189.5382 193.0196 178.3672 0.4213  18289.7689 0.0000 0.0000 0.0000 0.0000 18289.7689
2023 1 8 0 4.9000 75.8000 0.5000 4.9000 0.0000 189.5334 193.0149 178.3627 0.4213  13519.8918 0.0000 0.0000 0.0000 0.0000 13519.8918
2023 1 9 0 4.9000 133.2800 0.5000 4.9000 0.0000 189.6914 193.1729 178.5114 0.4217  23791.9937 0.0000 0.0000 0.0000 0.0000 23791.9937
2023 1 10 0 4.9000 130.4400 0.5000 4.9000 0.0000 189.8660 193.3474 178.6756 0.4220  23306.4501 0.0000 0.0000 0.0000 0.0000 23306.4501
2023 1 11 0 4.9000 96.6800 0.5000 4.9000 0.0000 189.9540 193.4354 178.7584 0.4222  17282.3655 0.0000 0.0000 0.0000 0.0000 17282.3655
2023 1 12 0 4.9000 89.9500 0.5000 4.9000 0.0000 189.9963 193.4777 178.7983 0.4223  16082.9028 0.0000 0.0000 0.0000 0.0000 16082.9028
2023 1 13 0 4.9000 82.8000 0.5000 4.9000 0.0000 190.0058 193.4873 178.8072 0.4224  14805.2383 0.0000 0.0000 0.0000 0.0000 14805.2383
2023 1 14 0 4.9000 94.7100 0.5000 4.9000 0.0000 189.9875 193.4689 178.7900 0.4223  16933.1971 0.0000 0.0000 0.0000 0.0000 16933.1971
2023 1 15 0 4.9000 70.7800 0.5000 4.9000 0.0000 189.9529 193.4344 178.7574 0.4222  12652.4513 0.0000 0.0000 0.0000 0.0000 12652.4513
2023 1 16 0 4.9000 139.7600 0.5000 4.9000 0.0000 189.9131 193.3945 178.7199 0.4221  24977.8975 0.0000 0.0000 0.0000 0.0000 24977.8975
2023 1 17 0 4.9000 134.1900 0.5000 4.9000 0.0000 189.8679 193.3494 178.6775 0.4220  23976.7286 0.0000 0.0000 0.0000 0.0000 23976.7286
2023 1 18 0 4.9000 138.3800 0.5000 4.9000 0.0000 189.8200 193.3014 178.6323 0.4219  24719.1419 0.0000 0.0000 0.0000 0.0000 24719.1419
2023 1 19 0 4.9000 148.5600 0.5000 4.9000 0.0000 189.7635 193.2450 178.5792 0.4218  26529.7293 0.0000 0.0000 0.0000 0.0000 26529.7293
2023 1 20 0 4.9000 162.5000 0.5000 4.9000 0.0000 189.6942 193.1757 178.5140 0.4217  29008.5272 0.0000 0.0000 0.0000 0.0000 29008.5272
2023 1 21 0 4.9000 150.1900 0.5000 4.9000 0.0000 189.6186 193.1001 178.4428 0.4215  26800.3287 0.0000 0.0000 0.0000 0.0000 26800.3287
2023 1 22 0 4.9000 151.8000 0.5000 4.9000 0.0000 189.5373 193.0188 178.3663 0.4213  27076.0098 0.0000 0.0000 0.0000 0.0000 27076.0098
2023 1 23 0 4.9000 197.7300 0.5000 4.9000 0.0000 189.4557 192.9371 178.2895 0.4211  35253.1830 0.0000 0.0000 0.0000 0.0000 35253.1830
2023 1 24 0 4.9000 184.5400 0.5000 4.9000 0.0000 189.3733 192.8548 178.2120 0.4209  32887.2437 0.0000 0.0000 0.0000 0.0000 32887.2437
2023 1 25 0 4.9000 137.5700 0.5000 4.9000 0.0000 189.2906 192.7721 178.1342 0.4208  24505.9219 0.0000 0.0000 0.0000 0.0000 24505.9219
2023 1 26 0 4.9000 132.3800 0.5000 4.9000 0.0000 189.2201 192.7016 178.0678 0.4206  23572.6184 0.0000 0.0000 0.0000 0.0000 23572.6184
2023 1 27 0 4.9000 154.0500 0.5000 4.9000 0.0000 189.1557 192.6372 178.0073 0.4205  27422.0175 0.0000 0.0000 0.0000 0.0000 27422.0175
2023 1 28 0 4.9000 116.8100 0.5000 4.9000 0.0000 189.0842 192.5656 177.9399 0.4203  20785.1571 0.0000 0.0000 0.0000 0.0000 20785.1571
2023 1 29 0 4.9000 102.3700 0.5000 4.9000 0.0000 189.0048 192.4863 177.8652 0.4201  18208.0621 0.0000 0.0000 0.0000 0.0000 18208.0621
2023 1 30 0 4.9000 90.0000 0.5000 4.9000 0.0000 188.9272 192.4087 177.7922 0.4200  16001.2980 0.0000 0.0000 0.0000 0.0000 16001.2980
2023 1 31 0 4.9000 105.1200 0.5000 4.9000 0.0000 188.8521 192.3336 177.7215 0.4198  18682.0858 0.0000 0.0000 0.0000 0.0000 18682.0858
2023 2 1 0 4.9000 103.8300 0.5000 4.9000 0.0000 188.7694 192.2509 177.6437 0.4196  18444.7445 0.0000 0.0000 0.0000 0.0000 18444.7445
2023 2 2 0 4.9000 145.2800 0.5000 4.9000 0.0000 188.6920 192.1735 177.5708 0.4194  25797.4920 0.0000 0.0000 0.0000 0.0000 25797.4920
2023 2 3 0 4.9000 113.1000 0.5000 4.9000 0.0000 188.6174 192.0989 177.5007 0.4193  20075.3236 0.0000 0.0000 0.0000 0.0000 20075.3236
2023 2 4 0 4.9000 138.8200 0.5000 4.9000 0.0000 188.5284 192.0098 177.4169 0.4191  24629.0094 0.0000 0.0000 0.0000 0.0000 24629.0094
2023 2 5 0 4.9000 122.8300 0.5000 4.9000 0.0000 188.4296 191.9111 177.3239 0.4188  21780.6991 0.0000 0.0000 0.0000 0.0000 21780.6991
2023 2 6 0 4.9000 161.3800 0.5000 4.9000 0.0000 188.3265 191.8079 177.2269 0.4186  28600.8719 0.0000 0.0000 0.0000 0.0000 28600.8719
2023 2 7 0 4.9000 132.4500 0.5000 4.9000 0.0000 188.2186 191.7000 177.1253 0.4184  23460.2468 0.0000 0.0000 0.0000 0.0000 23460.2468
2023 2 8 0 4.9000 120.3300 0.5000 4.9000 0.0000 188.1070 191.5884 177.0203 0.4181  21300.8499 0.0000 0.0000 0.0000 0.0000 21300.8499
2023 2 9 0 4.9000 98.3400 0.5000 4.9000 0.0000 187.9996 191.4810 176.9192 0.4179  17398.2355 0.0000 0.0000 0.0000 0.0000 17398.2355
2023 2 10 0 4.9000 97.5400 0.5000 4.9000 0.0000 187.9005 191.3819 176.8260 0.4177  17247.6048 0.0000 0.0000 0.0000 0.0000 17247.6048
2023 2 11 0 4.9000 94.6300 0.5000 4.9000 0.0000 187.8076 191.2890 176.7385 0.4175  16724.7655 0.0000 0.0000 0.0000 0.0000 16724.7655
2023 2 12 0 4.9000 111.6200 0.5000 4.9000 0.0000 187.7212 191.2026 176.6572 0.4173  19718.4783 0.0000 0.0000 0.0000 0.0000 19718.4783
2023 2 13 0 4.9000 115.7800 0.5000 4.9000 0.0000 187.6377 191.1192 176.5787 0.4171  20444.2844 0.0000 0.0000 0.0000 0.0000 20444.2844
2023 2 14 0 4.9000 140.8300 0.5000 4.9000 0.0000 187.5538 191.0353 176.4997 0.4169  24856.4585 0.0000 0.0000 0.0000 0.0000 24856.4585
2023 2 15 0 4.9000 122.5300 0.5000 4.9000 0.0000 187.4621 190.9436 176.4135 0.4167  21615.9402 0.0000 0.0000 0.0000 0.0000 21615.9402
2023 2 16 0 4.9000 120.9800 0.5000 4.9000 0.0000 187.3599 190.8413 176.3172 0.4165  21330.8568 0.0000 0.0000 0.0000 0.0000 21330.8568
2023 2 17 0 4.9000 92.1200 0.5000 4.9000 0.0000 187.2609 190.7424 176.2241 0.4163  16233.7666 0.0000 0.0000 0.0000 0.0000 16233.7666
2023 2 18 0 4.9000 97.8800 0.5000 4.9000 0.0000 187.1721 190.6535 176.1405 0.4161  17240.6308 0.0000 0.0000 0.0000 0.0000 17240.6308
2023 2 19 0 4.9000 107.6300 0.5000 4.9000 0.0000 187.0888 190.5703 176.0622 0.4159  18949.5709 0.0000 0.0000 0.0000 0.0000 18949.5709
2023 2 20 0 4.9000 77.5600 0.5000 4.9000 0.0000 187.0113 190.4927 175.9892 0.4157  13649.7188 0.0000 0.0000 0.0000 0.0000 13649.7188
2023 2 21 0 4.9000 106.7100 0.5000 4.9000 0.0000 186.9409 190.4224 175.9230 0.4155  18772.7380 0.0000 0.0000 0.0000 0.0000 18772.7380
2023 2 22 0 4.9000 118.3800 0.5000 4.9000 0.0000 186.8667 190.3481 175.8531 0.4154  20817.4887 0.0000 0.0000 0.0000 0.0000 20817.4887
2023 2 23 0 4.9000 116.1600 0.5000 4.9000 0.0000 186.7842 190.2656 175.7754 0.4152  20418.0753 0.0000 0.0000 0.0000 0.0000 20418.0753
2023 2 24 0 4.9000 103.8000 0.5000 4.9000 0.0000 186.6956 190.1771 175.6921 0.4150  18236.8444 0.0000 0.0000 0.0000 0.0000 18236.8444
2023 2 25 0 4.9000 97.6000 0.5000 4.9000 0.0000 186.6055 190.0870 175.6073 0.4148  17139.2766 0.0000 0.0000 0.0000 0.0000 17139.2766
2023 2 26 0 4.9000 111.9200 0.5000 4.9000 0.0000 186.5205 190.0020 175.5274 0.4146  19645.0223 0.0000 0.0000 0.0000 0.0000 19645.0223
2023 2 27 0 4.9000 124.5700 0.5000 4.9000 0.0000 186.4326 189.9140 175.4446 0.4144  21855.1292 0.0000 0.0000 0.0000 0.0000 21855.1292
2023 2 28 0 4.9000 124.0900 0.5000 4.9000 0.0000 186.3366 189.8181 175.3543 0.4142  21759.7138 0.0000 0.0000 0.0000 0.0000 21759.7138
2023 3 1 0 4.9000 130.8400 0.5000 4.9000 0.0000 186.2375 189.7190 175.2610 0.4140  22931.1538 0.0000 0.0000 0.0000 0.0000 22931.1538
2023 3 2 0 4.9000 120.4000 0.5000 4.9000 0.0000 186.1374 189.6188 175.1668 0.4138  21090.0817 0.0000 0.0000 0.0000 0.0000 21090.0817
2023 3 3 0 4.9000 115.5800 0.5000 4.9000 0.0000 186.0316 189.5130 175.0672 0.4135  20234.2706 0.0000 0.0000 0.0000 0.0000 20234.2706
2023 3 4 0 4.9000 112.2200 0.5000 4.9000 0.0000 185.9214 189.4028 174.9635 0.4133  19634.4064 0.0000 0.0000 0.0000 0.0000 19634.4064
2023 3 5 0 4.9000 129.9600 0.5000 4.9000 0.0000 185.8151 189.2965 174.8635 0.4130  22725.2567 0.0000 0.0000 0.0000 0.0000 22725.2567
2023 3 6 0 4.9000 153.1300 0.5000 4.9000 0.0000 185.7031 189.1845 174.7581 0.4128  26760.7077 0.0000 0.0000 0.0000 0.0000 26760.7077
2023 3 7 0 4.9000 116.0800 0.5000 4.9000 0.0000 185.5731 189.0546 174.6358 0.4125  20271.7240 0.0000 0.0000 0.0000 0.0000 20271.7240
2023 3 8 0 4.9000 150.8300 0.5000 4.9000 0.0000 185.4374 188.9188 174.5080 0.4122  26321.0466 0.0000 0.0000 0.0000 0.0000 26321.0466
2023 3 9 0 4.9000 138.5100 0.5000 4.9000 0.0000 185.3007 188.7822 174.3794 0.4119  24153.2942 0.0000 0.0000 0.0000 0.0000 24153.2942
2023 3 10 0 4.9000 127.3700 0.5000 4.9000 0.0000 185.1597 188.6411 174.2467 0.4116  22193.8007 0.0000 0.0000 0.0000 0.0000 22193.8007
2023 3 11 0 4.9000 110.5300 0.5000 4.9000 0.0000 185.0167 188.4981 174.1121 0.4113  19244.6115 0.0000 0.0000 0.0000 0.0000 19244.6115
2023 3 12 0 4.9000 106.8200 0.5000 4.9000 0.0000 184.8726 188.3540 173.9765 0.4109  18584.1743 0.0000 0.0000 0.0000 0.0000 18584.1743
2023 3 13 0 4.9000 94.6800 0.5000 4.9000 0.0000 184.7292 188.2107 173.8416 0.4106  16459.3265 0.0000 0.0000 0.0000 0.0000 16459.3265
2023 3 14 0 4.9000 102.8300 0.5000 4.9000 0.0000 184.5878 188.0693 173.7086 0.4103  17862.4515 0.0000 0.0000 0.0000 0.0000 17862.4515
2023 3 15 0 4.9000 121.6400 0.5000 4.9000 0.0000 184.4468 187.9282 173.5758 0.4100  21113.7618 0.0000 0.0000 0.0000 0.0000 21113.7618
2023 3 16 0 4.9000 112.8100 0.5000 4.9000 0.0000 184.3039 187.7854 173.4414 0.4097  19565.9246 0.0000 0.0000 0.0000 0.0000 19565.9246
2023 3 17 0 4.9000 104.1500 0.5000 4.9000 0.0000 184.1632 187.6447 173.3090 0.4094  18050.1316 0.0000 0.0000 0.0000 0.0000 18050.1316
2023 3 18 0 4.9000 109.0000 0.5000 4.9000 0.0000 184.0292 187.5107 173.1829 0.4091  18876.9340 0.0000 0.0000 0.0000 0.0000 18876.9340
2023 3 19 0 4.9000 110.0900 0.5000 4.9000 0.0000 183.9016 187.3830 173.0627 0.4088  19052.4769 0.0000 0.0000 0.0000 0.0000 19052.4769
2023 3 20 0 4.9000 116.7600 0.5000 4.9000 0.0000 183.7799 187.2614 172.9482 0.4085  20193.4380 0.0000 0.0000 0.0000 0.0000 20193.4380
2023 3 21 0 4.9000 111.3100 0.5000 4.9000 0.0000 183.6625 187.1439 172.8377 0.4083  19238.5681 0.0000 0.0000 0.0000 0.0000 19238.5681
2023 3 22 0 4.9000 92.3600 0.5000 4.9000 0.0000 183.5466 187.0281 172.7287 0.4080  15953.2246 0.0000 0.0000 0.0000 0.0000 15953.2246
2023 3 23 0 4.9000 86.1100 0.5000 4.9000 0.0000 183.4359 186.9173 172.6245 0.4077  14864.6968 0.0000 0.0000 0.0000 0.0000 14864.6968
2023 3 24 0 4.9000 83.8300 0.5000 4.9000 0.0000 183.3410 186.8225 172.5352 0.4075  14463.6294 0.0000 0.0000 0.0000 0.0000 14463.6294
2023 3 25 0 4.9000 73.3600 0.5000 4.9000 0.0000 183.2680 186.7495 172.4665 0.4074  12652.1457 0.0000 0.0000 0.0000 0.0000 12652.1457
2023 3 26 0 4.9000 92.4600 0.5000 4.9000 0.0000 183.2060 186.6874 172.4081 0.4072  15940.8559 0.0000 0.0000 0.0000 0.0000 15940.8559
2023 3 27 0 4.9000 100.9400 0.5000 4.9000 0.0000 183.1455 186.6269 172.3512 0.4071  17397.1324 0.0000 0.0000 0.0000 0.0000 17397.1324
2023 3 28 0 4.9000 123.8500 0.5000 4.9000 0.0000 183.0797 186.5612 172.2893 0.4070  21338.0327 0.0000 0.0000 0.0000 0.0000 21338.0327
2023 3 29 0 4.9000 127.0200 0.5000 4.9000 0.0000 182.9912 186.4726 172.2060 0.4068  21873.6089 0.0000 0.0000 0.0000 0.0000 21873.6089
2023 3 30 0 4.9000 103.7800 0.5000 4.9000 0.0000 182.8828 186.3642 172.1040 0.4065  17860.9505 0.0000 0.0000 0.0000 0.0000 17860.9505
2023 3 31 0 4.9000 111.8200 0.5000 4.9000 0.0000 182.7696 186.2510 171.9974 0.4063  19232.7545 0.0000 0.0000 0.0000 0.0000 19232.7545
2023 4 1 0 4.9000 97.9300 0.5000 4.9000 0.0000 182.6613 186.1427 171.8956 0.4060  16833.7326 0.0000 0.0000 0.0000 0.0000 16833.7326
2023 4 2 0 4.9000 105.1000 0.5000 4.9000 0.0000 182.5617 186.0431 171.8018 0.4058  18056.3700 0.0000 0.0000 0.0000 0.0000 18056.3700
2023 4 3 0 4.9000 126.4800 0.5000 4.9000 0.0000 182.4624 185.9438 171.7084 0.4056  21717.6777 0.0000 0.0000 0.0000 0.0000 21717.6777
2023 4 4 0 4.9000 133.1300 0.5000 4.9000 0.0000 182.3525 185.8340 171.6050 0.4053  22845.7762 0.0000 0.0000 0.0000 0.0000 22845.7762
2023 4 5 0 4.9000 130.9100 0.5000 4.9000 0.0000 182.2356 185.7171 171.4950 0.4051  22450.4108 0.0000 0.0000 0.0000 0.0000 22450.4108
2023 4 6 0 4.9000 125.8900 0.5000 4.9000 0.0000 182.1154 185.5968 171.3818 0.4048  21575.2586 0.0000 0.0000 0.0000 0.0000 21575.2586
2023 4 7 0 4.9000 117.9200 0.5000 4.9000 0.0000 181.9890 185.4704 171.2629 0.4045  20195.3157 0.0000 0.0000 0.0000 0.0000 20195.3157
2023 4 8 0 4.9000 120.6500 0.5000 4.9000 0.0000 181.8739 185.3554 171.1546 0.4043  20649.8035 0.0000 0.0000 0.0000 0.0000 20649.8035
2023 4 9 0 4.9000 110.2100 0.5000 4.9000 0.0000 181.7573 185.2387 171.0448 0.4040  18850.8512 0.0000 0.0000 0.0000 0.0000 18850.8512
2023 4 10 0 4.9000 54.3700 0.5000 4.9000 0.0000 181.6299 185.1113 170.9249 0.4037  9293.1881 0.0000 0.0000 0.0000 0.0000 9293.1881
2023 4 11 0 4.9000 84.4600 0.5000 4.9000 0.0000 181.6341 185.1155 170.9289 0.4037  14436.6537 0.0000 0.0000 0.0000 0.0000 14436.6537
2023 4 12 0 4.9000 111.9800 0.5000 4.9000 0.0000 181.7492 185.2307 171.0373 0.4040  19152.7545 0.0000 0.0000 0.0000 0.0000 19152.7545
2023 4 13 0 4.9000 107.2100 0.5000 4.9000 0.0000 181.8329 185.3144 171.1160 0.4042  18345.3501 0.0000 0.0000 0.0000 0.0000 18345.3501
2023 4 14 0 4.9000 118.9300 0.5000 4.9000 0.0000 181.9385 185.4200 171.2154 0.4044  20362.6475 0.0000 0.0000 0.0000 0.0000 20362.6475
2023 4 15 0 4.9000 111.6600 0.5000 4.9000 0.0000 182.0757 185.5572 171.3445 0.4047  19132.3270 0.0000 0.0000 0.0000 0.0000 19132.3270
2023 4 16 0 4.9000 115.1500 0.5000 4.9000 0.0000 182.2083 185.6898 171.4693 0.4050  19744.6877 0.0000 0.0000 0.0000 0.0000 19744.6877
2023 4 17 0 4.9000 125.4800 0.5000 4.9000 0.0000 182.3502 185.8317 171.6029 0.4053  21532.7269 0.0000 0.0000 0.0000 0.0000 21532.7269
2023 4 18 0 4.9000 114.7600 0.5000 4.9000 0.0000 182.5109 185.9923 171.7540 0.4057  19710.4919 0.0000 0.0000 0.0000 0.0000 19710.4919
2023 4 19 0 4.9000 108.7500 0.5000 4.9000 0.0000 182.6874 186.1688 171.9201 0.4061  18696.3132 0.0000 0.0000 0.0000 0.0000 18696.3132
2023 4 20 0 4.9000 111.1600 0.5000 4.9000 0.0000 182.8828 186.3642 172.1040 0.4065  19131.0787 0.0000 0.0000 0.0000 0.0000 19131.0787
2023 4 21 0 4.9000 107.9900 0.5000 4.9000 0.0000 183.1074 186.5888 172.3154 0.4070  18608.3372 0.0000 0.0000 0.0000 0.0000 18608.3372
2023 4 22 0 4.9000 98.4000 0.5000 4.9000 0.0000 183.3687 186.8502 172.5613 0.4076  16980.0313 0.0000 0.0000 0.0000 0.0000 16980.0313
2023 4 23 0 4.9000 97.8600 0.5000 4.9000 0.0000 183.7334 187.2148 172.9044 0.4084  16920.4289 0.0000 0.0000 0.0000 0.0000 16920.4289
2023 4 24 0 4.9000 116.5300 0.5000 4.9000 0.0000 184.1918 187.6733 173.3359 0.4094  20198.8289 0.0000 0.0000 0.0000 0.0000 20198.8289
2023 4 25 0 4.9000 104.4700 0.5000 4.9000 0.0000 184.6330 188.1144 173.7510 0.4104  18151.7713 0.0000 0.0000 0.0000 0.0000 18151.7713
2023 4 26 0 4.9000 114.3700 0.5000 4.9000 0.0000 185.0048 188.4863 174.1010 0.4112  19911.9312 0.0000 0.0000 0.0000 0.0000 19911.9312
2023 4 27 0 4.9000 123.3800 0.5000 4.9000 0.0000 185.2886 188.7700 174.3680 0.4119  21513.5212 0.0000 0.0000 0.0000 0.0000 21513.5212
2023 4 28 0 4.9000 121.7100 0.5000 4.9000 0.0000 185.4956 188.9770 174.5628 0.4123  21246.0369 0.0000 0.0000 0.0000 0.0000 21246.0369
2023 4 29 0 4.9000 112.7000 0.5000 4.9000 0.0000 185.6516 189.1331 174.7096 0.4127  19689.7760 0.0000 0.0000 0.0000 0.0000 19689.7760
2023 4 30 0 4.9000 99.7900 0.5000 4.9000 0.0000 185.7752 189.2567 174.8260 0.4129  17445.8828 0.0000 0.0000 0.0000 0.0000 17445.8828
2023 5 1 0 4.9000 106.3400 0.5000 4.9000 0.0000 185.8814 189.3628 174.9259 0.4132  18601.6146 0.0000 0.0000 0.0000 0.0000 18601.6146
2023 5 2 0 4.9000 121.7900 0.5000 4.9000 0.0000 185.9826 189.4640 175.0211 0.4134  21315.8199 0.0000 0.0000 0.0000 0.0000 21315.8199
2023 5 3 0 4.9000 118.1800 0.5000 4.9000 0.0000 186.0900 189.5714 175.1222 0.4136  20695.9361 0.0000 0.0000 0.0000 0.0000 20695.9361
2023 5 4 0 4.9000 112.1600 0.5000 4.9000 0.0000 186.2056 189.6871 175.2310 0.4139  19653.9103 0.0000 0.0000 0.0000 0.0000 19653.9103
2023 5 5 0 4.9000 97.5700 0.5000 4.9000 0.0000 186.3120 189.7934 175.3311 0.4141  17107.0519 0.0000 0.0000 0.0000 0.0000 17107.0519
2023 5 6 0 4.9000 94.9300 0.5000 4.9000 0.0000 186.3954 189.8768 175.4096 0.4143  16651.6288 0.0000 0.0000 0.0000 0.0000 16651.6288
2023 5 7 0 4.9000 88.0500 0.5000 4.9000 0.0000 186.4759 189.9574 175.4854 0.4145  15451.4885 0.0000 0.0000 0.0000 0.0000 15451.4885
2023 5 8 0 4.9000 102.0400 0.5000 4.9000 0.0000 186.5840 190.0655 175.5871 0.4147  17916.9079 0.0000 0.0000 0.0000 0.0000 17916.9079
2023 5 9 0 4.9000 96.1600 0.5000 4.9000 0.0000 186.7743 190.2557 175.7661 0.4152  16901.6730 0.0000 0.0000 0.0000 0.0000 16901.6730
2023 5 10 0 4.9000 94.0200 0.5000 4.9000 0.0000 187.1809 190.6623 176.1488 0.4161  16561.5085 0.0000 0.0000 0.0000 0.0000 16561.5085
2023 5 11 0 4.9000 101.3600 0.5000 4.9000 0.0000 187.7760 191.2574 176.7088 0.4174  17911.2057 0.0000 0.0000 0.0000 0.0000 17911.2057
2023 5 12 0 4.9000 91.5000 0.5000 4.9000 0.0000 188.4081 191.8896 177.3037 0.4188  16223.2876 0.0000 0.0000 0.0000 0.0000 16223.2876
2023 5 13 0 4.9000 74.6100 0.5000 4.9000 0.0000 189.0607 192.5422 177.9178 0.4203  13274.4481 0.0000 0.0000 0.0000 0.0000 13274.4481
2023 5 14 0 4.9000 72.7500 0.5000 4.9000 0.0000 189.7237 193.2051 178.5417 0.4217  12988.9105 0.0000 0.0000 0.0000 0.0000 12988.9105
2023 5 15 0 4.9000 94.8900 0.5000 4.9000 0.0000 190.3726 193.8540 179.1524 0.4232  16999.7675 0.0000 0.0000 0.0000 0.0000 16999.7675
2023 5 16 0 4.9000 63.0700 0.5000 4.9000 0.0000 191.0019 194.4833 179.7446 0.4246  11336.4907 0.0000 0.0000 0.0000 0.0000 11336.4907
2023 5 17 0 4.9000 54.3000 0.5000 4.9000 0.0000 191.5744 195.0558 180.2833 0.4258  9789.3846 0.0000 0.0000 0.0000 0.0000 9789.3846
2023 5 18 0 4.9000 88.1100 0.5000 4.9000 0.0000 192.0453 195.5267 180.7265 0.4269  15923.8081 0.0000 0.0000 0.0000 0.0000 15923.8081
2023 5 19 0 4.9000 92.9400 0.5000 4.9000 0.0000 192.4309 195.9123 181.0893 0.4277  16830.4440 0.0000 0.0000 0.0000 0.0000 16830.4440
2023 5 20 0 4.9000 52.6300 0.5000 4.9000 0.0000 192.7926 196.2741 181.4298 0.4285  9548.6501 0.0000 0.0000 0.0000 0.0000 9548.6501
2023 5 21 0 4.9000 37.1300 0.5000 4.9000 0.0000 193.1549 196.6363 181.7707 0.4294  6749.1463 0.0000 0.0000 0.0000 0.0000 6749.1463
2023 5 22 0 4.9000 84.4700 0.5000 4.9000 0.0000 193.5216 197.0030 182.1158 0.4302  15383.3183 0.0000 0.0000 0.0000 0.0000 15383.3183
2023 5 23 0 4.9000 63.0000 0.5000 4.9000 0.0000 193.9898 197.4713 182.5564 0.4312  11501.0543 0.0000 0.0000 0.0000 0.0000 11501.0543
2023 5 24 0 4.9000 82.4800 0.5000 4.9000 0.0000 194.5224 198.0039 183.0576 0.4324  15098.5945 0.0000 0.0000 0.0000 0.0000 15098.5945
2023 5 25 0 4.9000 57.6600 0.5000 4.9000 0.0000 194.9902 198.4717 183.4978 0.4334  10580.4852 0.0000 0.0000 0.0000 0.0000 10580.4852
2023 5 26 0 4.9000 61.9200 0.5000 4.9000 0.0000 195.3820 198.8635 183.8666 0.4343  11385.0173 0.0000 0.0000 0.0000 0.0000 11385.0173
2023 5 27 0 4.9000 61.7400 0.5000 4.9000 0.0000 195.6976 199.1790 184.1635 0.4350  11370.2556 0.0000 0.0000 0.0000 0.0000 11370.2556
2023 5 28 0 4.9000 48.1500 0.5000 4.9000 0.0000 195.9496 199.4310 184.4007 0.4356  8878.8927 0.0000 0.0000 0.0000 0.0000 8878.8927
2023 5 29 0 4.9000 41.9900 0.5000 4.9000 0.0000 196.1469 199.6283 184.5863 0.4360  7750.7809 0.0000 0.0000 0.0000 0.0000 7750.7809
2023 5 30 0 4.9000 85.7800 0.5000 4.9000 0.0000 196.2942 199.7757 184.7250 0.4363  15845.7088 0.0000 0.0000 0.0000 0.0000 15845.7088
2023 5 31 0 4.9000 60.1500 0.5000 4.9000 0.0000 196.4018 199.8833 184.8263 0.4366  11117.3005 0.0000 0.0000 0.0000 0.0000 11117.3005
2023 6 1 0 4.9000 67.1300 0.5000 4.9000 0.0000 196.4801 199.9615 184.8999 0.4367  12412.3294 0.0000 0.0000 0.0000 0.0000 12412.3294
2023 6 2 0 4.9000 80.9600 0.5000 4.9000 0.0000 196.5322 200.0136 184.9489 0.4369  14973.4648 0.0000 0.0000 0.0000 0.0000 14973.4648
2023 6 3 0 4.9000 62.3200 0.5000 4.9000 0.0000 196.5583 200.0398 184.9735 0.4369  11527.5495 0.0000 0.0000 0.0000 0.0000 11527.5495
2023 6 4 0 4.9000 61.2100 0.5000 4.9000 0.0000 196.5606 200.0420 184.9757 0.4369  11322.3605 0.0000 0.0000 0.0000 0.0000 11322.3605
2023 6 5 0 4.9000 87.8500 0.5000 4.9000 0.0000 196.5431 200.0246 184.9592 0.4369  16248.6675 0.0000 0.0000 0.0000 0.0000 16248.6675
2023 6 6 0 4.9000 90.1800 0.5000 4.9000 0.0000 196.5090 199.9904 184.9271 0.4368  16676.7259 0.0000 0.0000 0.0000 0.0000 16676.7259
2023 6 7 0 4.9000 96.7800 0.5000 4.9000 0.0000 196.4595 199.9409 184.8805 0.4367  17892.7373 0.0000 0.0000 0.0000 0.0000 17892.7373
2023 6 8 0 4.9000 89.0900 0.5000 4.9000 0.0000 196.3961 199.8776 184.8209 0.4366  16465.6926 0.0000 0.0000 0.0000 0.0000 16465.6926
2023 6 9 0 4.9000 88.9200 0.5000 4.9000 0.0000 196.3198 199.8013 184.7491 0.4364  16427.8909 0.0000 0.0000 0.0000 0.0000 16427.8909
2023 6 10 0 4.9000 61.8300 0.5000 4.9000 0.0000 196.2320 199.7134 184.6664 0.4362  11417.9253 0.0000 0.0000 0.0000 0.0000 11417.9253
2023 6 11 0 4.9000 47.6500 0.5000 4.9000 0.0000 196.1343 199.6158 184.5745 0.4360  8794.9757 0.0000 0.0000 0.0000 0.0000 8794.9757
2023 6 12 0 4.9000 88.7900 0.5000 4.9000 0.0000 196.0280 199.5094 184.4745 0.4357  16379.4866 0.0000 0.0000 0.0000 0.0000 16379.4866
2023 6 13 0 4.9000 99.0700 0.5000 4.9000 0.0000 195.9141 199.3956 184.3673 0.4355  18265.2704 0.0000 0.0000 0.0000 0.0000 18265.2704
2023 6 14 0 4.9000 105.6600 0.5000 4.9000 0.0000 195.7943 199.2757 184.2545 0.4352  19468.3316 0.0000 0.0000 0.0000 0.0000 19468.3316
2023 6 15 0 4.9000 116.5000 0.5000 4.9000 0.0000 195.6696 199.1511 184.1372 0.4349  21451.9874 0.0000 0.0000 0.0000 0.0000 21451.9874
2023 6 16 0 4.9000 123.1200 0.5000 4.9000 0.0000 195.5416 199.0230 184.0167 0.4347  22656.1402 0.0000 0.0000 0.0000 0.0000 22656.1402
2023 6 17 0 4.9000 107.5100 0.5000 4.9000 0.0000 195.4113 198.8927 183.8941 0.4344  19770.4525 0.0000 0.0000 0.0000 0.0000 19770.4525
2023 6 18 0 4.9000 102.7200 0.5000 4.9000 0.0000 195.2791 198.7606 183.7697 0.4341  18876.8271 0.0000 0.0000 0.0000 0.0000 18876.8271
2023 6 19 0 4.9000 116.7200 0.5000 4.9000 0.0000 195.1454 198.6268 183.6439 0.4338  21434.9105 0.0000 0.0000 0.0000 0.0000 21434.9105
2023 6 20 0 4.9000 131.3100 0.5000 4.9000 0.0000 195.0103 198.4917 183.5167 0.4335  24097.5828 0.0000 0.0000 0.0000 0.0000 24097.5828
2023 6 21 0 4.9000 131.9100 0.5000 4.9000 0.0000 194.8744 198.3559 183.3889 0.4332  24190.8254 0.0000 0.0000 0.0000 0.0000 24190.8254
2023 6 22 0 4.9000 129.3300 0.5000 4.9000 0.0000 194.7375 198.2190 183.2601 0.4329  23701.0239 0.0000 0.0000 0.0000 0.0000 23701.0239
2023 6 23 0 4.9000 112.7300 0.5000 4.9000 0.0000 194.5992 198.0806 183.1299 0.4326  20644.2315 0.0000 0.0000 0.0000 0.0000 20644.2315
2023 6 24 0 4.9000 91.6000 0.5000 4.9000 0.0000 194.4592 197.9407 182.9982 0.4323  16762.6306 0.0000 0.0000 0.0000 0.0000 16762.6306
2023 6 25 0 4.9000 78.9200 0.5000 4.9000 0.0000 194.3178 197.7992 182.8650 0.4319  14431.7093 0.0000 0.0000 0.0000 0.0000 14431.7093
2023 6 26 0 4.9000 97.3600 0.5000 4.9000 0.0000 194.1772 197.6586 182.7327 0.4316  17790.8570 0.0000 0.0000 0.0000 0.0000 17790.8570
2023 6 27 0 4.9000 97.1000 0.5000 4.9000 0.0000 194.0396 197.5211 182.6033 0.4313  17730.7798 0.0000 0.0000 0.0000 0.0000 17730.7798
2023 6 28 0 4.9000 110.3800 0.5000 4.9000 0.0000 193.9024 197.3839 182.4742 0.4310  20141.5004 0.0000 0.0000 0.0000 0.0000 20141.5004
2023 6 29 0 4.9000 115.5800 0.5000 4.9000 0.0000 193.7639 197.2454 182.3438 0.4307  21075.3025 0.0000 0.0000 0.0000 0.0000 21075.3025
2023 6 30 0 4.9000 106.1600 0.5000 4.9000 0.0000 193.6289 197.1103 182.2167 0.4304  19344.1297 0.0000 0.0000 0.0000 0.0000 19344.1297
2023 7 1 0 4.9000 61.0800 0.5000 4.9000 0.0000 193.4969 196.9784 182.0925 0.4301  11122.2132 0.0000 0.0000 0.0000 0.0000 11122.2132
2023 7 2 0 4.9000 15.9100 0.5000 4.9000 0.0000 193.3666 196.8480 181.9699 0.4298  2895.1410 0.0000 0.0000 0.0000 0.0000 2895.1410
2023 7 3 0 4.9000 50.3200 0.5000 4.9000 0.0000 193.2382 196.7196 181.8491 0.4295  9150.6460 0.0000 0.0000 0.0000 0.0000 9150.6460
2023 7 4 0 4.9000 83.2500 0.5000 4.9000 0.0000 193.1149 196.5963 181.7330 0.4293  15129.2758 0.0000 0.0000 0.0000 0.0000 15129.2758
2023 7 5 0 4.9000 80.5300 0.5000 4.9000 0.0000 192.9965 196.4779 181.6216 0.4290  14625.9880 0.0000 0.0000 0.0000 0.0000 14625.9880
2023 7 6 0 4.9000 96.7500 0.5000 4.9000 0.0000 192.8803 196.3618 181.5123 0.4287  17561.3177 0.0000 0.0000 0.0000 0.0000 17561.3177
2023 7 7 0 4.9000 101.0400 0.5000 4.9000 0.0000 192.7649 196.2463 181.4037 0.4285  18329.0261 0.0000 0.0000 0.0000 0.0000 18329.0261
2023 7 8 0 4.9000 87.4600 0.5000 4.9000 0.0000 192.6437 196.1251 181.2896 0.4282  15855.5896 0.0000 0.0000 0.0000 0.0000 15855.5896
2023 7 9 0 4.9000 94.0500 0.5000 4.9000 0.0000 192.5169 195.9984 181.1703 0.4279  17039.0714 0.0000 0.0000 0.0000 0.0000 17039.0714
2023 7 10 0 4.9000 98.2100 0.5000 4.9000 0.0000 192.3894 195.8708 181.0503 0.4277  17780.9501 0.0000 0.0000 0.0000 0.0000 17780.9501
2023 7 11 0 4.9000 89.8900 0.5000 4.9000 0.0000 192.2716 195.7531 180.9395 0.4274  16264.6502 0.0000 0.0000 0.0000 0.0000 16264.6502
2023 7 12 0 4.9000 76.6900 0.5000 4.9000 0.0000 192.1800 195.6614 180.8533 0.4272  13869.6369 0.0000 0.0000 0.0000 0.0000 13869.6369
2023 7 13 0 4.9000 83.4900 0.5000 4.9000 0.0000 192.1008 195.5822 180.7787 0.4270  15093.2144 0.0000 0.0000 0.0000 0.0000 15093.2144
2023 7 14 0 4.9000 85.4800 0.5000 4.9000 0.0000 192.0124 195.4939 180.6956 0.4268  15445.8572 0.0000 0.0000 0.0000 0.0000 15445.8572
2023 7 15 0 4.9000 33.3300 0.5000 4.9000 0.0000 191.9319 195.4134 180.6198 0.4266  6020.0578 0.0000 0.0000 0.0000 0.0000 6020.0578
2023 7 16 0 4.9000 17.8600 0.5000 4.9000 0.0000 191.9200 195.4014 180.6086 0.4266  3225.6691 0.0000 0.0000 0.0000 0.0000 3225.6691
2023 7 17 0 4.9000 30.5600 0.5000 4.9000 0.0000 192.0147 195.4962 180.6977 0.4268  5522.1220 0.0000 0.0000 0.0000 0.0000 5522.1220
2023 7 18 0 4.9000 64.7000 0.5000 4.9000 0.0000 192.1380 195.6195 180.8138 0.4271  11698.6496 0.0000 0.0000 0.0000 0.0000 11698.6496
2023 7 19 0 4.9000 77.7600 0.5000 4.9000 0.0000 192.2100 195.6915 180.8815 0.4273  14065.3489 0.0000 0.0000 0.0000 0.0000 14065.3489
2023 7 20 0 4.9000 64.6700 0.5000 4.9000 0.0000 192.2345 195.7160 180.9046 0.4273  11699.0998 0.0000 0.0000 0.0000 0.0000 11699.0998
2023 7 21 0 4.9000 83.1300 0.5000 4.9000 0.0000 192.2282 195.7096 180.8986 0.4273  15038.1002 0.0000 0.0000 0.0000 0.0000 15038.1002
2023 7 22 0 4.9000 75.6300 0.5000 4.9000 0.0000 192.2004 195.6819 180.8725 0.4272  13679.3845 0.0000 0.0000 0.0000 0.0000 13679.3845
2023 7 23 0 4.9000 33.2000 0.5000 4.9000 0.0000 192.1627 195.6441 180.8370 0.4271  6003.7874 0.0000 0.0000 0.0000 0.0000 6003.7874
2023 7 24 0 4.9000 69.9000 0.5000 4.9000 0.0000 192.1166 195.5981 180.7936 0.4270  12637.4745 0.0000 0.0000 0.0000 0.0000 12637.4745
2023 7 25 0 4.9000 60.2500 0.5000 4.9000 0.0000 192.0557 195.5372 180.7363 0.4269  10889.3616 0.0000 0.0000 0.0000 0.0000 10889.3616
2023 7 26 0 4.9000 69.5200 0.5000 4.9000 0.0000 191.9822 195.4637 180.6671 0.4267  12559.9781 0.0000 0.0000 0.0000 0.0000 12559.9781
2023 7 27 0 4.9000 87.3400 0.5000 4.9000 0.0000 191.9002 195.3817 180.5900 0.4266  15772.7273 0.0000 0.0000 0.0000 0.0000 15772.7273
2023 7 28 0 4.9000 86.7600 0.5000 4.9000 0.0000 191.8091 195.2905 180.5042 0.4264  15660.5451 0.0000 0.0000 0.0000 0.0000 15660.5451
2023 7 29 0 4.9000 74.6100 0.5000 4.9000 0.0000 191.7078 195.1893 180.4089 0.4261  13460.3089 0.0000 0.0000 0.0000 0.0000 13460.3089
2023 7 30 0 4.9000 39.5200 0.5000 4.9000 0.0000 191.5990 195.0804 180.3065 0.4259  7125.7121 0.0000 0.0000 0.0000 0.0000 7125.7121
2023 7 31 0 4.9000 69.3300 0.5000 4.9000 0.0000 191.4781 194.9596 180.1928 0.4256  12492.7650 0.0000 0.0000 0.0000 0.0000 12492.7650
2023 8 1 0 4.9000 73.8700 0.5000 4.9000 0.0000 191.3450 194.8265 180.0675 0.4253  13301.5859 0.0000 0.0000 0.0000 0.0000 13301.5859
2023 8 2 0 4.9000 64.7500 0.5000 4.9000 0.0000 191.2075 194.6889 179.9381 0.4250  11650.9894 0.0000 0.0000 0.0000 0.0000 11650.9894
2023 8 3 0 4.9000 43.5500 0.5000 4.9000 0.0000 191.0678 194.5493 179.8066 0.4247  7830.5791 0.0000 0.0000 0.0000 0.0000 7830.5791
2023 8 4 0 4.9000 62.1300 0.5000 4.9000 0.0000 190.9271 194.4086 179.6742 0.4244  11163.1598 0.0000 0.0000 0.0000 0.0000 11163.1598
2023 8 5 0 4.9000 76.9400 0.5000 4.9000 0.0000 190.7861 194.2675 179.5415 0.4241  13813.9217 0.0000 0.0000 0.0000 0.0000 13813.9217
2023 8 6 0 4.9000 57.5500 0.5000 4.9000 0.0000 190.6439 194.1254 179.4077 0.4238  10324.9150 0.0000 0.0000 0.0000 0.0000 10324.9150
2023 8 7 0 4.9000 16.8300 0.5000 4.9000 0.0000 190.5006 193.9820 179.2728 0.4235  3017.1617 0.0000 0.0000 0.0000 0.0000 3017.1617
2023 8 8 0 4.9000 0.0400 0.5000 4.9000 0.0000 190.3803 193.8618 179.1597 0.4232  7.1664 0.0000 0.0000 0.0000 0.0000 7.1664
2023 8 9 0 4.9000 14.7000 0.5000 4.9000 0.0000 190.2781 193.7595 179.0634 0.4230  2632.2323 0.0000 0.0000 0.0000 0.0000 2632.2323
2023 8 10 0 4.9000 51.2900 0.5000 4.9000 0.0000 190.1645 193.6460 178.9566 0.4227  9178.6821 0.0000 0.0000 0.0000 0.0000 9178.6821
2023 8 11 0 4.9000 72.3800 0.5000 4.9000 0.0000 190.0406 193.5220 178.8399 0.4224  12944.4321 0.0000 0.0000 0.0000 0.0000 12944.4321
2023 8 12 0 4.9000 69.7000 0.5000 4.9000 0.0000 189.9087 193.3901 178.7158 0.4221  12456.4900 0.0000 0.0000 0.0000 0.0000 12456.4900
2023 8 13 0 4.9000 63.1900 0.5000 4.9000 0.0000 189.7718 193.2533 178.5870 0.4218  11284.9138 0.0000 0.0000 0.0000 0.0000 11284.9138
2023 8 14 0 4.9000 85.9500 0.5000 4.9000 0.0000 189.6341 193.1156 178.4574 0.4215  15338.4156 0.0000 0.0000 0.0000 0.0000 15338.4156
2023 8 15 0 4.9000 82.7300 0.5000 4.9000 0.0000 189.5405 193.0219 178.3693 0.4213  14756.4944 0.0000 0.0000 0.0000 0.0000 14756.4944
2023 8 16 0 4.9000 93.5300 0.5000 4.9000 0.0000 189.5105 192.9920 178.3411 0.4213  16680.2438 0.0000 0.0000 0.0000 0.0000 16680.2438
2023 8 17 0 4.9000 92.9900 0.5000 4.9000 0.0000 189.4865 192.9680 178.3185 0.4212  16581.8409 0.0000 0.0000 0.0000 0.0000 16581.8409
2023 8 18 0 4.9000 84.3900 0.5000 4.9000 0.0000 189.4373 192.9188 178.2722 0.4211  15044.3949 0.0000 0.0000 0.0000 0.0000 15044.3949
2023 8 19 0 4.9000 48.8800 0.5000 4.9000 0.0000 189.3746 192.8560 178.2132 0.4209  8711.0602 0.0000 0.0000 0.0000 0.0000 8711.0602
2023 8 20 0 4.9000 75.6000 0.5000 4.9000 0.0000 189.3578 192.8393 178.1974 0.4209  13471.7240 0.0000 0.0000 0.0000 0.0000 13471.7240
2023 8 21 0 4.9000 88.4800 0.5000 4.9000 0.0000 189.3663 192.8477 178.2054 0.4209  15767.6123 0.0000 0.0000 0.0000 0.0000 15767.6123
2023 8 22 0 4.9000 92.0800 0.5000 4.9000 0.0000 189.3365 192.8179 178.1773 0.4209  16406.5692 0.0000 0.0000 0.0000 0.0000 16406.5692
2023 8 23 0 4.9000 99.5400 0.5000 4.9000 0.0000 189.2820 192.7634 178.1261 0.4207  17730.6681 0.0000 0.0000 0.0000 0.0000 17730.6681
2023 8 24 0 4.9000 99.6900 0.5000 4.9000 0.0000 189.2097 192.6912 178.0580 0.4206  17750.6051 0.0000 0.0000 0.0000 0.0000 17750.6051
2023 8 25 0 4.9000 93.1800 0.5000 4.9000 0.0000 189.1443 192.6257 177.9965 0.4204  16585.7106 0.0000 0.0000 0.0000 0.0000 16585.7106
2023 8 26 0 4.9000 87.9600 0.5000 4.9000 0.0000 189.1296 192.6111 177.9827 0.4204  15655.3575 0.0000 0.0000 0.0000 0.0000 15655.3575
2023 8 27 0 4.9000 89.4800 0.5000 4.9000 0.0000 189.1568 192.6383 178.0082 0.4205  15928.1785 0.0000 0.0000 0.0000 0.0000 15928.1785
2023 8 28 0 4.9000 91.8000 0.5000 4.9000 0.0000 189.1672 192.6487 178.0180 0.4205  16342.0563 0.0000 0.0000 0.0000 0.0000 16342.0563
2023 8 29 0 4.9000 95.0600 0.5000 4.9000 0.0000 189.1397 192.6211 177.9922 0.4204  16919.9334 0.0000 0.0000 0.0000 0.0000 16919.9334
2023 8 30 0 4.9000 99.5900 0.5000 4.9000 0.0000 189.0870 192.5684 177.9425 0.4203  17721.2965 0.0000 0.0000 0.0000 0.0000 17721.2965
2023 8 31 0 4.9000 97.2200 0.5000 4.9000 0.0000 189.0182 192.4997 177.8778 0.4202  17293.2821 0.0000 0.0000 0.0000 0.0000 17293.2821
