RESERVOIR node 0 KROKNESVATN
reservoir_init_fr= 0.66000  masl=410.462
Filling at HRW [Mm3] = 218.57000
Filling at LRW [Mm3] = 19.30000
Active reservoir capacity [Mm3] = 199.27000
yyyy mm dd hh [m3/s] [Euro/MWh] [fr] [m3/s] [Mm3] [masl] [fr] [Euro]         [m3/s]     [m3/s]    [m3/s]   [m3/s]    [m3/s] 
yyyy mm dd hh Inflow Price Action Up_Inflow Res_Mm3 Res_masl Res_fr lrw_cost tunnelflow hatchflow overflow auto_qmin tot_outflow
2022 9 1 0 0.6400 564.8800 0.0000 0.0000 150.4501 407.5592 0.6582 0.0000 4.9000 0.0000 0.0000 0.0000 4.9000 
2022 9 2 0 0.5800 425.8500 0.0000 0.0000 150.0769 407.4069 0.6563 0.0000 4.9000 0.0000 0.0000 0.0000 4.9000 
2022 9 3 0 0.5400 383.9200 0.0000 0.0000 149.7002 407.2531 0.6544 0.0000 4.9000 0.0000 0.0000 0.0000 4.9000 
2022 9 4 0 0.6700 310.1000 0.0000 0.0000 149.3347 407.1040 0.6526 0.0000 4.9000 0.0000 0.0000 0.0000 4.9000 
2022 9 5 0 0.6400 388.8400 0.0000 0.0000 148.9666 406.9537 0.6507 0.0000 4.9000 0.0000 0.0000 0.0000 4.9000 
2022 9 6 0 0.5900 414.3500 0.0000 0.0000 148.5943 406.8017 0.6488 0.0000 4.9000 0.0000 0.0000 0.0000 4.9000 
2022 9 7 0 0.5600 451.5300 0.0000 0.0000 148.2193 406.6487 0.6470 0.0000 4.9000 0.0000 0.0000 0.0000 4.9000 
2022 9 8 0 0.5200 426.5600 0.0000 0.0000 147.8409 406.4942 0.6451 0.0000 4.9000 0.0000 0.0000 0.0000 4.9000 
2022 9 9 0 0.4900 352.9300 0.0000 0.0000 147.4598 406.3387 0.6431 0.0000 4.9000 0.0000 0.0000 0.0000 4.9000 
2022 9 10 0 0.4600 410.9400 0.0000 0.0000 147.0762 406.1821 0.6412 0.0000 4.9000 0.0000 0.0000 0.0000 4.9000 
2022 9 11 0 0.4400 400.0100 0.0000 0.0000 146.6909 406.0248 0.6393 0.0000 4.9000 0.0000 0.0000 0.0000 4.9000 
2022 9 12 0 1.1700 407.9500 0.0000 0.0000 146.3686 405.8933 0.6377 0.0000 4.9000 0.0000 0.0000 0.0000 4.9000 
2022 9 13 0 4.6500 382.5800 0.0000 0.0000 146.3470 405.8845 0.6376 0.0000 4.9000 0.0000 0.0000 0.0000 4.9000 
2022 9 14 0 2.9100 425.5000 0.0000 0.0000 146.1751 405.8143 0.6367 0.0000 4.9000 0.0000 0.0000 0.0000 4.9000 
2022 9 15 0 2.2700 355.8200 0.0000 0.0000 145.9478 405.7216 0.6356 0.0000 4.9000 0.0000 0.0000 0.0000 4.9000 
2022 9 16 0 1.8500 329.3900 0.0000 0.0000 145.6843 405.6140 0.6342 0.0000 4.9000 0.0000 0.0000 0.0000 4.9000 
2022 9 17 0 1.4900 246.9600 0.0000 0.0000 145.3897 405.4938 0.6328 0.0000 4.9000 0.0000 0.0000 0.0000 4.9000 
2022 9 18 0 1.2100 117.5900 0.0000 0.0000 145.0709 405.3636 0.6312 0.0000 4.9000 0.0000 0.0000 0.0000 4.9000 
2022 9 19 0 1.0100 288.3300 0.0000 0.0000 144.7348 405.2264 0.6295 0.0000 4.9000 0.0000 0.0000 0.0000 4.9000 
2022 9 20 0 0.9200 380.8200 0.0000 0.0000 144.3909 405.0861 0.6277 0.0000 4.9000 0.0000 0.0000 0.0000 4.9000 
2022 9 21 0 0.8500 388.8300 0.0000 0.0000 144.0410 404.9433 0.6260 0.0000 4.9000 0.0000 0.0000 0.0000 4.9000 
2022 9 22 0 0.8000 378.9000 0.0000 0.0000 143.6867 404.7987 0.6242 0.0000 4.9000 0.0000 0.0000 0.0000 4.9000 
2022 9 23 0 0.8600 359.9800 0.0000 0.0000 143.3377 404.6562 0.6225 0.0000 4.9000 0.0000 0.0000 0.0000 4.9000 
2022 9 24 0 0.9300 350.7100 0.0000 0.0000 142.9947 404.5162 0.6207 0.0000 4.9000 0.0000 0.0000 0.0000 4.9000 
2022 9 25 0 0.9300 299.0800 0.0000 0.0000 142.6517 404.3762 0.6190 0.0000 4.9000 0.0000 0.0000 0.0000 4.9000 
2022 9 26 0 2.5800 259.4000 0.0000 0.0000 142.4512 404.2944 0.6180 0.0000 4.9000 0.0000 0.0000 0.0000 4.9000 
2022 9 27 0 5.0000 306.8900 0.0000 0.0000 142.4599 404.2979 0.6181 0.0000 4.9000 0.0000 0.0000 0.0000 4.9000 
2022 9 28 0 11.4500 308.5200 0.0000 0.0000 143.0258 404.5289 0.6209 0.0000 4.9000 0.0000 0.0000 0.0000 4.9000 
2022 9 29 0 8.0600 347.1000 0.0000 0.0000 143.2988 404.6403 0.6223 0.0000 4.9000 0.0000 0.0000 0.0000 4.9000 
2022 9 30 0 6.0900 278.9700 0.0000 0.0000 143.4016 404.6823 0.6228 0.0000 4.9000 0.0000 0.0000 0.0000 4.9000 
2022 10 1 0 13.2800 90.2400 0.0000 0.0000 144.1257 404.9778 0.6264 0.0000 4.9000 0.0000 0.0000 0.0000 4.9000 
2022 10 2 0 12.4800 182.7200 0.0000 0.0000 144.7806 405.2451 0.6297 0.0000 4.9000 0.0000 0.0000 0.0000 4.9000 
2022 10 3 0 9.1900 234.6000 0.0000 0.0000 145.1512 405.3964 0.6316 0.0000 4.9000 0.0000 0.0000 0.0000 4.9000 
2022 10 4 0 7.1400 199.0100 0.0000 0.0000 145.3448 405.4754 0.6325 0.0000 4.9000 0.0000 0.0000 0.0000 4.9000 
2022 10 5 0 6.8500 51.1100 0.0000 0.0000 145.5132 405.5442 0.6334 0.0000 4.9000 0.0000 0.0000 0.0000 4.9000 
2022 10 6 0 8.6000 23.8700 0.0000 0.0000 145.8329 405.6747 0.6350 0.0000 4.9000 0.0000 0.0000 0.0000 4.9000 
2022 10 7 0 9.6600 30.2900 0.0000 0.0000 146.2442 405.8425 0.6370 0.0000 4.9000 0.0000 0.0000 0.0000 4.9000 
2022 10 8 0 10.5800 53.3800 0.0000 0.0000 146.7349 406.0428 0.6395 0.0000 4.9000 0.0000 0.0000 0.0000 4.9000 
2022 10 9 0 8.3700 91.9400 0.0000 0.0000 147.0347 406.1652 0.6410 0.0000 4.9000 0.0000 0.0000 0.0000 4.9000 
2022 10 10 0 7.4100 137.7100 0.0000 0.0000 147.2516 406.2537 0.6421 0.0000 4.9000 0.0000 0.0000 0.0000 4.9000 
2022 10 11 0 7.3200 174.3200 0.0000 0.0000 147.4607 406.3391 0.6432 0.0000 4.9000 0.0000 0.0000 0.0000 4.9000 
2022 10 12 0 6.1200 199.9900 0.0000 0.0000 147.5661 406.3821 0.6437 0.0000 4.9000 0.0000 0.0000 0.0000 4.9000 
2022 10 13 0 5.7400 233.6000 0.0000 0.0000 147.6387 406.4117 0.6440 0.0000 4.9000 0.0000 0.0000 0.0000 4.9000 
2022 10 14 0 5.1400 217.2400 0.0000 0.0000 147.6594 406.4202 0.6441 0.0000 4.9000 0.0000 0.0000 0.0000 4.9000 
2022 10 15 0 9.4700 154.6600 0.0000 0.0000 148.0543 406.5813 0.6461 0.0000 4.9000 0.0000 0.0000 0.0000 4.9000 
2022 10 16 0 11.5600 113.2100 0.0000 0.0000 148.6297 406.8162 0.6490 0.0000 4.9000 0.0000 0.0000 0.0000 4.9000 
2022 10 17 0 11.0000 146.2200 0.0000 0.0000 149.1567 407.0313 0.6517 0.0000 4.9000 0.0000 0.0000 0.0000 4.9000 
2022 10 18 0 10.4500 163.8200 0.0000 0.0000 149.6362 407.2270 0.6541 0.0000 4.9000 0.0000 0.0000 0.0000 4.9000 
2022 10 19 0 9.0000 159.7000 0.0000 0.0000 149.9905 407.3716 0.6558 0.0000 4.9000 0.0000 0.0000 0.0000 4.9000 
2022 10 20 0 7.3400 142.1100 0.0000 0.0000 150.2013 407.4577 0.6569 0.0000 4.9000 0.0000 0.0000 0.0000 4.9000 
2022 10 21 0 6.1000 157.4800 0.0000 0.0000 150.3050 407.5000 0.6574 0.0000 4.9000 0.0000 0.0000 0.0000 4.9000 
2022 10 22 0 5.2100 142.0700 0.0000 0.0000 150.3318 407.5109 0.6576 0.0000 4.9000 0.0000 0.0000 0.0000 4.9000 
2022 10 23 0 4.5600 99.6700 0.0000 0.0000 150.3024 407.4989 0.6574 0.0000 4.9000 0.0000 0.0000 0.0000 4.9000 
2022 10 24 0 4.7600 85.2000 0.0000 0.0000 150.2903 407.4940 0.6574 0.0000 4.9000 0.0000 0.0000 0.0000 4.9000 
2022 10 25 0 6.4100 110.5100 0.0000 0.0000 150.4208 407.5472 0.6580 0.0000 4.9000 0.0000 0.0000 0.0000 4.9000 
2022 10 26 0 5.7200 121.4900 0.0000 0.0000 150.4916 407.5762 0.6584 0.0000 4.9000 0.0000 0.0000 0.0000 4.9000 
2022 10 27 0 5.4500 117.6600 0.0000 0.0000 150.5391 407.5956 0.6586 0.0000 4.9000 0.0000 0.0000 0.0000 4.9000 
2022 10 28 0 4.8700 103.2200 0.0000 0.0000 150.5365 407.5945 0.6586 0.0000 4.9000 0.0000 0.0000 0.0000 4.9000 
2022 10 29 0 5.1800 101.6200 0.0000 0.0000 150.5607 407.6044 0.6587 0.0000 4.9000 0.0000 0.0000 0.0000 4.9000 
2022 10 30 0 4.5200 117.9300 0.0000 0.0000 150.5279 407.5910 0.6585 0.0000 4.9000 0.0000 0.0000 0.0000 4.9000 
2022 10 31 0 4.0600 144.1300 0.0000 0.0000 150.4553 407.5614 0.6582 0.0000 4.9000 0.0000 0.0000 0.0000 4.9000 
2022 11 1 0 4.5000 72.4900 0.0000 0.0000 150.4208 407.5472 0.6580 0.0000 4.9000 0.0000 0.0000 0.0000 4.9000 
2022 11 2 0 7.9100 71.1700 0.0000 0.0000 150.6808 407.6534 0.6593 0.0000 4.9000 0.0000 0.0000 0.0000 4.9000 
2022 11 3 0 15.3900 86.5000 0.0000 0.0000 151.5872 408.0233 0.6639 0.0000 4.9000 0.0000 0.0000 0.0000 4.9000 
2022 11 4 0 19.8000 72.6700 0.0000 0.0000 152.8745 408.5488 0.6703 0.0000 4.9000 0.0000 0.0000 0.0000 4.9000 
2022 11 5 0 19.1200 47.6500 0.0000 0.0000 154.1031 409.0503 0.6765 0.0000 4.9000 0.0000 0.0000 0.0000 4.9000 
2022 11 6 0 14.4100 35.7500 0.0000 0.0000 154.9248 409.3856 0.6806 0.0000 4.9000 0.0000 0.0000 0.0000 4.9000 
2022 11 7 0 19.9200 43.8300 0.0000 0.0000 156.2225 409.9153 0.6871 0.0000 4.9000 0.0000 0.0000 0.0000 4.9000 
2022 11 8 0 17.2300 51.0900 0.0000 0.0000 157.2878 410.3501 0.6925 0.0000 4.9000 0.0000 0.0000 0.0000 4.9000 
2022 11 9 0 20.7600 42.5700 0.0000 0.0000 158.6581 410.9094 0.6993 0.0000 4.9000 0.0000 0.0000 0.0000 4.9000 
2022 11 10 0 15.9200 27.4000 0.0000 0.0000 159.6103 411.2981 0.7041 0.0000 4.9000 0.0000 0.0000 0.0000 4.9000 
2022 11 11 0 12.7600 2.0000 0.0000 0.0000 160.2894 411.5753 0.7075 0.0000 4.9000 0.0000 0.0000 0.0000 4.9000 
2022 11 12 0 10.2600 2.3700 0.0000 0.0000 160.7525 411.7643 0.7099 0.0000 4.9000 0.0000 0.0000 0.0000 4.9000 
2022 11 13 0 8.3600 29.9300 0.0000 0.0000 161.0514 411.8863 0.7114 0.0000 4.9000 0.0000 0.0000 0.0000 4.9000 
2022 11 14 0 6.8900 53.6800 0.0000 0.0000 161.2234 411.9565 0.7122 0.0000 4.9000 0.0000 0.0000 0.0000 4.9000 
2022 11 15 0 6.0500 53.7500 0.0000 0.0000 161.3227 411.9970 0.7127 0.0000 4.9000 0.0000 0.0000 0.0000 4.9000 
2022 11 16 0 6.5500 27.6900 0.0000 0.0000 161.4653 412.0552 0.7134 0.0000 4.9000 0.0000 0.0000 0.0000 4.9000 
2022 11 17 0 5.7900 48.9100 0.0000 0.0000 161.5422 412.0866 0.7138 0.0000 4.9000 0.0000 0.0000 0.0000 4.9000 
2022 11 18 0 4.7700 113.7000 0.0000 0.0000 161.5309 412.0820 0.7138 0.0000 4.9000 0.0000 0.0000 0.0000 4.9000 
2022 11 19 0 4.0600 167.1000 0.0000 0.0000 161.4584 412.0524 0.7134 0.0000 4.9000 0.0000 0.0000 0.0000 4.9000 
2022 11 20 0 3.5100 162.8400 0.0000 0.0000 161.3383 412.0034 0.7128 0.0000 4.9000 0.0000 0.0000 0.0000 4.9000 
2022 11 21 0 3.0800 209.5500 0.0000 0.0000 161.1810 411.9392 0.7120 0.0000 4.9000 0.0000 0.0000 0.0000 4.9000 
2022 11 22 0 2.7600 174.4300 0.0000 0.0000 160.9961 411.8637 0.7111 0.0000 4.9000 0.0000 0.0000 0.0000 4.9000 
2022 11 23 0 2.7100 149.8400 0.0000 0.0000 160.8069 411.7865 0.7101 0.0000 4.9000 0.0000 0.0000 0.0000 4.9000 
2022 11 24 0 3.7700 172.1800 0.0000 0.0000 160.7093 411.7466 0.7096 0.0000 4.9000 0.0000 0.0000 0.0000 4.9000 
2022 11 25 0 8.4400 200.3300 0.0000 0.0000 161.0151 411.8715 0.7112 0.0000 4.9000 0.0000 0.0000 0.0000 4.9000 
2022 11 26 0 11.5300 196.0200 0.0000 0.0000 161.5880 412.1053 0.7140 0.0000 4.9000 0.0000 0.0000 0.0000 4.9000 
2022 11 27 0 11.5900 146.0400 0.0000 0.0000 162.1660 412.3412 0.7169 0.0000 4.9000 0.0000 0.0000 0.0000 4.9000 
2022 11 28 0 19.2200 195.3000 0.0000 0.0000 163.4032 412.8462 0.7232 0.0000 4.9000 0.0000 0.0000 0.0000 4.9000 
2022 11 29 0 13.0800 362.5600 0.0000 0.0000 164.1100 413.1248 0.7267 0.0000 4.9000 0.0000 0.0000 0.0000 4.9000 
2022 11 30 0 8.5700 364.6000 0.0000 0.0000 164.4271 413.2446 0.7283 0.0000 4.9000 0.0000 0.0000 0.0000 4.9000 
2022 12 1 0 6.3800 349.6500 0.0000 0.0000 164.5549 413.2930 0.7289 0.0000 4.9000 0.0000 0.0000 0.0000 4.9000 
2022 12 2 0 5.2000 324.9900 0.0000 0.0000 164.5809 413.3028 0.7291 0.0000 4.9000 0.0000 0.0000 0.0000 4.9000 
2022 12 3 0 4.4600 268.8200 0.0000 0.0000 164.5428 413.2884 0.7289 0.0000 4.9000 0.0000 0.0000 0.0000 4.9000 
2022 12 4 0 3.9000 271.5000 0.0000 0.0000 164.4564 413.2557 0.7284 0.0000 4.9000 0.0000 0.0000 0.0000 4.9000 
2022 12 5 0 3.4900 290.7800 0.0000 0.0000 164.3346 413.2097 0.7278 0.0000 4.9000 0.0000 0.0000 0.0000 4.9000 
2022 12 6 0 3.4700 346.8000 0.0000 0.0000 164.2111 413.1630 0.7272 0.0000 4.9000 0.0000 0.0000 0.0000 4.9000 
2022 12 7 0 3.3800 334.1100 0.0000 0.0000 164.0797 413.1133 0.7266 0.0000 4.9000 0.0000 0.0000 0.0000 4.9000 
2022 12 8 0 3.6400 399.0300 0.0000 0.0000 163.9709 413.0779 0.7260 0.0000 4.9000 0.0000 0.0000 0.0000 4.9000 
2022 12 9 0 3.9500 418.6900 0.0000 0.0000 163.8888 413.0444 0.7256 0.0000 4.9000 0.0000 0.0000 0.0000 4.9000 
2022 12 10 0 3.9400 362.9800 0.0000 0.0000 163.8058 413.0106 0.7252 0.0000 4.9000 0.0000 0.0000 0.0000 4.9000 
2022 12 11 0 4.2600 338.6100 0.0000 0.0000 163.7506 412.9880 0.7249 0.0000 4.9000 0.0000 0.0000 0.0000 4.9000 
2022 12 12 0 4.3100 446.1100 0.0000 0.0000 163.6996 412.9672 0.7246 0.0000 4.9000 0.0000 0.0000 0.0000 4.9000 
2022 12 13 0 4.1100 458.6300 0.0000 0.0000 163.6313 412.9393 0.7243 0.0000 4.9000 0.0000 0.0000 0.0000 4.9000 
2022 12 14 0 3.9500 451.4100 0.0000 0.0000 163.5492 412.9058 0.7239 0.0000 4.9000 0.0000 0.0000 0.0000 4.9000 
2022 12 15 0 3.5800 396.6100 0.0000 0.0000 163.4352 412.8593 0.7233 0.0000 4.9000 0.0000 0.0000 0.0000 4.9000 
2022 12 16 0 3.1700 413.8400 0.0000 0.0000 163.2857 412.7983 0.7226 0.0000 4.9000 0.0000 0.0000 0.0000 4.9000 
2022 12 17 0 3.0500 254.6500 0.0000 0.0000 163.1259 412.7330 0.7218 0.0000 4.9000 0.0000 0.0000 0.0000 4.9000 
2022 12 18 0 3.0300 206.4000 0.0000 0.0000 162.9643 412.6671 0.7210 0.0000 4.9000 0.0000 0.0000 0.0000 4.9000 
2022 12 19 0 2.8800 211.4800 0.0000 0.0000 162.7898 412.5958 0.7201 0.0000 4.9000 0.0000 0.0000 0.0000 4.9000 
2022 12 20 0 2.7600 205.2500 0.0000 0.0000 162.6049 412.5204 0.7191 0.0000 4.9000 0.0000 0.0000 0.0000 4.9000 
2022 12 21 0 2.2200 223.3000 0.0000 0.0000 162.3733 412.4259 0.7180 0.0000 4.9000 0.0000 0.0000 0.0000 4.9000 
2022 12 22 0 2.0600 201.9700 0.0000 0.0000 162.1280 412.3257 0.7168 0.0000 4.9000 0.0000 0.0000 0.0000 4.9000 
2022 12 23 0 1.8600 193.2900 0.0000 0.0000 161.8653 412.2185 0.7154 0.0000 4.9000 0.0000 0.0000 0.0000 4.9000 
2022 12 24 0 1.6400 142.3700 0.0000 0.0000 161.5836 412.1035 0.7140 0.0000 4.9000 0.0000 0.0000 0.0000 4.9000 
2022 12 25 0 1.6400 129.4400 0.0000 0.0000 161.3020 411.9886 0.7126 0.0000 4.9000 0.0000 0.0000 0.0000 4.9000 
2022 12 26 0 3.0400 111.7200 0.0000 0.0000 161.1413 411.9230 0.7118 0.0000 4.9000 0.0000 0.0000 0.0000 4.9000 
2022 12 27 0 3.4000 141.3500 0.0000 0.0000 161.0117 411.8701 0.7112 0.0000 4.9000 0.0000 0.0000 0.0000 4.9000 
2022 12 28 0 2.8300 122.1300 0.0000 0.0000 160.8328 411.7971 0.7103 0.0000 4.9000 0.0000 0.0000 0.0000 4.9000 
2022 12 29 0 2.5300 96.2800 0.0000 0.0000 160.6281 411.7135 0.7092 0.0000 4.9000 0.0000 0.0000 0.0000 4.9000 
2022 12 30 0 2.4100 100.4100 0.0000 0.0000 160.4129 411.6257 0.7081 0.0000 4.9000 0.0000 0.0000 0.0000 4.9000 
2022 12 31 0 3.9900 116.2200 0.0000 0.0000 160.3343 411.5936 0.7078 0.0000 4.9000 0.0000 0.0000 0.0000 4.9000 
2023 1 1 0 3.1100 112.5700 0.0000 0.0000 160.1796 411.5305 0.7070 0.0000 4.9000 0.0000 0.0000 0.0000 4.9000 
2023 1 2 0 2.6300 149.2600 0.0000 0.0000 159.9835 411.4504 0.7060 0.0000 4.9000 0.0000 0.0000 0.0000 4.9000 
2023 1 3 0 2.3400 154.5400 0.0000 0.0000 159.7623 411.3601 0.7049 0.0000 4.9000 0.0000 0.0000 0.0000 4.9000 
2023 1 4 0 2.1900 114.6400 0.0000 0.0000 159.5282 411.2646 0.7037 0.0000 4.9000 0.0000 0.0000 0.0000 4.9000 
2023 1 5 0 2.1200 144.1600 0.0000 0.0000 159.2880 411.1665 0.7025 0.0000 4.9000 0.0000 0.0000 0.0000 4.9000 
2023 1 6 0 2.0500 126.0400 0.0000 0.0000 159.0418 411.0660 0.7013 0.0000 4.9000 0.0000 0.0000 0.0000 4.9000 
2023 1 7 0 2.2700 102.5400 0.0000 0.0000 158.8145 410.9733 0.7001 0.0000 4.9000 0.0000 0.0000 0.0000 4.9000 
2023 1 8 0 7.2600 75.8000 0.0000 0.0000 159.0184 411.0565 0.7012 0.0000 4.9000 0.0000 0.0000 0.0000 4.9000 
2023 1 9 0 11.5000 133.2800 0.0000 0.0000 159.5887 411.2893 0.7040 0.0000 4.9000 0.0000 0.0000 0.0000 4.9000 
2023 1 10 0 8.2000 130.4400 0.0000 0.0000 159.8738 411.4056 0.7054 0.0000 4.9000 0.0000 0.0000 0.0000 4.9000 
2023 1 11 0 6.5900 96.6800 0.0000 0.0000 160.0198 411.4652 0.7062 0.0000 4.9000 0.0000 0.0000 0.0000 4.9000 
2023 1 12 0 5.6100 89.9500 0.0000 0.0000 160.0811 411.4903 0.7065 0.0000 4.9000 0.0000 0.0000 0.0000 4.9000 
2023 1 13 0 4.7300 82.8000 0.0000 0.0000 160.0665 411.4843 0.7064 0.0000 4.9000 0.0000 0.0000 0.0000 4.9000 
2023 1 14 0 4.0300 94.7100 0.0000 0.0000 159.9913 411.4536 0.7060 0.0000 4.9000 0.0000 0.0000 0.0000 4.9000 
2023 1 15 0 3.8100 70.7800 0.0000 0.0000 159.8971 411.4151 0.7056 0.0000 4.9000 0.0000 0.0000 0.0000 4.9000 
2023 1 16 0 3.7300 139.7600 0.0000 0.0000 159.7960 411.3739 0.7051 0.0000 4.9000 0.0000 0.0000 0.0000 4.9000 
2023 1 17 0 3.5100 134.1900 0.0000 0.0000 159.6759 411.3249 0.7045 0.0000 4.9000 0.0000 0.0000 0.0000 4.9000 
2023 1 18 0 3.5700 138.3800 0.0000 0.0000 159.5610 411.2780 0.7039 0.0000 4.9000 0.0000 0.0000 0.0000 4.9000 
2023 1 19 0 3.0300 148.5600 0.0000 0.0000 159.3994 411.2120 0.7031 0.0000 4.9000 0.0000 0.0000 0.0000 4.9000 
2023 1 20 0 2.8400 162.5000 0.0000 0.0000 159.2215 411.1394 0.7022 0.0000 4.9000 0.0000 0.0000 0.0000 4.9000 
2023 1 21 0 2.6700 150.1900 0.0000 0.0000 159.0288 411.0607 0.7012 0.0000 4.9000 0.0000 0.0000 0.0000 4.9000 
2023 1 22 0 2.5200 151.8000 0.0000 0.0000 158.8232 410.9768 0.7002 0.0000 4.9000 0.0000 0.0000 0.0000 4.9000 
2023 1 23 0 2.6500 197.7300 0.0000 0.0000 158.6288 410.8975 0.6992 0.0000 4.9000 0.0000 0.0000 0.0000 4.9000 
2023 1 24 0 2.4800 184.5400 0.0000 0.0000 158.4197 410.8121 0.6981 0.0000 4.9000 0.0000 0.0000 0.0000 4.9000 
2023 1 25 0 2.6300 137.5700 0.0000 0.0000 158.2235 410.7321 0.6972 0.0000 4.9000 0.0000 0.0000 0.0000 4.9000 
2023 1 26 0 3.1700 132.3800 0.0000 0.0000 158.0741 410.6710 0.6964 0.0000 4.9000 0.0000 0.0000 0.0000 4.9000 
2023 1 27 0 2.9800 154.0500 0.0000 0.0000 157.9082 410.6033 0.6956 0.0000 4.9000 0.0000 0.0000 0.0000 4.9000 
2023 1 28 0 2.7600 116.8100 0.0000 0.0000 157.7233 410.5279 0.6947 0.0000 4.9000 0.0000 0.0000 0.0000 4.9000 
2023 1 29 0 2.5400 102.3700 0.0000 0.0000 157.5194 410.4446 0.6936 0.0000 4.9000 0.0000 0.0000 0.0000 4.9000 
2023 1 30 0 2.8600 90.0000 0.0000 0.0000 157.3431 410.3727 0.6927 0.0000 4.9000 0.0000 0.0000 0.0000 4.9000 
2023 1 31 0 2.6800 105.1200 0.0000 0.0000 157.1513 410.2944 0.6918 0.0000 4.9000 0.0000 0.0000 0.0000 4.9000 
2023 2 1 0 2.4300 103.8300 0.0000 0.0000 156.9379 410.2073 0.6907 0.0000 4.9000 0.0000 0.0000 0.0000 4.9000 
2023 2 2 0 2.9800 145.2800 0.0000 0.0000 156.7720 410.1396 0.6899 0.0000 4.9000 0.0000 0.0000 0.0000 4.9000 
2023 2 3 0 2.5900 113.1000 0.0000 0.0000 156.5724 410.0581 0.6889 0.0000 4.9000 0.0000 0.0000 0.0000 4.9000 
2023 2 4 0 2.1600 138.8200 0.0000 0.0000 156.3357 409.9615 0.6877 0.0000 4.9000 0.0000 0.0000 0.0000 4.9000 
2023 2 5 0 2.0400 122.8300 0.0000 0.0000 156.0886 409.8607 0.6864 0.0000 4.9000 0.0000 0.0000 0.0000 4.9000 
2023 2 6 0 1.9100 161.3800 0.0000 0.0000 155.8303 409.7552 0.6852 0.0000 4.9000 0.0000 0.0000 0.0000 4.9000 
2023 2 7 0 1.7700 132.4500 0.0000 0.0000 155.5598 409.6448 0.6838 0.0000 4.9000 0.0000 0.0000 0.0000 4.9000 
2023 2 8 0 1.7000 120.3300 0.0000 0.0000 155.2834 409.5320 0.6824 0.0000 4.9000 0.0000 0.0000 0.0000 4.9000 
2023 2 9 0 2.0100 98.3400 0.0000 0.0000 155.0337 409.4301 0.6812 0.0000 4.9000 0.0000 0.0000 0.0000 4.9000 
2023 2 10 0 2.1700 97.5400 0.0000 0.0000 154.7978 409.3338 0.6800 0.0000 4.9000 0.0000 0.0000 0.0000 4.9000 
2023 2 11 0 2.3600 94.6300 0.0000 0.0000 154.5783 409.2442 0.6789 0.0000 4.9000 0.0000 0.0000 0.0000 4.9000 
2023 2 12 0 2.5400 111.6200 0.0000 0.0000 154.3744 409.1610 0.6778 0.0000 4.9000 0.0000 0.0000 0.0000 4.9000 
2023 2 13 0 2.5300 115.7800 0.0000 0.0000 154.1697 409.0774 0.6768 0.0000 4.9000 0.0000 0.0000 0.0000 4.9000 
2023 2 14 0 2.5100 140.8300 0.0000 0.0000 153.9632 408.9931 0.6758 0.0000 4.9000 0.0000 0.0000 0.0000 4.9000 
2023 2 15 0 2.0900 122.5300 0.0000 0.0000 153.7204 408.8940 0.6746 0.0000 4.9000 0.0000 0.0000 0.0000 4.9000 
2023 2 16 0 1.9100 120.9800 0.0000 0.0000 153.4620 408.7886 0.6733 0.0000 4.9000 0.0000 0.0000 0.0000 4.9000 
2023 2 17 0 2.2800 92.1200 0.0000 0.0000 153.2357 408.6962 0.6721 0.0000 4.9000 0.0000 0.0000 0.0000 4.9000 
2023 2 18 0 2.4800 97.8800 0.0000 0.0000 153.0266 408.6109 0.6711 0.0000 4.9000 0.0000 0.0000 0.0000 4.9000 
2023 2 19 0 2.6000 107.6300 0.0000 0.0000 152.8279 408.5297 0.6701 0.0000 4.9000 0.0000 0.0000 0.0000 4.9000 
2023 2 20 0 2.8000 77.5600 0.0000 0.0000 152.6464 408.4557 0.6692 0.0000 4.9000 0.0000 0.0000 0.0000 4.9000 
2023 2 21 0 3.0100 106.7100 0.0000 0.0000 152.4831 408.3890 0.6684 0.0000 4.9000 0.0000 0.0000 0.0000 4.9000 
2023 2 22 0 2.5800 118.3800 0.0000 0.0000 152.2827 408.3072 0.6673 0.0000 4.9000 0.0000 0.0000 0.0000 4.9000 
2023 2 23 0 2.5400 116.1600 0.0000 0.0000 152.0788 408.2240 0.6663 0.0000 4.9000 0.0000 0.0000 0.0000 4.9000 
2023 2 24 0 2.2400 103.8000 0.0000 0.0000 151.8490 408.1302 0.6652 0.0000 4.9000 0.0000 0.0000 0.0000 4.9000 
2023 2 25 0 2.4500 97.6000 0.0000 0.0000 151.6373 408.0438 0.6641 0.0000 4.9000 0.0000 0.0000 0.0000 4.9000 
2023 2 26 0 2.5300 111.9200 0.0000 0.0000 151.4325 407.9602 0.6631 0.0000 4.9000 0.0000 0.0000 0.0000 4.9000 
2023 2 27 0 2.2800 124.5700 0.0000 0.0000 151.2061 407.8678 0.6619 0.0000 4.9000 0.0000 0.0000 0.0000 4.9000 
2023 2 28 0 2.0800 124.0900 0.0000 0.0000 150.9625 407.7684 0.6607 0.0000 4.9000 0.0000 0.0000 0.0000 4.9000 
2023 3 1 0 2.1000 130.8400 0.0000 0.0000 150.7206 407.6696 0.6595 0.0000 4.9000 0.0000 0.0000 0.0000 4.9000 
2023 3 2 0 2.0200 120.4000 0.0000 0.0000 150.4717 407.5681 0.6583 0.0000 4.9000 0.0000 0.0000 0.0000 4.9000 
2023 3 3 0 1.7800 115.5800 0.0000 0.0000 150.2022 407.4580 0.6569 0.0000 4.9000 0.0000 0.0000 0.0000 4.9000 
2023 3 4 0 1.7700 112.2200 0.0000 0.0000 149.9317 407.3476 0.6556 0.0000 4.9000 0.0000 0.0000 0.0000 4.9000 
2023 3 5 0 2.0000 129.9600 0.0000 0.0000 149.6812 407.2454 0.6543 0.0000 4.9000 0.0000 0.0000 0.0000 4.9000 
2023 3 6 0 1.4500 153.1300 0.0000 0.0000 149.3831 407.1237 0.6528 0.0000 4.9000 0.0000 0.0000 0.0000 4.9000 
2023 3 7 0 0.9800 116.0800 0.0000 0.0000 149.0444 406.9855 0.6511 0.0000 4.9000 0.0000 0.0000 0.0000 4.9000 
2023 3 8 0 1.1200 150.8300 0.0000 0.0000 148.7178 406.8522 0.6495 0.0000 4.9000 0.0000 0.0000 0.0000 4.9000 
2023 3 9 0 0.9300 138.5100 0.0000 0.0000 148.3748 406.7122 0.6477 0.0000 4.9000 0.0000 0.0000 0.0000 4.9000 
2023 3 10 0 0.8700 127.3700 0.0000 0.0000 148.0266 406.5700 0.6460 0.0000 4.9000 0.0000 0.0000 0.0000 4.9000 
2023 3 11 0 0.8200 110.5300 0.0000 0.0000 147.6741 406.4262 0.6442 0.0000 4.9000 0.0000 0.0000 0.0000 4.9000 
2023 3 12 0 0.8100 106.8200 0.0000 0.0000 147.3207 406.2819 0.6424 0.0000 4.9000 0.0000 0.0000 0.0000 4.9000 
2023 3 13 0 0.8600 94.6800 0.0000 0.0000 146.9717 406.1395 0.6407 0.0000 4.9000 0.0000 0.0000 0.0000 4.9000 
2023 3 14 0 0.9200 102.8300 0.0000 0.0000 146.6278 405.9991 0.6390 0.0000 4.9000 0.0000 0.0000 0.0000 4.9000 
2023 3 15 0 0.8800 121.6400 0.0000 0.0000 146.2805 405.8573 0.6372 0.0000 4.9000 0.0000 0.0000 0.0000 4.9000 
2023 3 16 0 0.8200 112.8100 0.0000 0.0000 145.9280 405.7135 0.6355 0.0000 4.9000 0.0000 0.0000 0.0000 4.9000 
2023 3 17 0 1.0000 104.1500 0.0000 0.0000 145.5910 405.5759 0.6338 0.0000 4.9000 0.0000 0.0000 0.0000 4.9000 
2023 3 18 0 1.2000 109.0000 0.0000 0.0000 145.2713 405.4454 0.6322 0.0000 4.9000 0.0000 0.0000 0.0000 4.9000 
2023 3 19 0 1.3600 110.0900 0.0000 0.0000 144.9655 405.3206 0.6306 0.0000 4.9000 0.0000 0.0000 0.0000 4.9000 
2023 3 20 0 1.5400 116.7600 0.0000 0.0000 144.6752 405.2021 0.6292 0.0000 4.9000 0.0000 0.0000 0.0000 4.9000 
2023 3 21 0 1.6000 111.3100 0.0000 0.0000 144.3900 405.0857 0.6277 0.0000 4.9000 0.0000 0.0000 0.0000 4.9000 
2023 3 22 0 1.6300 92.3600 0.0000 0.0000 144.1075 404.9704 0.6263 0.0000 4.9000 0.0000 0.0000 0.0000 4.9000 
2023 3 23 0 1.8900 86.1100 0.0000 0.0000 143.8474 404.8643 0.6250 0.0000 4.9000 0.0000 0.0000 0.0000 4.9000 
2023 3 24 0 2.5300 83.8300 0.0000 0.0000 143.6427 404.7807 0.6240 0.0000 4.9000 0.0000 0.0000 0.0000 4.9000 
2023 3 25 0 3.1300 73.3600 0.0000 0.0000 143.4898 404.7183 0.6232 0.0000 4.9000 0.0000 0.0000 0.0000 4.9000 
2023 3 26 0 3.1500 92.4600 0.0000 0.0000 143.3386 404.6566 0.6225 0.0000 4.9000 0.0000 0.0000 0.0000 4.9000 
2023 3 27 0 3.2200 100.9400 0.0000 0.0000 143.1934 404.5973 0.6217 0.0000 4.9000 0.0000 0.0000 0.0000 4.9000 
2023 3 28 0 2.8500 123.8500 0.0000 0.0000 143.0163 404.5250 0.6208 0.0000 4.9000 0.0000 0.0000 0.0000 4.9000 
2023 3 29 0 1.9300 127.0200 0.0000 0.0000 142.7597 404.4203 0.6196 0.0000 4.9000 0.0000 0.0000 0.0000 4.9000 
2023 3 30 0 1.7200 103.7800 0.0000 0.0000 142.4849 404.3081 0.6182 0.0000 4.9000 0.0000 0.0000 0.0000 4.9000 
2023 3 31 0 1.6600 111.8200 0.0000 0.0000 142.2050 404.1939 0.6168 0.0000 4.9000 0.0000 0.0000 0.0000 4.9000 
2023 4 1 0 2.0000 97.9300 0.0000 0.0000 141.9544 404.0916 0.6155 0.0000 4.9000 0.0000 0.0000 0.0000 4.9000 
2023 4 2 0 2.1500 105.1000 0.0000 0.0000 141.7168 403.9946 0.6143 0.0000 4.9000 0.0000 0.0000 0.0000 4.9000 
2023 4 3 0 2.0200 126.4800 0.0000 0.0000 141.4680 403.8931 0.6131 0.0000 4.9000 0.0000 0.0000 0.0000 4.9000 
2023 4 4 0 1.5500 133.1300 0.0000 0.0000 141.1786 403.7749 0.6116 0.0000 4.9000 0.0000 0.0000 0.0000 4.9000 
2023 4 5 0 1.6200 130.9100 0.0000 0.0000 140.8952 403.6592 0.6102 0.0000 4.9000 0.0000 0.0000 0.0000 4.9000 
2023 4 6 0 1.3600 125.8900 0.0000 0.0000 140.5893 403.5344 0.6087 0.0000 4.9000 0.0000 0.0000 0.0000 4.9000 
2023 4 7 0 1.2700 117.9200 0.0000 0.0000 140.2757 403.4064 0.6071 0.0000 4.9000 0.0000 0.0000 0.0000 4.9000 
2023 4 8 0 1.3300 120.6500 0.0000 0.0000 139.9672 403.3044 0.6055 0.0000 4.9000 0.0000 0.0000 0.0000 4.9000 
2023 4 9 0 1.4700 110.2100 0.0000 0.0000 139.6709 403.1731 0.6041 0.0000 4.9000 0.0000 0.0000 0.0000 4.9000 
2023 4 10 0 1.6700 54.3700 0.0000 0.0000 139.3918 403.0495 0.6027 0.0000 4.9000 0.0000 0.0000 0.0000 4.9000 
2023 4 11 0 8.3500 84.4600 0.0000 0.0000 139.6899 403.1815 0.6042 0.0000 4.9000 0.0000 0.0000 0.0000 4.9000 
2023 4 12 0 7.4700 111.9800 0.0000 0.0000 139.9119 403.2799 0.6053 0.0000 4.9000 0.0000 0.0000 0.0000 4.9000 
2023 4 13 0 7.4800 107.2100 0.0000 0.0000 140.1348 403.3489 0.6064 0.0000 4.9000 0.0000 0.0000 0.0000 4.9000 
2023 4 14 0 8.9300 118.9300 0.0000 0.0000 140.4830 403.4910 0.6081 0.0000 4.9000 0.0000 0.0000 0.0000 4.9000 
2023 4 15 0 8.6500 111.6600 0.0000 0.0000 140.8070 403.6233 0.6098 0.0000 4.9000 0.0000 0.0000 0.0000 4.9000 
2023 4 16 0 8.6700 115.1500 0.0000 0.0000 141.1328 403.7562 0.6114 0.0000 4.9000 0.0000 0.0000 0.0000 4.9000 
2023 4 17 0 9.1800 125.4800 0.0000 0.0000 141.5026 403.9072 0.6133 0.0000 4.9000 0.0000 0.0000 0.0000 4.9000 
2023 4 18 0 9.7300 114.7600 0.0000 0.0000 141.9199 404.0775 0.6153 0.0000 4.9000 0.0000 0.0000 0.0000 4.9000 
2023 4 19 0 10.0800 108.7500 0.0000 0.0000 142.3674 404.2602 0.6176 0.0000 4.9000 0.0000 0.0000 0.0000 4.9000 
2023 4 20 0 10.8000 111.1600 0.0000 0.0000 142.8772 404.4682 0.6201 0.0000 4.9000 0.0000 0.0000 0.0000 4.9000 
2023 4 21 0 11.7400 107.9900 0.0000 0.0000 143.4682 404.7094 0.6231 0.0000 4.9000 0.0000 0.0000 0.0000 4.9000 
2023 4 22 0 12.8800 98.4000 0.0000 0.0000 144.1576 404.9909 0.6266 0.0000 4.9000 0.0000 0.0000 0.0000 4.9000 
2023 4 23 0 17.6000 97.8600 0.0000 0.0000 145.2549 405.4387 0.6321 0.0000 4.9000 0.0000 0.0000 0.0000 4.9000 
2023 4 24 0 18.2000 116.5300 0.0000 0.0000 146.4040 405.9078 0.6378 0.0000 4.9000 0.0000 0.0000 0.0000 4.9000 
2023 4 25 0 16.6200 104.4700 0.0000 0.0000 147.4166 406.3211 0.6429 0.0000 4.9000 0.0000 0.0000 0.0000 4.9000 
2023 4 26 0 14.2700 114.3700 0.0000 0.0000 148.2262 406.6515 0.6470 0.0000 4.9000 0.0000 0.0000 0.0000 4.9000 
2023 4 27 0 11.6200 123.3800 0.0000 0.0000 148.8068 406.8885 0.6499 0.0000 4.9000 0.0000 0.0000 0.0000 4.9000 
2023 4 28 0 9.9200 121.7100 0.0000 0.0000 149.2405 407.0655 0.6521 0.0000 4.9000 0.0000 0.0000 0.0000 4.9000 
2023 4 29 0 8.7300 112.7000 0.0000 0.0000 149.5714 407.2006 0.6537 0.0000 4.9000 0.0000 0.0000 0.0000 4.9000 
2023 4 30 0 8.0800 99.7900 0.0000 0.0000 149.8462 407.3127 0.6551 0.0000 4.9000 0.0000 0.0000 0.0000 4.9000 
2023 5 1 0 7.7400 106.3400 0.0000 0.0000 150.0916 407.4129 0.6564 0.0000 4.9000 0.0000 0.0000 0.0000 4.9000 
2023 5 2 0 7.8000 121.7900 0.0000 0.0000 150.3421 407.5152 0.6576 0.0000 4.9000 0.0000 0.0000 0.0000 4.9000 
2023 5 3 0 8.0900 118.1800 0.0000 0.0000 150.6178 407.6277 0.6590 0.0000 4.9000 0.0000 0.0000 0.0000 4.9000 
2023 5 4 0 8.2700 112.1600 0.0000 0.0000 150.9089 407.7465 0.6605 0.0000 4.9000 0.0000 0.0000 0.0000 4.9000 
2023 5 5 0 7.5600 97.5700 0.0000 0.0000 151.1387 407.8403 0.6616 0.0000 4.9000 0.0000 0.0000 0.0000 4.9000 
2023 5 6 0 6.9700 94.9300 0.0000 0.0000 151.3176 407.9133 0.6625 0.0000 4.9000 0.0000 0.0000 0.0000 4.9000 
2023 5 7 0 7.4000 88.0500 0.0000 0.0000 151.5336 408.0015 0.6636 0.0000 4.9000 0.0000 0.0000 0.0000 4.9000 
2023 5 8 0 8.5300 102.0400 0.0000 0.0000 151.8472 408.1295 0.6652 0.0000 4.9000 0.0000 0.0000 0.0000 4.9000 
2023 5 9 0 12.0600 96.1600 0.0000 0.0000 152.4658 408.3820 0.6683 0.0000 4.9000 0.0000 0.0000 0.0000 4.9000 
2023 5 10 0 20.8000 94.0200 0.0000 0.0000 153.8396 408.9427 0.6752 0.0000 4.9000 0.0000 0.0000 0.0000 4.9000 
2023 5 11 0 22.7500 101.3600 0.0000 0.0000 155.3818 409.5722 0.6829 0.0000 4.9000 0.0000 0.0000 0.0000 4.9000 
2023 5 12 0 22.9000 91.5000 0.0000 0.0000 156.9370 410.2070 0.6907 0.0000 4.9000 0.0000 0.0000 0.0000 4.9000 
2023 5 13 0 23.9100 74.6100 0.0000 0.0000 158.5795 410.8774 0.6989 0.0000 4.9000 0.0000 0.0000 0.0000 4.9000 
2023 5 14 0 23.4900 72.7500 0.0000 0.0000 160.1857 411.5329 0.7070 0.0000 4.9000 0.0000 0.0000 0.0000 4.9000 
2023 5 15 0 23.1100 94.8900 0.0000 0.0000 161.7590 412.1751 0.7149 0.0000 4.9000 0.0000 0.0000 0.0000 4.9000 
2023 5 16 0 22.3800 63.0700 0.0000 0.0000 163.2693 412.7916 0.7225 0.0000 4.9000 0.0000 0.0000 0.0000 4.9000 
2023 5 17 0 20.6100 54.3000 0.0000 0.0000 164.6266 413.3201 0.7293 0.0000 4.9000 0.0000 0.0000 0.0000 4.9000 
2023 5 18 0 17.5500 88.1100 0.0000 0.0000 165.7196 413.7333 0.7348 0.0000 4.9000 0.0000 0.0000 0.0000 4.9000 
2023 5 19 0 15.8600 92.9400 0.0000 0.0000 166.6666 414.0913 0.7395 0.0000 4.9000 0.0000 0.0000 0.0000 4.9000 
2023 5 20 0 16.0900 52.6300 0.0000 0.0000 167.6334 414.4568 0.7444 0.0000 4.9000 0.0000 0.0000 0.0000 4.9000 
2023 5 21 0 15.8900 37.1300 0.0000 0.0000 168.5829 414.8158 0.7491 0.0000 4.9000 0.0000 0.0000 0.0000 4.9000 
2023 5 22 0 16.3600 84.4700 0.0000 0.0000 169.5730 415.1902 0.7541 0.0000 4.9000 0.0000 0.0000 0.0000 4.9000 
2023 5 23 0 22.1100 63.0000 0.0000 0.0000 171.0600 415.7524 0.7616 0.0000 4.9000 0.0000 0.0000 0.0000 4.9000 
2023 5 24 0 20.3000 82.4800 0.0000 0.0000 172.3906 416.2554 0.7683 0.0000 4.9000 0.0000 0.0000 0.0000 4.9000 
2023 5 25 0 18.1400 57.6600 0.0000 0.0000 173.5345 416.6879 0.7740 0.0000 4.9000 0.0000 0.0000 0.0000 4.9000 
2023 5 26 0 15.6500 61.9200 0.0000 0.0000 174.4633 417.0391 0.7787 0.0000 4.9000 0.0000 0.0000 0.0000 4.9000 
2023 5 27 0 13.4700 61.7400 0.0000 0.0000 175.2037 417.3190 0.7824 0.0000 4.9000 0.0000 0.0000 0.0000 4.9000 
2023 5 28 0 11.7600 48.1500 0.0000 0.0000 175.7964 417.5431 0.7853 0.0000 4.9000 0.0000 0.0000 0.0000 4.9000 
2023 5 29 0 10.1200 41.9900 0.0000 0.0000 176.2474 417.7136 0.7876 0.0000 4.9000 0.0000 0.0000 0.0000 4.9000 
2023 5 30 0 8.7000 85.7800 0.0000 0.0000 176.5758 417.8377 0.7893 0.0000 4.9000 0.0000 0.0000 0.0000 4.9000 
2023 5 31 0 7.6900 60.1500 0.0000 0.0000 176.8168 417.9289 0.7905 0.0000 4.9000 0.0000 0.0000 0.0000 4.9000 
2023 6 1 0 6.9000 67.1300 0.0000 0.0000 176.9896 417.9942 0.7913 0.0000 4.9000 0.0000 0.0000 0.0000 4.9000 
2023 6 2 0 6.0900 80.9600 0.0000 0.0000 177.0924 418.0331 0.7919 0.0000 4.9000 0.0000 0.0000 0.0000 4.9000 
2023 6 3 0 5.3100 62.3200 0.0000 0.0000 177.1279 418.0465 0.7920 0.0000 4.9000 0.0000 0.0000 0.0000 4.9000 
2023 6 4 0 4.6300 61.2100 0.0000 0.0000 177.1045 418.0376 0.7919 0.0000 4.9000 0.0000 0.0000 0.0000 4.9000 
2023 6 5 0 4.1000 87.8500 0.0000 0.0000 177.0354 418.0115 0.7916 0.0000 4.9000 0.0000 0.0000 0.0000 4.9000 
2023 6 6 0 3.6100 90.1800 0.0000 0.0000 176.9240 417.9694 0.7910 0.0000 4.9000 0.0000 0.0000 0.0000 4.9000 
2023 6 7 0 3.1600 96.7800 0.0000 0.0000 176.7736 417.9125 0.7903 0.0000 4.9000 0.0000 0.0000 0.0000 4.9000 
2023 6 8 0 2.7600 89.0900 0.0000 0.0000 176.5887 417.8426 0.7893 0.0000 4.9000 0.0000 0.0000 0.0000 4.9000 
2023 6 9 0 2.3700 88.9200 0.0000 0.0000 176.3701 417.7600 0.7882 0.0000 4.9000 0.0000 0.0000 0.0000 4.9000 
2023 6 10 0 2.0500 61.8300 0.0000 0.0000 176.1239 417.6669 0.7870 0.0000 4.9000 0.0000 0.0000 0.0000 4.9000 
2023 6 11 0 1.7700 47.6500 0.0000 0.0000 175.8535 417.5646 0.7856 0.0000 4.9000 0.0000 0.0000 0.0000 4.9000 
2023 6 12 0 1.5200 88.7900 0.0000 0.0000 175.5614 417.4542 0.7842 0.0000 4.9000 0.0000 0.0000 0.0000 4.9000 
2023 6 13 0 1.3100 99.0700 0.0000 0.0000 175.2513 417.3370 0.7826 0.0000 4.9000 0.0000 0.0000 0.0000 4.9000 
2023 6 14 0 1.1500 105.6600 0.0000 0.0000 174.9273 417.2145 0.7810 0.0000 4.9000 0.0000 0.0000 0.0000 4.9000 
2023 6 15 0 1.0200 116.5000 0.0000 0.0000 174.5920 417.0877 0.7793 0.0000 4.9000 0.0000 0.0000 0.0000 4.9000 
2023 6 16 0 0.9400 123.1200 0.0000 0.0000 174.2499 416.9584 0.7776 0.0000 4.9000 0.0000 0.0000 0.0000 4.9000 
2023 6 17 0 0.8800 107.5100 0.0000 0.0000 173.9026 416.8271 0.7758 0.0000 4.9000 0.0000 0.0000 0.0000 4.9000 
2023 6 18 0 0.8300 102.7200 0.0000 0.0000 173.5509 416.6941 0.7741 0.0000 4.9000 0.0000 0.0000 0.0000 4.9000 
2023 6 19 0 0.7800 116.7200 0.0000 0.0000 173.1949 416.5595 0.7723 0.0000 4.9000 0.0000 0.0000 0.0000 4.9000 
2023 6 20 0 0.7500 131.3100 0.0000 0.0000 172.8364 416.4240 0.7705 0.0000 4.9000 0.0000 0.0000 0.0000 4.9000 
2023 6 21 0 0.7300 131.9100 0.0000 0.0000 172.4761 416.2877 0.7687 0.0000 4.9000 0.0000 0.0000 0.0000 4.9000 
2023 6 22 0 0.6900 129.3300 0.0000 0.0000 172.1123 416.1502 0.7669 0.0000 4.9000 0.0000 0.0000 0.0000 4.9000 
2023 6 23 0 0.6400 112.7300 0.0000 0.0000 171.7443 416.0111 0.7650 0.0000 4.9000 0.0000 0.0000 0.0000 4.9000 
2023 6 24 0 0.5900 91.6000 0.0000 0.0000 171.3719 415.8703 0.7631 0.0000 4.9000 0.0000 0.0000 0.0000 4.9000 
2023 6 25 0 0.5500 78.9200 0.0000 0.0000 170.9961 415.7282 0.7613 0.0000 4.9000 0.0000 0.0000 0.0000 4.9000 
2023 6 26 0 0.6400 97.3600 0.0000 0.0000 170.6280 415.5890 0.7594 0.0000 4.9000 0.0000 0.0000 0.0000 4.9000 
2023 6 27 0 0.7400 97.1000 0.0000 0.0000 170.2686 415.4531 0.7576 0.0000 4.9000 0.0000 0.0000 0.0000 4.9000 
2023 6 28 0 0.6600 110.3800 0.0000 0.0000 169.9022 415.3146 0.7558 0.0000 4.9000 0.0000 0.0000 0.0000 4.9000 
2023 6 29 0 0.6600 115.5800 0.0000 0.0000 169.5359 415.1761 0.7539 0.0000 4.9000 0.0000 0.0000 0.0000 4.9000 
2023 6 30 0 0.8700 106.1600 0.0000 0.0000 169.1877 415.0445 0.7522 0.0000 4.9000 0.0000 0.0000 0.0000 4.9000 
2023 7 1 0 0.8500 61.0800 0.0000 0.0000 168.8378 414.9122 0.7504 0.0000 4.9000 0.0000 0.0000 0.0000 4.9000 
2023 7 2 0 0.9700 15.9100 0.0000 0.0000 168.4982 414.7838 0.7487 0.0000 4.9000 0.0000 0.0000 0.0000 4.9000 
2023 7 3 0 0.9700 50.3200 0.0000 0.0000 168.1587 414.6555 0.7470 0.0000 4.9000 0.0000 0.0000 0.0000 4.9000 
2023 7 4 0 1.2800 83.2500 0.0000 0.0000 167.8459 414.5372 0.7455 0.0000 4.9000 0.0000 0.0000 0.0000 4.9000 
2023 7 5 0 1.2700 80.5300 0.0000 0.0000 167.5323 414.4186 0.7439 0.0000 4.9000 0.0000 0.0000 0.0000 4.9000 
2023 7 6 0 1.4200 96.7500 0.0000 0.0000 167.2316 414.3050 0.7424 0.0000 4.9000 0.0000 0.0000 0.0000 4.9000 
2023 7 7 0 1.3100 101.0400 0.0000 0.0000 166.9214 414.1877 0.7408 0.0000 4.9000 0.0000 0.0000 0.0000 4.9000 
2023 7 8 0 1.0700 87.4600 0.0000 0.0000 166.5905 414.0626 0.7392 0.0000 4.9000 0.0000 0.0000 0.0000 4.9000 
2023 7 9 0 0.9700 94.0500 0.0000 0.0000 166.2510 413.9342 0.7374 0.0000 4.9000 0.0000 0.0000 0.0000 4.9000 
2023 7 10 0 1.0200 98.2100 0.0000 0.0000 165.9157 413.8075 0.7358 0.0000 4.9000 0.0000 0.0000 0.0000 4.9000 
2023 7 11 0 1.5700 89.8900 0.0000 0.0000 165.6280 413.6987 0.7343 0.0000 4.9000 0.0000 0.0000 0.0000 4.9000 
2023 7 12 0 2.6200 76.6900 0.0000 0.0000 165.4310 413.6242 0.7333 0.0000 4.9000 0.0000 0.0000 0.0000 4.9000 
2023 7 13 0 2.3300 83.4900 0.0000 0.0000 165.2090 413.5403 0.7322 0.0000 4.9000 0.0000 0.0000 0.0000 4.9000 
2023 7 14 0 2.0600 85.4800 0.0000 0.0000 164.9636 413.4475 0.7310 0.0000 4.9000 0.0000 0.0000 0.0000 4.9000 
2023 7 15 0 2.8100 33.3300 0.0000 0.0000 164.7830 413.3792 0.7301 0.0000 4.9000 0.0000 0.0000 0.0000 4.9000 
2023 7 16 0 6.2600 17.8600 0.0000 0.0000 164.9005 413.4236 0.7307 0.0000 4.9000 0.0000 0.0000 0.0000 4.9000 
2023 7 17 0 9.3400 30.5600 0.0000 0.0000 165.2842 413.5687 0.7326 0.0000 4.9000 0.0000 0.0000 0.0000 4.9000 
2023 7 18 0 8.0100 64.7000 0.0000 0.0000 165.5529 413.6703 0.7339 0.0000 4.9000 0.0000 0.0000 0.0000 4.9000 
2023 7 19 0 6.2000 77.7600 0.0000 0.0000 165.6652 413.7127 0.7345 0.0000 4.9000 0.0000 0.0000 0.0000 4.9000 
2023 7 20 0 5.1000 64.6700 0.0000 0.0000 165.6825 413.7193 0.7346 0.0000 4.9000 0.0000 0.0000 0.0000 4.9000 
2023 7 21 0 4.3100 83.1300 0.0000 0.0000 165.6315 413.7000 0.7343 0.0000 4.9000 0.0000 0.0000 0.0000 4.9000 
2023 7 22 0 3.7900 75.6300 0.0000 0.0000 165.5356 413.6637 0.7339 0.0000 4.9000 0.0000 0.0000 0.0000 4.9000 
2023 7 23 0 3.7000 33.2000 0.0000 0.0000 165.4319 413.6245 0.7333 0.0000 4.9000 0.0000 0.0000 0.0000 4.9000 
2023 7 24 0 3.2800 69.9000 0.0000 0.0000 165.2919 413.5716 0.7326 0.0000 4.9000 0.0000 0.0000 0.0000 4.9000 
2023 7 25 0 2.7900 60.2500 0.0000 0.0000 165.1096 413.5027 0.7317 0.0000 4.9000 0.0000 0.0000 0.0000 4.9000 
2023 7 26 0 2.5100 69.5200 0.0000 0.0000 164.9031 413.4246 0.7307 0.0000 4.9000 0.0000 0.0000 0.0000 4.9000 
2023 7 27 0 2.2700 87.3400 0.0000 0.0000 164.6759 413.3387 0.7295 0.0000 4.9000 0.0000 0.0000 0.0000 4.9000 
2023 7 28 0 1.9500 86.7600 0.0000 0.0000 164.4210 413.2424 0.7283 0.0000 4.9000 0.0000 0.0000 0.0000 4.9000 
2023 7 29 0 1.6500 74.6100 0.0000 0.0000 164.1402 413.1362 0.7269 0.0000 4.9000 0.0000 0.0000 0.0000 4.9000 
2023 7 30 0 1.4300 39.5200 0.0000 0.0000 163.8404 413.0247 0.7253 0.0000 4.9000 0.0000 0.0000 0.0000 4.9000 
2023 7 31 0 1.2100 69.3300 0.0000 0.0000 163.5216 412.8945 0.7237 0.0000 4.9000 0.0000 0.0000 0.0000 4.9000 
2023 8 1 0 1.0400 73.8700 0.0000 0.0000 163.1881 412.7584 0.7221 0.0000 4.9000 0.0000 0.0000 0.0000 4.9000 
2023 8 2 0 0.9600 64.7500 0.0000 0.0000 162.8477 412.6195 0.7204 0.0000 4.9000 0.0000 0.0000 0.0000 4.9000 
2023 8 3 0 0.9200 43.5500 0.0000 0.0000 162.5038 412.4791 0.7186 0.0000 4.9000 0.0000 0.0000 0.0000 4.9000 
2023 8 4 0 0.9000 62.1300 0.0000 0.0000 162.1582 412.3380 0.7169 0.0000 4.9000 0.0000 0.0000 0.0000 4.9000 
2023 8 5 0 0.9000 76.9400 0.0000 0.0000 161.8126 412.1970 0.7152 0.0000 4.9000 0.0000 0.0000 0.0000 4.9000 
2023 8 6 0 0.8400 57.5500 0.0000 0.0000 161.4618 412.0538 0.7134 0.0000 4.9000 0.0000 0.0000 0.0000 4.9000 
2023 8 7 0 0.8300 16.8300 0.0000 0.0000 161.1102 411.9103 0.7116 0.0000 4.9000 0.0000 0.0000 0.0000 4.9000 
2023 8 8 0 2.1500 0.0400 0.0000 0.0000 160.8726 411.8133 0.7105 0.0000 4.9000 0.0000 0.0000 0.0000 4.9000 
2023 8 9 0 1.8500 14.7000 0.0000 0.0000 160.6090 411.7057 0.7091 0.0000 4.9000 0.0000 0.0000 0.0000 4.9000 
2023 8 10 0 1.5100 51.2900 0.0000 0.0000 160.3162 411.5862 0.7077 0.0000 4.9000 0.0000 0.0000 0.0000 4.9000 
2023 8 11 0 1.2600 72.3800 0.0000 0.0000 160.0017 411.4578 0.7061 0.0000 4.9000 0.0000 0.0000 0.0000 4.9000 
2023 8 12 0 1.0600 69.7000 0.0000 0.0000 159.6699 411.3224 0.7044 0.0000 4.9000 0.0000 0.0000 0.0000 4.9000 
2023 8 13 0 0.9800 63.1900 0.0000 0.0000 159.3312 411.1842 0.7027 0.0000 4.9000 0.0000 0.0000 0.0000 4.9000 
2023 8 14 0 1.0100 85.9500 0.0000 0.0000 158.9951 411.0470 0.7010 0.0000 4.9000 0.0000 0.0000 0.0000 4.9000 
2023 8 15 0 3.4800 82.7300 0.0000 0.0000 158.8724 410.9969 0.7004 0.0000 4.9000 0.0000 0.0000 0.0000 4.9000 
2023 8 16 0 4.6200 93.5300 0.0000 0.0000 158.8482 410.9870 0.7003 0.0000 4.9000 0.0000 0.0000 0.0000 4.9000 
2023 8 17 0 3.8200 92.9900 0.0000 0.0000 158.7549 410.9489 0.6998 0.0000 4.9000 0.0000 0.0000 0.0000 4.9000 
2023 8 18 0 3.1900 84.3900 0.0000 0.0000 158.6072 410.8886 0.6991 0.0000 4.9000 0.0000 0.0000 0.0000 4.9000 
2023 8 19 0 3.0500 48.8800 0.0000 0.0000 158.4473 410.8234 0.6983 0.0000 4.9000 0.0000 0.0000 0.0000 4.9000 
2023 8 20 0 5.8000 75.6000 0.0000 0.0000 158.5251 410.8551 0.6987 0.0000 4.9000 0.0000 0.0000 0.0000 4.9000 
2023 8 21 0 4.4800 88.4800 0.0000 0.0000 158.4888 410.8403 0.6985 0.0000 4.9000 0.0000 0.0000 0.0000 4.9000 
2023 8 22 0 3.6300 92.0800 0.0000 0.0000 158.3791 410.7955 0.6979 0.0000 4.9000 0.0000 0.0000 0.0000 4.9000 
2023 8 23 0 3.0800 99.5400 0.0000 0.0000 158.2218 410.7314 0.6972 0.0000 4.9000 0.0000 0.0000 0.0000 4.9000 
2023 8 24 0 2.6200 99.6900 0.0000 0.0000 158.0248 410.6509 0.6962 0.0000 4.9000 0.0000 0.0000 0.0000 4.9000 
2023 8 25 0 3.4700 93.1800 0.0000 0.0000 157.9013 410.6005 0.6955 0.0000 4.9000 0.0000 0.0000 0.0000 4.9000 
2023 8 26 0 5.5000 87.9600 0.0000 0.0000 157.9531 410.6217 0.6958 0.0000 4.9000 0.0000 0.0000 0.0000 4.9000 
2023 8 27 0 5.8400 89.4800 0.0000 0.0000 158.0343 410.6548 0.6962 0.0000 4.9000 0.0000 0.0000 0.0000 4.9000 
2023 8 28 0 4.5500 91.8000 0.0000 0.0000 158.0041 410.6425 0.6961 0.0000 4.9000 0.0000 0.0000 0.0000 4.9000 
2023 8 29 0 3.6900 95.0600 0.0000 0.0000 157.8995 410.5998 0.6955 0.0000 4.9000 0.0000 0.0000 0.0000 4.9000 
2023 8 30 0 3.1200 99.5900 0.0000 0.0000 157.7458 410.5370 0.6948 0.0000 4.9000 0.0000 0.0000 0.0000 4.9000 
2023 8 31 0 2.7800 97.2200 0.0000 0.0000 157.5626 410.4623 0.6938 0.0000 4.9000 0.0000 0.0000 0.0000 4.9000 
