POWERSTATION node 1 SVOLETJONN
init_Power = 0.00000
penstock_config = SHARED
headloss_coef = 0.300000
yyyy mm dd hh [m3/s]    [Euro/MWh]  [fr_g0] [m3/s] [m3/s] [m] [m] [MWh] [GWh/Mm3] [Euro] [Euro] [Euro] [Euro] [Euro] [Euro]
yyyy mm dd hh Up_Inflow Price Action_g0 tot_outflow auto_qmin Hnetto Hbrutto Power est_eekv income tot_cost startstopCost adjust_cost cost_aggressive_actions profit
2022 9 1 0 2.0000 564.8800 0.5000 2.0000 0.0000 62.9303 64.1303 24.1978 0.1400  13668.8674 1.0000 1.0000 0.0000 0.0000 13667.8674
2022 9 2 0 2.0000 425.8500 0.5000 2.0000 0.0000 62.7809 63.9809 24.1404 0.1397  10280.1783 0.0000 0.0000 0.0000 0.0000 10280.1783
2022 9 3 0 2.0000 383.9200 0.5000 2.0000 0.0000 62.6284 63.8284 24.0817 0.1394  9245.4538 0.0000 0.0000 0.0000 0.0000 9245.4538
2022 9 4 0 2.0000 310.1000 0.5000 2.0000 0.0000 62.4763 63.6763 24.0232 0.1390  7449.6055 0.0000 0.0000 0.0000 0.0000 7449.6055
2022 9 5 0 2.0000 388.8400 0.5000 2.0000 0.0000 62.3287 63.5287 23.9665 0.1387  9319.1231 0.0000 0.0000 0.0000 0.0000 9319.1231
2022 9 6 0 2.0000 414.3500 0.5000 2.0000 0.0000 62.1873 63.3873 23.9121 0.1384  9907.9861 0.0000 0.0000 0.0000 0.0000 9907.9861
2022 9 7 0 2.0000 451.5300 0.5000 2.0000 0.0000 62.0500 63.2500 23.8593 0.1381  10773.1946 0.0000 0.0000 0.0000 0.0000 10773.1946
2022 9 8 0 2.0000 426.5600 0.5000 2.0000 0.0000 61.9108 63.1108 23.8058 0.1378  10154.6089 0.0000 0.0000 0.0000 0.0000 10154.6089
2022 9 9 0 2.0000 352.9300 0.5000 2.0000 0.0000 61.7677 62.9677 23.7508 0.1374  8382.3602 0.0000 0.0000 0.0000 0.0000 8382.3602
2022 9 10 0 2.0000 410.9400 0.5000 2.0000 0.0000 61.6237 62.8237 23.6954 0.1371  9737.3821 0.0000 0.0000 0.0000 0.0000 9737.3821
2022 9 11 0 2.0000 400.0100 0.5000 2.0000 0.0000 61.4841 62.6841 23.6417 0.1368  9456.9244 0.0000 0.0000 0.0000 0.0000 9456.9244
2022 9 12 0 2.0000 407.9500 0.5000 2.0000 0.0000 61.3579 62.5579 23.5932 0.1365  9624.8515 0.0000 0.0000 0.0000 0.0000 9624.8515
2022 9 13 0 2.0000 382.5800 0.5000 2.0000 0.0000 61.2953 62.4953 23.5691 0.1364  9017.0780 0.0000 0.0000 0.0000 0.0000 9017.0780
2022 9 14 0 2.0000 425.5000 0.5000 2.0000 0.0000 61.2618 62.4618 23.5562 0.1363  10023.1762 0.0000 0.0000 0.0000 0.0000 10023.1762
2022 9 15 0 2.0000 355.8200 0.5000 2.0000 0.0000 61.1933 62.3933 23.5299 0.1362  8372.4140 0.0000 0.0000 0.0000 0.0000 8372.4140
2022 9 16 0 2.0000 329.3900 0.5000 2.0000 0.0000 61.1056 62.3056 23.4962 0.1360  7739.4136 0.0000 0.0000 0.0000 0.0000 7739.4136
2022 9 17 0 2.0000 246.9600 0.5000 2.0000 0.0000 61.0019 62.2019 23.4563 0.1357  5792.7664 0.0000 0.0000 0.0000 0.0000 5792.7664
2022 9 18 0 2.0000 117.5900 0.5000 2.0000 0.0000 60.8842 62.0842 23.4111 0.1355  2752.9059 0.0000 0.0000 0.0000 0.0000 2752.9059
2022 9 19 0 2.0000 288.3300 0.5000 2.0000 0.0000 60.7554 61.9554 23.3615 0.1352  6735.8258 0.0000 0.0000 0.0000 0.0000 6735.8258
2022 9 20 0 2.0000 380.8200 0.5000 2.0000 0.0000 60.6194 61.8194 23.3092 0.1349  8876.6196 0.0000 0.0000 0.0000 0.0000 8876.6196
2022 9 21 0 2.0000 388.8300 0.5000 2.0000 0.0000 60.4789 61.6789 23.2552 0.1346  9042.3249 0.0000 0.0000 0.0000 0.0000 9042.3249
2022 9 22 0 2.0000 378.9000 0.5000 2.0000 0.0000 60.3358 61.5358 23.2002 0.1343  8790.5451 0.0000 0.0000 0.0000 0.0000 8790.5451
2022 9 23 0 2.0000 359.9800 0.5000 2.0000 0.0000 60.1917 61.3917 23.1448 0.1339  8331.6600 0.0000 0.0000 0.0000 0.0000 8331.6600
2022 9 24 0 2.0000 350.7100 0.5000 2.0000 0.0000 60.0486 61.2486 23.0897 0.1336  8097.8033 0.0000 0.0000 0.0000 0.0000 8097.8033
2022 9 25 0 2.0000 299.0800 0.5000 2.0000 0.0000 59.9810 61.1810 23.0638 0.1335  6897.9117 0.0000 0.0000 0.0000 0.0000 6897.9117
2022 9 26 0 2.0000 259.4000 0.5000 2.0000 0.0000 60.0477 61.2477 23.0894 0.1336  5989.3898 0.0000 0.0000 0.0000 0.0000 5989.3898
2022 9 27 0 2.0000 306.8900 0.5000 2.0000 0.0000 60.2114 61.4114 23.1524 0.1340  7105.2261 0.0000 0.0000 0.0000 0.0000 7105.2261
2022 9 28 0 2.0000 308.5200 0.5000 2.0000 0.0000 60.4825 61.6825 23.2566 0.1346  7175.1232 0.0000 0.0000 0.0000 0.0000 7175.1232
2022 9 29 0 2.0000 347.1000 0.5000 2.0000 0.0000 60.7370 61.9370 23.3545 0.1352  8106.3347 0.0000 0.0000 0.0000 0.0000 8106.3347
2022 9 30 0 2.0000 278.9700 0.5000 2.0000 0.0000 60.8623 62.0623 23.4026 0.1354  6528.6308 0.0000 0.0000 0.0000 0.0000 6528.6308
2022 10 1 0 2.0000 90.2400 0.5000 2.0000 0.0000 61.0609 62.2609 23.4790 0.1359  2118.7448 0.0000 0.0000 0.0000 0.0000 2118.7448
2022 10 2 0 2.0000 182.7200 0.5000 2.0000 0.0000 61.4241 62.6241 23.6187 0.1367  4315.6034 0.0000 0.0000 0.0000 0.0000 4315.6034
2022 10 3 0 2.0000 234.6000 0.5000 2.0000 0.0000 61.7999 62.9999 23.7632 0.1375  5574.8370 0.0000 0.0000 0.0000 0.0000 5574.8370
2022 10 4 0 2.0000 199.0100 0.5000 2.0000 0.0000 62.1341 63.3341 23.8916 0.1383  4754.6769 0.0000 0.0000 0.0000 0.0000 4754.6769
2022 10 5 0 2.0000 51.1100 0.5000 2.0000 0.0000 62.7241 63.9241 24.1185 0.1396  1232.6980 0.0000 0.0000 0.0000 0.0000 1232.6980
2022 10 6 0 2.0000 23.8700 0.5000 2.0000 0.0000 63.8170 65.0170 24.5387 0.1420  585.7399 0.0000 0.0000 0.0000 0.0000 585.7399
2022 10 7 0 2.0000 30.2900 0.5000 2.0000 0.0000 64.6996 65.8996 24.8781 0.1440  753.5583 0.0000 0.0000 0.0000 0.0000 753.5583
2022 10 8 0 2.0000 53.3800 0.5000 2.0000 0.0000 65.0843 66.2843 25.0260 0.1448  1335.8905 0.0000 0.0000 0.0000 0.0000 1335.8905
2022 10 9 0 2.0000 91.9400 0.5000 2.0000 0.0000 65.3679 66.5679 25.1351 0.1455  2310.9214 0.0000 0.0000 0.0000 0.0000 2310.9214
2022 10 10 0 2.0000 137.7100 0.5000 2.0000 0.0000 65.5687 66.7687 25.2123 0.1459  3471.9907 0.0000 0.0000 0.0000 0.0000 3471.9907
2022 10 11 0 2.0000 174.3200 0.5000 2.0000 0.0000 65.7275 66.9275 25.2734 0.1463  4405.6589 0.0000 0.0000 0.0000 0.0000 4405.6589
2022 10 12 0 2.0000 199.9900 0.5000 2.0000 0.0000 65.8000 67.0000 25.3013 0.1464  5059.9998 0.0000 0.0000 0.0000 0.0000 5059.9998
2022 10 13 0 2.0000 233.6000 0.5000 2.0000 0.0000 65.8000 67.0000 25.3013 0.1464  5910.3752 0.0000 0.0000 0.0000 0.0000 5910.3752
2022 10 14 0 2.0000 217.2400 0.5000 2.0000 0.0000 65.8000 67.0000 25.3013 0.1464  5496.4465 0.0000 0.0000 0.0000 0.0000 5496.4465
2022 10 15 0 2.0000 154.6600 0.5000 2.0000 0.0000 65.8000 67.0000 25.3013 0.1464  3913.0934 0.0000 0.0000 0.0000 0.0000 3913.0934
2022 10 16 0 2.0000 113.2100 0.5000 2.0000 0.0000 65.8000 67.0000 25.3013 0.1464  2864.3560 0.0000 0.0000 0.0000 0.0000 2864.3560
2022 10 17 0 2.0000 146.2200 0.5000 2.0000 0.0000 65.8000 67.0000 25.3013 0.1464  3699.5507 0.0000 0.0000 0.0000 0.0000 3699.5507
2022 10 18 0 2.0000 163.8200 0.5000 2.0000 0.0000 65.8000 67.0000 25.3013 0.1464  4144.8531 0.0000 0.0000 0.0000 0.0000 4144.8531
2022 10 19 0 2.0000 159.7000 0.5000 2.0000 0.0000 65.8000 67.0000 25.3013 0.1464  4040.6116 0.0000 0.0000 0.0000 0.0000 4040.6116
2022 10 20 0 2.0000 142.1100 0.5000 2.0000 0.0000 65.8000 67.0000 25.3013 0.1464  3595.5625 0.0000 0.0000 0.0000 0.0000 3595.5625
2022 10 21 0 2.0000 157.4800 0.5000 2.0000 0.0000 65.8000 67.0000 25.3013 0.1464  3984.4428 0.0000 0.0000 0.0000 0.0000 3984.4428
2022 10 22 0 2.0000 142.0700 0.5000 2.0000 0.0000 65.8000 67.0000 25.3013 0.1464  3594.5506 0.0000 0.0000 0.0000 0.0000 3594.5506
2022 10 23 0 2.0000 99.6700 0.5000 2.0000 0.0000 65.8000 67.0000 25.3013 0.1464  2521.7768 0.0000 0.0000 0.0000 0.0000 2521.7768
2022 10 24 0 2.0000 85.2000 0.5000 2.0000 0.0000 65.8000 67.0000 25.3013 0.1464  2155.6675 0.0000 0.0000 0.0000 0.0000 2155.6675
2022 10 25 0 2.0000 110.5100 0.5000 2.0000 0.0000 65.8000 67.0000 25.3013 0.1464  2796.0426 0.0000 0.0000 0.0000 0.0000 2796.0426
2022 10 26 0 2.0000 121.4900 0.5000 2.0000 0.0000 65.8000 67.0000 25.3013 0.1464  3073.8504 0.0000 0.0000 0.0000 0.0000 3073.8504
2022 10 27 0 2.0000 117.6600 0.5000 2.0000 0.0000 65.8000 67.0000 25.3013 0.1464  2976.9467 0.0000 0.0000 0.0000 0.0000 2976.9467
2022 10 28 0 2.0000 103.2200 0.5000 2.0000 0.0000 65.8000 67.0000 25.3013 0.1464  2611.5964 0.0000 0.0000 0.0000 0.0000 2611.5964
2022 10 29 0 2.0000 101.6200 0.5000 2.0000 0.0000 65.8000 67.0000 25.3013 0.1464  2571.1144 0.0000 0.0000 0.0000 0.0000 2571.1144
2022 10 30 0 2.0000 117.9300 0.5000 2.0000 0.0000 65.8000 67.0000 25.3013 0.1464  2983.7780 0.0000 0.0000 0.0000 0.0000 2983.7780
2022 10 31 0 2.0000 144.1300 0.5000 2.0000 0.0000 65.8000 67.0000 25.3013 0.1464  3646.6712 0.0000 0.0000 0.0000 0.0000 3646.6712
2022 11 1 0 2.0000 72.4900 0.5000 2.0000 0.0000 65.8000 67.0000 25.3013 0.1464  1834.0885 0.0000 0.0000 0.0000 0.0000 1834.0885
2022 11 2 0 2.0000 71.1700 0.5000 2.0000 0.0000 65.8000 67.0000 25.3013 0.1464  1800.6909 0.0000 0.0000 0.0000 0.0000 1800.6909
2022 11 3 0 2.0000 86.5000 0.5000 2.0000 0.0000 65.8000 67.0000 25.3013 0.1464  2188.5593 0.0000 0.0000 0.0000 0.0000 2188.5593
2022 11 4 0 2.0000 72.6700 0.5000 2.0000 0.0000 65.8000 67.0000 25.3013 0.1464  1838.6427 0.0000 0.0000 0.0000 0.0000 1838.6427
2022 11 5 0 2.0000 47.6500 0.5000 2.0000 0.0000 65.8000 67.0000 25.3013 0.1464  1205.6052 0.0000 0.0000 0.0000 0.0000 1205.6052
2022 11 6 0 2.0000 35.7500 0.5000 2.0000 0.0000 65.8000 67.0000 25.3013 0.1464  904.5202 0.0000 0.0000 0.0000 0.0000 904.5202
2022 11 7 0 2.0000 43.8300 0.5000 2.0000 0.0000 65.8000 67.0000 25.3013 0.1464  1108.9544 0.0000 0.0000 0.0000 0.0000 1108.9544
2022 11 8 0 2.0000 51.0900 0.5000 2.0000 0.0000 65.8000 67.0000 25.3013 0.1464  1292.6415 0.0000 0.0000 0.0000 0.0000 1292.6415
2022 11 9 0 2.0000 42.5700 0.5000 2.0000 0.0000 65.8000 67.0000 25.3013 0.1464  1077.0748 0.0000 0.0000 0.0000 0.0000 1077.0748
2022 11 10 0 2.0000 27.4000 0.5000 2.0000 0.0000 65.8000 67.0000 25.3013 0.1464  693.2546 0.0000 0.0000 0.0000 0.0000 693.2546
2022 11 11 0 2.0000 2.0000 0.5000 2.0000 0.0000 65.8000 67.0000 25.3013 0.1464  50.6025 0.0000 0.0000 0.0000 0.0000 50.6025
2022 11 12 0 2.0000 2.3700 0.5000 2.0000 0.0000 65.8000 67.0000 25.3013 0.1464  59.9640 0.0000 0.0000 0.0000 0.0000 59.9640
2022 11 13 0 2.0000 29.9300 0.5000 2.0000 0.0000 65.8000 67.0000 25.3013 0.1464  757.2668 0.0000 0.0000 0.0000 0.0000 757.2668
2022 11 14 0 2.0000 53.6800 0.5000 2.0000 0.0000 65.8000 67.0000 25.3013 0.1464  1358.1718 0.0000 0.0000 0.0000 0.0000 1358.1718
2022 11 15 0 2.0000 53.7500 0.5000 2.0000 0.0000 65.8000 67.0000 25.3013 0.1464  1359.9429 0.0000 0.0000 0.0000 0.0000 1359.9429
2022 11 16 0 2.0000 27.6900 0.5000 2.0000 0.0000 65.8000 67.0000 25.3013 0.1464  700.5920 0.0000 0.0000 0.0000 0.0000 700.5920
2022 11 17 0 2.0000 48.9100 0.5000 2.0000 0.0000 65.8000 67.0000 25.3013 0.1464  1237.4848 0.0000 0.0000 0.0000 0.0000 1237.4848
2022 11 18 0 2.0000 113.7000 0.5000 2.0000 0.0000 65.8000 67.0000 25.3013 0.1464  2876.7535 0.0000 0.0000 0.0000 0.0000 2876.7535
2022 11 19 0 2.0000 167.1000 0.5000 2.0000 0.0000 65.8000 67.0000 25.3013 0.1464  4227.8412 0.0000 0.0000 0.0000 0.0000 4227.8412
2022 11 20 0 2.0000 162.8400 0.5000 2.0000 0.0000 65.8000 67.0000 25.3013 0.1464  4120.0576 0.0000 0.0000 0.0000 0.0000 4120.0576
2022 11 21 0 2.0000 209.5500 0.5000 2.0000 0.0000 65.8000 67.0000 25.3013 0.1464  5301.8798 0.0000 0.0000 0.0000 0.0000 5301.8798
2022 11 22 0 2.0000 174.4300 0.5000 2.0000 0.0000 65.8000 67.0000 25.3013 0.1464  4413.2991 0.0000 0.0000 0.0000 0.0000 4413.2991
2022 11 23 0 2.0000 149.8400 0.5000 2.0000 0.0000 65.8000 67.0000 25.3013 0.1464  3791.1412 0.0000 0.0000 0.0000 0.0000 3791.1412
2022 11 24 0 2.0000 172.1800 0.5000 2.0000 0.0000 65.8000 67.0000 25.3013 0.1464  4356.3713 0.0000 0.0000 0.0000 0.0000 4356.3713
2022 11 25 0 2.0000 200.3300 0.5000 2.0000 0.0000 65.8000 67.0000 25.3013 0.1464  5068.6021 0.0000 0.0000 0.0000 0.0000 5068.6021
2022 11 26 0 2.0000 196.0200 0.5000 2.0000 0.0000 65.8000 67.0000 25.3013 0.1464  4959.5537 0.0000 0.0000 0.0000 0.0000 4959.5537
2022 11 27 0 2.0000 146.0400 0.5000 2.0000 0.0000 65.8000 67.0000 25.3013 0.1464  3694.9963 0.0000 0.0000 0.0000 0.0000 3694.9963
2022 11 28 0 2.0000 195.3000 0.5000 2.0000 0.0000 65.8000 67.0000 25.3013 0.1464  4941.3368 0.0000 0.0000 0.0000 0.0000 4941.3368
2022 11 29 0 2.0000 362.5600 0.5000 2.0000 0.0000 65.8000 67.0000 25.3013 0.1464  9173.2259 0.0000 0.0000 0.0000 0.0000 9173.2259
2022 11 30 0 2.0000 364.6000 0.5000 2.0000 0.0000 65.8000 67.0000 25.3013 0.1464  9224.8407 0.0000 0.0000 0.0000 0.0000 9224.8407
2022 12 1 0 2.0000 349.6500 0.5000 2.0000 0.0000 65.8000 67.0000 25.3013 0.1464  8846.5865 0.0000 0.0000 0.0000 0.0000 8846.5865
2022 12 2 0 2.0000 324.9900 0.5000 2.0000 0.0000 65.8000 67.0000 25.3013 0.1464  8222.6573 0.0000 0.0000 0.0000 0.0000 8222.6573
2022 12 3 0 2.0000 268.8200 0.5000 2.0000 0.0000 65.8000 67.0000 25.3013 0.1464  6801.4857 0.0000 0.0000 0.0000 0.0000 6801.4857
2022 12 4 0 2.0000 271.5000 0.5000 2.0000 0.0000 65.8000 67.0000 25.3013 0.1464  6869.2929 0.0000 0.0000 0.0000 0.0000 6869.2929
2022 12 5 0 2.0000 290.7800 0.5000 2.0000 0.0000 65.8000 67.0000 25.3013 0.1464  7357.1013 0.0000 0.0000 0.0000 0.0000 7357.1013
2022 12 6 0 2.0000 346.8000 0.5000 2.0000 0.0000 65.8000 67.0000 25.3013 0.1464  8774.4777 0.0000 0.0000 0.0000 0.0000 8774.4777
2022 12 7 0 2.0000 334.1100 0.5000 2.0000 0.0000 65.8000 67.0000 25.3013 0.1464  8453.4047 0.0000 0.0000 0.0000 0.0000 8453.4047
2022 12 8 0 2.0000 399.0300 0.5000 2.0000 0.0000 65.8000 67.0000 25.3013 0.1464  10095.9630 0.0000 0.0000 0.0000 0.0000 10095.9630
2022 12 9 0 2.0000 418.6900 0.5000 2.0000 0.0000 65.8000 67.0000 25.3013 0.1464  10593.3859 0.0000 0.0000 0.0000 0.0000 10593.3859
2022 12 10 0 2.0000 362.9800 0.5000 2.0000 0.0000 65.8000 67.0000 25.3013 0.1464  9183.8528 0.0000 0.0000 0.0000 0.0000 9183.8528
2022 12 11 0 2.0000 338.6100 0.5000 2.0000 0.0000 65.8000 67.0000 25.3013 0.1464  8567.2603 0.0000 0.0000 0.0000 0.0000 8567.2603
2022 12 12 0 2.0000 446.1100 0.5000 2.0000 0.0000 65.8000 67.0000 25.3013 0.1464  11287.1461 0.0000 0.0000 0.0000 0.0000 11287.1461
2022 12 13 0 2.0000 458.6300 0.5000 2.0000 0.0000 65.8000 67.0000 25.3013 0.1464  11603.9184 0.0000 0.0000 0.0000 0.0000 11603.9184
2022 12 14 0 2.0000 451.4100 0.5000 2.0000 0.0000 65.8000 67.0000 25.3013 0.1464  11421.2433 0.0000 0.0000 0.0000 0.0000 11421.2433
2022 12 15 0 2.0000 396.6100 0.5000 2.0000 0.0000 65.8000 67.0000 25.3013 0.1464  10034.7336 0.0000 0.0000 0.0000 0.0000 10034.7336
2022 12 16 0 2.0000 413.8400 0.5000 2.0000 0.0000 65.7862 66.9862 25.2959 0.1464  10468.4741 0.0000 0.0000 0.0000 0.0000 10468.4741
2022 12 17 0 2.0000 254.6500 0.5000 2.0000 0.0000 65.7504 66.9504 25.2822 0.1463  6438.1121 0.0000 0.0000 0.0000 0.0000 6438.1121
2022 12 18 0 2.0000 206.4000 0.5000 2.0000 0.0000 65.7084 66.9084 25.2660 0.1462  5214.9087 0.0000 0.0000 0.0000 0.0000 5214.9087
2022 12 19 0 2.0000 211.4800 0.5000 2.0000 0.0000 65.6744 66.8744 25.2530 0.1461  5340.4955 0.0000 0.0000 0.0000 0.0000 5340.4955
2022 12 20 0 2.0000 205.2500 0.5000 2.0000 0.0000 65.6663 66.8663 25.2499 0.1461  5182.5342 0.0000 0.0000 0.0000 0.0000 5182.5342
2022 12 21 0 2.0000 223.3000 0.5000 2.0000 0.0000 65.7361 66.9361 25.2767 0.1463  5644.2829 0.0000 0.0000 0.0000 0.0000 5644.2829
2022 12 22 0 2.0000 201.9700 0.5000 2.0000 0.0000 65.8000 67.0000 25.3013 0.1464  5110.0961 0.0000 0.0000 0.0000 0.0000 5110.0961
2022 12 23 0 2.0000 193.2900 0.5000 2.0000 0.0000 65.8000 67.0000 25.3013 0.1464  4890.4810 0.0000 0.0000 0.0000 0.0000 4890.4810
2022 12 24 0 2.0000 142.3700 0.5000 2.0000 0.0000 65.8000 67.0000 25.3013 0.1464  3602.1407 0.0000 0.0000 0.0000 0.0000 3602.1407
2022 12 25 0 2.0000 129.4400 0.5000 2.0000 0.0000 65.8000 67.0000 25.3013 0.1464  3274.9956 0.0000 0.0000 0.0000 0.0000 3274.9956
2022 12 26 0 2.0000 111.7200 0.5000 2.0000 0.0000 65.8000 67.0000 25.3013 0.1464  2826.6571 0.0000 0.0000 0.0000 0.0000 2826.6571
2022 12 27 0 2.0000 141.3500 0.5000 2.0000 0.0000 65.8000 67.0000 25.3013 0.1464  3576.3337 0.0000 0.0000 0.0000 0.0000 3576.3337
2022 12 28 0 2.0000 122.1300 0.5000 2.0000 0.0000 65.8000 67.0000 25.3013 0.1464  3090.0432 0.0000 0.0000 0.0000 0.0000 3090.0432
2022 12 29 0 2.0000 96.2800 0.5000 2.0000 0.0000 65.8000 67.0000 25.3013 0.1464  2436.0056 0.0000 0.0000 0.0000 0.0000 2436.0056
2022 12 30 0 2.0000 100.4100 0.5000 2.0000 0.0000 65.8000 67.0000 25.3013 0.1464  2540.4999 0.0000 0.0000 0.0000 0.0000 2540.4999
2022 12 31 0 2.0000 116.2200 0.5000 2.0000 0.0000 65.8000 67.0000 25.3013 0.1464  2940.5128 0.0000 0.0000 0.0000 0.0000 2940.5128
2023 1 1 0 2.0000 112.5700 0.5000 2.0000 0.0000 65.8000 67.0000 25.3013 0.1464  2848.1632 0.0000 0.0000 0.0000 0.0000 2848.1632
2023 1 2 0 2.0000 149.2600 0.5000 2.0000 0.0000 65.7886 66.9886 25.2969 0.1464  3775.8149 0.0000 0.0000 0.0000 0.0000 3775.8149
2023 1 3 0 2.0000 154.5400 0.5000 2.0000 0.0000 65.7482 66.9482 25.2814 0.1463  3906.9802 0.0000 0.0000 0.0000 0.0000 3906.9802
2023 1 4 0 2.0000 114.6400 0.5000 2.0000 0.0000 65.6856 66.8856 25.2573 0.1462  2895.4937 0.0000 0.0000 0.0000 0.0000 2895.4937
2023 1 5 0 2.0000 144.1600 0.5000 2.0000 0.0000 65.6395 66.8395 25.2396 0.1461  3638.5344 0.0000 0.0000 0.0000 0.0000 3638.5344
2023 1 6 0 2.0000 126.0400 0.5000 2.0000 0.0000 65.6028 66.8028 25.2255 0.1460  3179.4158 0.0000 0.0000 0.0000 0.0000 3179.4158
2023 1 7 0 2.0000 102.5400 0.5000 2.0000 0.0000 65.5554 66.7554 25.2072 0.1459  2584.7481 0.0000 0.0000 0.0000 0.0000 2584.7481
2023 1 8 0 2.0000 75.8000 0.5000 2.0000 0.0000 65.5738 66.7738 25.2143 0.1459  1911.2417 0.0000 0.0000 0.0000 0.0000 1911.2417
2023 1 9 0 2.0000 133.2800 0.5000 2.0000 0.0000 65.7077 66.9077 25.2658 0.1462  3367.4211 0.0000 0.0000 0.0000 0.0000 3367.4211
2023 1 10 0 2.0000 130.4400 0.5000 2.0000 0.0000 65.8000 67.0000 25.3013 0.1464  3300.2968 0.0000 0.0000 0.0000 0.0000 3300.2968
2023 1 11 0 2.0000 96.6800 0.5000 2.0000 0.0000 65.8000 67.0000 25.3013 0.1464  2446.1261 0.0000 0.0000 0.0000 0.0000 2446.1261
2023 1 12 0 2.0000 89.9500 0.5000 2.0000 0.0000 65.8000 67.0000 25.3013 0.1464  2275.8485 0.0000 0.0000 0.0000 0.0000 2275.8485
2023 1 13 0 2.0000 82.8000 0.5000 2.0000 0.0000 65.8000 67.0000 25.3013 0.1464  2094.9447 0.0000 0.0000 0.0000 0.0000 2094.9447
2023 1 14 0 2.0000 94.7100 0.5000 2.0000 0.0000 65.8000 67.0000 25.3013 0.1464  2396.2826 0.0000 0.0000 0.0000 0.0000 2396.2826
2023 1 15 0 2.0000 70.7800 0.5000 2.0000 0.0000 65.8000 67.0000 25.3013 0.1464  1790.8234 0.0000 0.0000 0.0000 0.0000 1790.8234
2023 1 16 0 2.0000 139.7600 0.5000 2.0000 0.0000 65.7818 66.9818 25.2943 0.1464  3535.1247 0.0000 0.0000 0.0000 0.0000 3535.1247
2023 1 17 0 2.0000 134.1900 0.5000 2.0000 0.0000 65.7371 66.9371 25.2771 0.1463  3391.9335 0.0000 0.0000 0.0000 0.0000 3391.9335
2023 1 18 0 2.0000 138.3800 0.5000 2.0000 0.0000 65.6848 66.8848 25.2570 0.1462  3495.0597 0.0000 0.0000 0.0000 0.0000 3495.0597
2023 1 19 0 2.0000 148.5600 0.5000 2.0000 0.0000 65.6253 66.8253 25.2341 0.1460  3748.7768 0.0000 0.0000 0.0000 0.0000 3748.7768
2023 1 20 0 2.0000 162.5000 0.5000 2.0000 0.0000 65.5564 66.7564 25.2076 0.1459  4096.2356 0.0000 0.0000 0.0000 0.0000 4096.2356
2023 1 21 0 2.0000 150.1900 0.5000 2.0000 0.0000 65.4826 66.6826 25.1792 0.1457  3781.6674 0.0000 0.0000 0.0000 0.0000 3781.6674
2023 1 22 0 2.0000 151.8000 0.5000 2.0000 0.0000 65.4057 66.6057 25.1496 0.1455  3817.7149 0.0000 0.0000 0.0000 0.0000 3817.7149
2023 1 23 0 2.0000 197.7300 0.5000 2.0000 0.0000 65.3363 66.5363 25.1230 0.1454  4967.5658 0.0000 0.0000 0.0000 0.0000 4967.5658
2023 1 24 0 2.0000 184.5400 0.5000 2.0000 0.0000 65.2688 66.4688 25.0970 0.1452  4631.4005 0.0000 0.0000 0.0000 0.0000 4631.4005
2023 1 25 0 2.0000 137.5700 0.5000 2.0000 0.0000 65.1954 66.3954 25.0688 0.1451  3448.7139 0.0000 0.0000 0.0000 0.0000 3448.7139
2023 1 26 0 2.0000 132.3800 0.5000 2.0000 0.0000 65.1288 66.3288 25.0432 0.1449  3315.2140 0.0000 0.0000 0.0000 0.0000 3315.2140
2023 1 27 0 2.0000 154.0500 0.5000 2.0000 0.0000 65.0657 66.2657 25.0189 0.1448  3854.1631 0.0000 0.0000 0.0000 0.0000 3854.1631
2023 1 28 0 2.0000 116.8100 0.5000 2.0000 0.0000 64.9950 66.1950 24.9917 0.1446  2919.2842 0.0000 0.0000 0.0000 0.0000 2919.2842
2023 1 29 0 2.0000 102.3700 0.5000 2.0000 0.0000 64.9167 66.1167 24.9616 0.1445  2555.3222 0.0000 0.0000 0.0000 0.0000 2555.3222
2023 1 30 0 2.0000 90.0000 0.5000 2.0000 0.0000 64.8411 66.0411 24.9326 0.1443  2243.9305 0.0000 0.0000 0.0000 0.0000 2243.9305
2023 1 31 0 2.0000 105.1200 0.5000 2.0000 0.0000 64.7696 65.9696 24.9050 0.1441  2618.0178 0.0000 0.0000 0.0000 0.0000 2618.0178
2023 2 1 0 2.0000 103.8300 0.5000 2.0000 0.0000 64.6926 65.8926 24.8755 0.1440  2582.8184 0.0000 0.0000 0.0000 0.0000 2582.8184
2023 2 2 0 2.0000 145.2800 0.5000 2.0000 0.0000 64.6193 65.8193 24.8472 0.1438  3609.8077 0.0000 0.0000 0.0000 0.0000 3609.8077
2023 2 3 0 2.0000 113.1000 0.5000 2.0000 0.0000 64.5454 65.7454 24.8189 0.1436  2807.0134 0.0000 0.0000 0.0000 0.0000 2807.0134
2023 2 4 0 2.0000 138.8200 0.5000 2.0000 0.0000 64.4564 65.6564 24.7846 0.1434  3440.6030 0.0000 0.0000 0.0000 0.0000 3440.6030
2023 2 5 0 2.0000 122.8300 0.5000 2.0000 0.0000 64.3571 65.5571 24.7464 0.1432  3039.6062 0.0000 0.0000 0.0000 0.0000 3039.6062
2023 2 6 0 2.0000 161.3800 0.5000 2.0000 0.0000 64.2524 65.4524 24.7062 0.1430  3987.0862 0.0000 0.0000 0.0000 0.0000 3987.0862
2023 2 7 0 2.0000 132.4500 0.5000 2.0000 0.0000 64.1424 65.3424 24.6639 0.1427  3266.7312 0.0000 0.0000 0.0000 0.0000 3266.7312
2023 2 8 0 2.0000 120.3300 0.5000 2.0000 0.0000 64.0283 65.2283 24.6200 0.1425  2962.5271 0.0000 0.0000 0.0000 0.0000 2962.5271
2023 2 9 0 2.0000 98.3400 0.5000 2.0000 0.0000 63.9174 65.1174 24.5774 0.1422  2416.9377 0.0000 0.0000 0.0000 0.0000 2416.9377
2023 2 10 0 2.0000 97.5400 0.5000 2.0000 0.0000 63.8131 65.0131 24.5373 0.1420  2393.3667 0.0000 0.0000 0.0000 0.0000 2393.3667
2023 2 11 0 2.0000 94.6300 0.5000 2.0000 0.0000 63.7138 64.9138 24.4991 0.1418  2318.3496 0.0000 0.0000 0.0000 0.0000 2318.3496
2023 2 12 0 2.0000 111.6200 0.5000 2.0000 0.0000 63.6195 64.8195 24.4628 0.1416  2730.5383 0.0000 0.0000 0.0000 0.0000 2730.5383
2023 2 13 0 2.0000 115.7800 0.5000 2.0000 0.0000 63.5273 64.7273 24.4274 0.1414  2828.2009 0.0000 0.0000 0.0000 0.0000 2828.2009
2023 2 14 0 2.0000 140.8300 0.5000 2.0000 0.0000 63.4347 64.6347 24.3918 0.1412  3435.0922 0.0000 0.0000 0.0000 0.0000 3435.0922
2023 2 15 0 2.0000 122.5300 0.5000 2.0000 0.0000 63.3354 64.5354 24.3536 0.1409  2984.0439 0.0000 0.0000 0.0000 0.0000 2984.0439
2023 2 16 0 2.0000 120.9800 0.5000 2.0000 0.0000 63.2271 64.4271 24.3120 0.1407  2941.2601 0.0000 0.0000 0.0000 0.0000 2941.2601
2023 2 17 0 2.0000 92.1200 0.5000 2.0000 0.0000 63.1220 64.3220 24.2715 0.1405  2235.8934 0.0000 0.0000 0.0000 0.0000 2235.8934
2023 2 18 0 2.0000 97.8800 0.5000 2.0000 0.0000 63.0263 64.2263 24.2347 0.1402  2372.0943 0.0000 0.0000 0.0000 0.0000 2372.0943
2023 2 19 0 2.0000 107.6300 0.5000 2.0000 0.0000 62.9368 64.1368 24.2003 0.1400  2604.6802 0.0000 0.0000 0.0000 0.0000 2604.6802
2023 2 20 0 2.0000 77.5600 0.5000 2.0000 0.0000 62.8532 64.0532 24.1682 0.1399  1874.4819 0.0000 0.0000 0.0000 0.0000 1874.4819
2023 2 21 0 2.0000 106.7100 0.5000 2.0000 0.0000 62.7753 63.9753 24.1382 0.1397  2575.7898 0.0000 0.0000 0.0000 0.0000 2575.7898
2023 2 22 0 2.0000 118.3800 0.5000 2.0000 0.0000 62.6944 63.8944 24.1071 0.1395  2853.7972 0.0000 0.0000 0.0000 0.0000 2853.7972
2023 2 23 0 2.0000 116.1600 0.5000 2.0000 0.0000 62.6107 63.8107 24.0749 0.1393  2796.5432 0.0000 0.0000 0.0000 0.0000 2796.5432
2023 2 24 0 2.0000 103.8000 0.5000 2.0000 0.0000 62.5329 63.7329 24.0450 0.1391  2495.8705 0.0000 0.0000 0.0000 0.0000 2495.8705
2023 2 25 0 2.0000 97.6000 0.5000 2.0000 0.0000 62.4693 63.6693 24.0206 0.1390  2344.4075 0.0000 0.0000 0.0000 0.0000 2344.4075
2023 2 26 0 2.0000 111.9200 0.5000 2.0000 0.0000 62.4443 63.6443 24.0109 0.1390  2687.3039 0.0000 0.0000 0.0000 0.0000 2687.3039
2023 2 27 0 2.0000 124.5700 0.5000 2.0000 0.0000 62.4622 63.6622 24.0178 0.1390  2991.8994 0.0000 0.0000 0.0000 0.0000 2991.8994
2023 2 28 0 2.0000 124.0900 0.5000 2.0000 0.0000 62.4792 63.6792 24.0244 0.1390  2981.1819 0.0000 0.0000 0.0000 0.0000 2981.1819
2023 3 1 0 2.0000 130.8400 0.5000 2.0000 0.0000 62.4676 63.6676 24.0199 0.1390  3142.7611 0.0000 0.0000 0.0000 0.0000 3142.7611
2023 3 2 0 2.0000 120.4000 0.5000 2.0000 0.0000 62.4358 63.6358 24.0077 0.1389  2890.5233 0.0000 0.0000 0.0000 0.0000 2890.5233
2023 3 3 0 2.0000 115.5800 0.5000 2.0000 0.0000 62.3893 63.5893 23.9898 0.1388  2772.7387 0.0000 0.0000 0.0000 0.0000 2772.7387
2023 3 4 0 2.0000 112.2200 0.5000 2.0000 0.0000 62.3338 63.5338 23.9685 0.1387  2689.7395 0.0000 0.0000 0.0000 0.0000 2689.7395
2023 3 5 0 2.0000 129.9600 0.5000 2.0000 0.0000 62.2757 63.4757 23.9461 0.1386  3112.0339 0.0000 0.0000 0.0000 0.0000 3112.0339
2023 3 6 0 2.0000 153.1300 0.5000 2.0000 0.0000 62.2054 63.4054 23.9191 0.1384  3662.7294 0.0000 0.0000 0.0000 0.0000 3662.7294
2023 3 7 0 2.0000 116.0800 0.5000 2.0000 0.0000 62.1133 63.3133 23.8836 0.1382  2772.4141 0.0000 0.0000 0.0000 0.0000 2772.4141
2023 3 8 0 2.0000 150.8300 0.5000 2.0000 0.0000 62.0104 63.2104 23.8441 0.1380  3596.4038 0.0000 0.0000 0.0000 0.0000 3596.4038
2023 3 9 0 2.0000 138.5100 0.5000 2.0000 0.0000 61.9026 63.1026 23.8026 0.1377  3296.9026 0.0000 0.0000 0.0000 0.0000 3296.9026
2023 3 10 0 2.0000 127.3700 0.5000 2.0000 0.0000 61.7872 62.9872 23.7583 0.1375  3026.0890 0.0000 0.0000 0.0000 0.0000 3026.0890
2023 3 11 0 2.0000 110.5300 0.5000 2.0000 0.0000 61.6664 62.8664 23.7118 0.1372  2620.8666 0.0000 0.0000 0.0000 0.0000 2620.8666
2023 3 12 0 2.0000 106.8200 0.5000 2.0000 0.0000 61.5460 62.7460 23.6655 0.1370  2527.9532 0.0000 0.0000 0.0000 0.0000 2527.9532
2023 3 13 0 2.0000 94.6800 0.5000 2.0000 0.0000 61.4275 62.6275 23.6200 0.1367  2236.3378 0.0000 0.0000 0.0000 0.0000 2236.3378
2023 3 14 0 2.0000 102.8300 0.5000 2.0000 0.0000 61.3076 62.5076 23.5739 0.1364  2424.1002 0.0000 0.0000 0.0000 0.0000 2424.1002
2023 3 15 0 2.0000 121.6400 0.5000 2.0000 0.0000 61.1850 62.3850 23.5267 0.1362  2861.7915 0.0000 0.0000 0.0000 0.0000 2861.7915
2023 3 16 0 2.0000 112.8100 0.5000 2.0000 0.0000 61.0589 62.2589 23.4782 0.1359  2648.5784 0.0000 0.0000 0.0000 0.0000 2648.5784
2023 3 17 0 2.0000 104.1500 0.5000 2.0000 0.0000 60.9327 62.1327 23.4297 0.1356  2440.2051 0.0000 0.0000 0.0000 0.0000 2440.2051
2023 3 18 0 2.0000 109.0000 0.5000 2.0000 0.0000 60.8138 62.0138 23.3840 0.1353  2548.8520 0.0000 0.0000 0.0000 0.0000 2548.8520
2023 3 19 0 2.0000 110.0900 0.5000 2.0000 0.0000 60.6983 61.8983 23.3396 0.1351  2569.4548 0.0000 0.0000 0.0000 0.0000 2569.4548
2023 3 20 0 2.0000 116.7600 0.5000 2.0000 0.0000 60.5838 61.7838 23.2956 0.1348  2719.9885 0.0000 0.0000 0.0000 0.0000 2719.9885
2023 3 21 0 2.0000 111.3100 0.5000 2.0000 0.0000 60.4724 61.6724 23.2527 0.1346  2588.2602 0.0000 0.0000 0.0000 0.0000 2588.2602
2023 3 22 0 2.0000 92.3600 0.5000 2.0000 0.0000 60.3619 61.5619 23.2102 0.1343  2143.6972 0.0000 0.0000 0.0000 0.0000 2143.6972
2023 3 23 0 2.0000 86.1100 0.5000 2.0000 0.0000 60.2559 61.4559 23.1695 0.1341  1995.1229 0.0000 0.0000 0.0000 0.0000 1995.1229
2023 3 24 0 2.0000 83.8300 0.5000 2.0000 0.0000 60.1633 61.3633 23.1339 0.1339  1939.3117 0.0000 0.0000 0.0000 0.0000 1939.3117
2023 3 25 0 2.0000 73.3600 0.5000 2.0000 0.0000 60.0909 61.2909 23.1060 0.1337  1695.0559 0.0000 0.0000 0.0000 0.0000 1695.0559
2023 3 26 0 2.0000 92.4600 0.5000 2.0000 0.0000 60.0336 61.2336 23.0840 0.1336  2134.3447 0.0000 0.0000 0.0000 0.0000 2134.3447
2023 3 27 0 2.0000 100.9400 0.5000 2.0000 0.0000 59.9844 61.1844 23.0651 0.1335  2328.1870 0.0000 0.0000 0.0000 0.0000 2328.1870
2023 3 28 0 2.0000 123.8500 0.5000 2.0000 0.0000 59.9423 61.1423 23.0489 0.1334  2854.6049 0.0000 0.0000 0.0000 0.0000 2854.6049
2023 3 29 0 2.0000 127.0200 0.5000 2.0000 0.0000 59.8963 61.0963 23.0312 0.1333  2925.4195 0.0000 0.0000 0.0000 0.0000 2925.4195
2023 3 30 0 2.0000 103.7800 0.5000 2.0000 0.0000 59.8399 61.0399 23.0095 0.1332  2387.9258 0.0000 0.0000 0.0000 0.0000 2387.9258
2023 3 31 0 2.0000 111.8200 0.5000 2.0000 0.0000 59.8453 61.0453 23.0116 0.1332  2573.1530 0.0000 0.0000 0.0000 0.0000 2573.1530
2023 4 1 0 2.0000 97.9300 0.5000 2.0000 0.0000 60.1226 61.3226 23.1182 0.1338  2263.9662 0.0000 0.0000 0.0000 0.0000 2263.9662
2023 4 2 0 2.0000 105.1000 0.5000 2.0000 0.0000 60.5820 61.7820 23.2949 0.1348  2448.2900 0.0000 0.0000 0.0000 0.0000 2448.2900
2023 4 3 0 2.0000 126.4800 0.5000 2.0000 0.0000 60.9099 62.1099 23.4209 0.1355  2962.2812 0.0000 0.0000 0.0000 0.0000 2962.2812
2023 4 4 0 2.0000 133.1300 0.5000 2.0000 0.0000 61.0584 62.2584 23.4781 0.1359  3125.6332 0.0000 0.0000 0.0000 0.0000 3125.6332
2023 4 5 0 2.0000 130.9100 0.5000 2.0000 0.0000 61.1094 62.3094 23.4977 0.1360  3076.0789 0.0000 0.0000 0.0000 0.0000 3076.0789
2023 4 6 0 2.0000 125.8900 0.5000 2.0000 0.0000 61.1247 62.3247 23.5035 0.1360  2958.8568 0.0000 0.0000 0.0000 0.0000 2958.8568
2023 4 7 0 2.0000 117.9200 0.5000 2.0000 0.0000 61.1126 62.3126 23.4989 0.1360  2770.9861 0.0000 0.0000 0.0000 0.0000 2770.9861
2023 4 8 0 2.0000 120.6500 0.5000 2.0000 0.0000 61.0754 62.2754 23.4846 0.1359  2833.4156 0.0000 0.0000 0.0000 0.0000 2833.4156
2023 4 9 0 2.0000 110.2100 0.5000 2.0000 0.0000 61.0222 62.2222 23.4641 0.1358  2585.9806 0.0000 0.0000 0.0000 0.0000 2585.9806
2023 4 10 0 2.0000 54.3700 0.5000 2.0000 0.0000 60.9636 62.1636 23.4416 0.1357  1274.5190 0.0000 0.0000 0.0000 0.0000 1274.5190
2023 4 11 0 2.0000 84.4600 0.5000 2.0000 0.0000 61.0016 62.2016 23.4562 0.1357  1981.1112 0.0000 0.0000 0.0000 0.0000 1981.1112
2023 4 12 0 2.0000 111.9800 0.5000 2.0000 0.0000 61.1175 62.3175 23.5008 0.1360  2631.6149 0.0000 0.0000 0.0000 0.0000 2631.6149
2023 4 13 0 2.0000 107.2100 0.5000 2.0000 0.0000 61.2159 62.4159 23.5386 0.1362  2523.5732 0.0000 0.0000 0.0000 0.0000 2523.5732
2023 4 14 0 2.0000 118.9300 0.5000 2.0000 0.0000 61.3331 62.5331 23.5837 0.1365  2804.8054 0.0000 0.0000 0.0000 0.0000 2804.8054
2023 4 15 0 2.0000 111.6600 0.5000 2.0000 0.0000 61.4628 62.6628 23.6335 0.1368  2638.9221 0.0000 0.0000 0.0000 0.0000 2638.9221
2023 4 16 0 2.0000 115.1500 0.5000 2.0000 0.0000 61.5863 62.7863 23.6810 0.1370  2726.8698 0.0000 0.0000 0.0000 0.0000 2726.8698
2023 4 17 0 2.0000 125.4800 0.5000 2.0000 0.0000 61.7183 62.9183 23.7318 0.1373  2977.8620 0.0000 0.0000 0.0000 0.0000 2977.8620
2023 4 18 0 2.0000 114.7600 0.5000 2.0000 0.0000 61.8704 63.0704 23.7902 0.1377  2730.1690 0.0000 0.0000 0.0000 0.0000 2730.1690
2023 4 19 0 2.0000 108.7500 0.5000 2.0000 0.0000 62.0471 63.2471 23.8582 0.1381  2594.5784 0.0000 0.0000 0.0000 0.0000 2594.5784
2023 4 20 0 2.0000 111.1600 0.5000 2.0000 0.0000 62.2645 63.4645 23.9418 0.1386  2661.3693 0.0000 0.0000 0.0000 0.0000 2661.3693
2023 4 21 0 2.0000 107.9900 0.5000 2.0000 0.0000 62.5503 63.7503 24.0517 0.1392  2597.3433 0.0000 0.0000 0.0000 0.0000 2597.3433
2023 4 22 0 2.0000 98.4000 0.5000 2.0000 0.0000 62.9176 64.1176 24.1929 0.1400  2380.5836 0.0000 0.0000 0.0000 0.0000 2380.5836
2023 4 23 0 2.0000 97.8600 0.5000 2.0000 0.0000 63.3815 64.5815 24.3713 0.1410  2384.9750 0.0000 0.0000 0.0000 0.0000 2384.9750
2023 4 24 0 2.0000 116.5300 0.5000 2.0000 0.0000 63.8964 65.0964 24.5693 0.1422  2863.0579 0.0000 0.0000 0.0000 0.0000 2863.0579
2023 4 25 0 2.0000 104.4700 0.5000 2.0000 0.0000 64.3714 65.5714 24.7520 0.1432  2585.8364 0.0000 0.0000 0.0000 0.0000 2585.8364
2023 4 26 0 2.0000 114.3700 0.5000 2.0000 0.0000 64.7682 65.9682 24.9045 0.1441  2848.3304 0.0000 0.0000 0.0000 0.0000 2848.3304
2023 4 27 0 2.0000 123.3800 0.5000 2.0000 0.0000 65.0773 66.2773 25.0234 0.1448  3087.3848 0.0000 0.0000 0.0000 0.0000 3087.3848
2023 4 28 0 2.0000 121.7100 0.5000 2.0000 0.0000 65.3158 66.5158 25.1151 0.1453  3056.7543 0.0000 0.0000 0.0000 0.0000 3056.7543
2023 4 29 0 2.0000 112.7000 0.5000 2.0000 0.0000 65.5144 66.7144 25.1914 0.1458  2839.0746 0.0000 0.0000 0.0000 0.0000 2839.0746
2023 4 30 0 2.0000 99.7900 0.5000 2.0000 0.0000 65.6897 66.8897 25.2589 0.1462  2520.5819 0.0000 0.0000 0.0000 0.0000 2520.5819
2023 5 1 0 2.0000 106.3400 0.5000 2.0000 0.0000 65.7862 66.9862 25.2960 0.1464  2689.9737 0.0000 0.0000 0.0000 0.0000 2689.9737
2023 5 2 0 2.0000 121.7900 0.5000 2.0000 0.0000 65.8000 67.0000 25.3013 0.1464  3081.4409 0.0000 0.0000 0.0000 0.0000 3081.4409
2023 5 3 0 2.0000 118.1800 0.5000 2.0000 0.0000 65.8000 67.0000 25.3013 0.1464  2990.1033 0.0000 0.0000 0.0000 0.0000 2990.1033
2023 5 4 0 2.0000 112.1600 0.5000 2.0000 0.0000 65.8000 67.0000 25.3013 0.1464  2837.7898 0.0000 0.0000 0.0000 0.0000 2837.7898
2023 5 5 0 2.0000 97.5700 0.5000 2.0000 0.0000 65.8000 67.0000 25.3013 0.1464  2468.6442 0.0000 0.0000 0.0000 0.0000 2468.6442
2023 5 6 0 2.0000 94.9300 0.5000 2.0000 0.0000 65.8000 67.0000 25.3013 0.1464  2401.8489 0.0000 0.0000 0.0000 0.0000 2401.8489
2023 5 7 0 2.0000 88.0500 0.5000 2.0000 0.0000 65.8000 67.0000 25.3013 0.1464  2227.7763 0.0000 0.0000 0.0000 0.0000 2227.7763
2023 5 8 0 2.0000 102.0400 0.5000 2.0000 0.0000 65.8000 67.0000 25.3013 0.1464  2581.7409 0.0000 0.0000 0.0000 0.0000 2581.7409
2023 5 9 0 2.0000 96.1600 0.5000 2.0000 0.0000 65.8000 67.0000 25.3013 0.1464  2432.9696 0.0000 0.0000 0.0000 0.0000 2432.9696
2023 5 10 0 2.0000 94.0200 0.5000 2.0000 0.0000 65.8000 67.0000 25.3013 0.1464  2378.8247 0.0000 0.0000 0.0000 0.0000 2378.8247
2023 5 11 0 2.0000 101.3600 0.5000 2.0000 0.0000 65.8000 67.0000 25.3013 0.1464  2564.5360 0.0000 0.0000 0.0000 0.0000 2564.5360
2023 5 12 0 2.0000 91.5000 0.5000 2.0000 0.0000 65.8000 67.0000 25.3013 0.1464  2315.0656 0.0000 0.0000 0.0000 0.0000 2315.0656
2023 5 13 0 2.0000 74.6100 0.5000 2.0000 0.0000 65.8000 67.0000 25.3013 0.1464  1887.7273 0.0000 0.0000 0.0000 0.0000 1887.7273
2023 5 14 0 2.0000 72.7500 0.5000 2.0000 0.0000 65.8000 67.0000 25.3013 0.1464  1840.6669 0.0000 0.0000 0.0000 0.0000 1840.6669
2023 5 15 0 2.0000 94.8900 0.5000 2.0000 0.0000 65.8000 67.0000 25.3013 0.1464  2400.8368 0.0000 0.0000 0.0000 0.0000 2400.8368
2023 5 16 0 2.0000 63.0700 0.5000 2.0000 0.0000 65.8000 67.0000 25.3013 0.1464  1595.7507 0.0000 0.0000 0.0000 0.0000 1595.7507
2023 5 17 0 2.0000 54.3000 0.5000 2.0000 0.0000 65.8000 67.0000 25.3013 0.1464  1373.8586 0.0000 0.0000 0.0000 0.0000 1373.8586
2023 5 18 0 2.0000 88.1100 0.5000 2.0000 0.0000 65.8000 67.0000 25.3013 0.1464  2229.2943 0.0000 0.0000 0.0000 0.0000 2229.2943
2023 5 19 0 2.0000 92.9400 0.5000 2.0000 0.0000 65.8000 67.0000 25.3013 0.1464  2351.4995 0.0000 0.0000 0.0000 0.0000 2351.4995
2023 5 20 0 2.0000 52.6300 0.5000 2.0000 0.0000 65.8000 67.0000 25.3013 0.1464  1331.6055 0.0000 0.0000 0.0000 0.0000 1331.6055
2023 5 21 0 2.0000 37.1300 0.5000 2.0000 0.0000 65.8000 67.0000 25.3013 0.1464  939.4359 0.0000 0.0000 0.0000 0.0000 939.4359
2023 5 22 0 2.0000 84.4700 0.5000 2.0000 0.0000 65.8000 67.0000 25.3013 0.1464  2137.1977 0.0000 0.0000 0.0000 0.0000 2137.1977
2023 5 23 0 2.0000 63.0000 0.5000 2.0000 0.0000 65.8000 67.0000 25.3013 0.1464  1593.9796 0.0000 0.0000 0.0000 0.0000 1593.9796
2023 5 24 0 2.0000 82.4800 0.5000 2.0000 0.0000 65.8000 67.0000 25.3013 0.1464  2086.8483 0.0000 0.0000 0.0000 0.0000 2086.8483
2023 5 25 0 2.0000 57.6600 0.5000 2.0000 0.0000 65.8000 67.0000 25.3013 0.1464  1458.8708 0.0000 0.0000 0.0000 0.0000 1458.8708
2023 5 26 0 2.0000 61.9200 0.5000 2.0000 0.0000 65.8000 67.0000 25.3013 0.1464  1566.6542 0.0000 0.0000 0.0000 0.0000 1566.6542
2023 5 27 0 2.0000 61.7400 0.5000 2.0000 0.0000 65.8000 67.0000 25.3013 0.1464  1562.1000 0.0000 0.0000 0.0000 0.0000 1562.1000
2023 5 28 0 2.0000 48.1500 0.5000 2.0000 0.0000 65.8000 67.0000 25.3013 0.1464  1218.2559 0.0000 0.0000 0.0000 0.0000 1218.2559
2023 5 29 0 2.0000 41.9900 0.5000 2.0000 0.0000 65.8000 67.0000 25.3013 0.1464  1062.4001 0.0000 0.0000 0.0000 0.0000 1062.4001
2023 5 30 0 2.0000 85.7800 0.5000 2.0000 0.0000 65.8000 67.0000 25.3013 0.1464  2170.3423 0.0000 0.0000 0.0000 0.0000 2170.3423
2023 5 31 0 2.0000 60.1500 0.5000 2.0000 0.0000 65.8000 67.0000 25.3013 0.1464  1521.8710 0.0000 0.0000 0.0000 0.0000 1521.8710
2023 6 1 0 2.0000 67.1300 0.5000 2.0000 0.0000 65.8000 67.0000 25.3013 0.1464  1698.4737 0.0000 0.0000 0.0000 0.0000 1698.4737
2023 6 2 0 2.0000 80.9600 0.5000 2.0000 0.0000 65.8000 67.0000 25.3013 0.1464  2048.3902 0.0000 0.0000 0.0000 0.0000 2048.3902
2023 6 3 0 2.0000 62.3200 0.5000 2.0000 0.0000 65.8000 67.0000 25.3013 0.1464  1576.7747 0.0000 0.0000 0.0000 0.0000 1576.7747
2023 6 4 0 2.0000 61.2100 0.5000 2.0000 0.0000 65.8000 67.0000 25.3013 0.1464  1548.6903 0.0000 0.0000 0.0000 0.0000 1548.6903
2023 6 5 0 2.0000 87.8500 0.5000 2.0000 0.0000 65.8000 67.0000 25.3013 0.1464  2222.7159 0.0000 0.0000 0.0000 0.0000 2222.7159
2023 6 6 0 2.0000 90.1800 0.5000 2.0000 0.0000 65.8000 67.0000 25.3013 0.1464  2281.6679 0.0000 0.0000 0.0000 0.0000 2281.6679
2023 6 7 0 2.0000 96.7800 0.5000 2.0000 0.0000 65.8000 67.0000 25.3013 0.1464  2448.6562 0.0000 0.0000 0.0000 0.0000 2448.6562
2023 6 8 0 2.0000 89.0900 0.5000 2.0000 0.0000 65.8000 67.0000 25.3013 0.1464  2254.0894 0.0000 0.0000 0.0000 0.0000 2254.0894
2023 6 9 0 2.0000 88.9200 0.5000 2.0000 0.0000 65.8000 67.0000 25.3013 0.1464  2249.7883 0.0000 0.0000 0.0000 0.0000 2249.7883
2023 6 10 0 2.0000 61.8300 0.5000 2.0000 0.0000 65.8000 67.0000 25.3013 0.1464  1564.3771 0.0000 0.0000 0.0000 0.0000 1564.3771
2023 6 11 0 2.0000 47.6500 0.5000 2.0000 0.0000 65.8000 67.0000 25.3013 0.1464  1205.6052 0.0000 0.0000 0.0000 0.0000 1205.6052
2023 6 12 0 2.0000 88.7900 0.5000 2.0000 0.0000 65.7984 66.9984 25.3006 0.1464  2246.4446 0.0000 0.0000 0.0000 0.0000 2246.4446
2023 6 13 0 2.0000 99.0700 0.5000 2.0000 0.0000 65.7342 66.9342 25.2760 0.1463  2504.0886 0.0000 0.0000 0.0000 0.0000 2504.0886
2023 6 14 0 2.0000 105.6600 0.5000 2.0000 0.0000 65.6049 66.8049 25.2262 0.1460  2665.4048 0.0000 0.0000 0.0000 0.0000 2665.4048
2023 6 15 0 2.0000 116.5000 0.5000 2.0000 0.0000 65.4694 66.6694 25.1741 0.1457  2932.7853 0.0000 0.0000 0.0000 0.0000 2932.7853
2023 6 16 0 2.0000 123.1200 0.5000 2.0000 0.0000 65.3302 66.5302 25.1206 0.1454  3092.8518 0.0000 0.0000 0.0000 0.0000 3092.8518
2023 6 17 0 2.0000 107.5100 0.5000 2.0000 0.0000 65.1880 66.3880 25.0659 0.1451  2694.8381 0.0000 0.0000 0.0000 0.0000 2694.8381
2023 6 18 0 2.0000 102.7200 0.5000 2.0000 0.0000 65.0430 66.2430 25.0102 0.1447  2569.0476 0.0000 0.0000 0.0000 0.0000 2569.0476
2023 6 19 0 2.0000 116.7200 0.5000 2.0000 0.0000 64.8977 66.0977 24.9543 0.1444  2912.6654 0.0000 0.0000 0.0000 0.0000 2912.6654
2023 6 20 0 2.0000 131.3100 0.5000 2.0000 0.0000 64.7545 65.9545 24.8993 0.1441  3269.5208 0.0000 0.0000 0.0000 0.0000 3269.5208
2023 6 21 0 2.0000 131.9100 0.5000 2.0000 0.0000 64.6225 65.8225 24.8485 0.1438  3277.7670 0.0000 0.0000 0.0000 0.0000 3277.7670
2023 6 22 0 2.0000 129.3300 0.5000 2.0000 0.0000 64.5595 65.7595 24.8243 0.1437  3210.5211 0.0000 0.0000 0.0000 0.0000 3210.5211
2023 6 23 0 2.0000 112.7300 0.5000 2.0000 0.0000 64.5322 65.7322 24.8138 0.1436  2797.2557 0.0000 0.0000 0.0000 0.0000 2797.2557
2023 6 24 0 2.0000 91.6000 0.5000 2.0000 0.0000 64.4619 65.6619 24.7868 0.1434  2270.4670 0.0000 0.0000 0.0000 0.0000 2270.4670
2023 6 25 0 2.0000 78.9200 0.5000 2.0000 0.0000 64.3600 65.5600 24.7475 0.1432  1953.0758 0.0000 0.0000 0.0000 0.0000 1953.0758
2023 6 26 0 2.0000 97.3600 0.5000 2.0000 0.0000 64.2392 65.4392 24.7011 0.1429  2404.8989 0.0000 0.0000 0.0000 0.0000 2404.8989
2023 6 27 0 2.0000 97.1000 0.5000 2.0000 0.0000 64.1103 65.3103 24.6516 0.1427  2393.6664 0.0000 0.0000 0.0000 0.0000 2393.6664
2023 6 28 0 2.0000 110.3800 0.5000 2.0000 0.0000 63.9802 65.1802 24.6015 0.1424  2715.5140 0.0000 0.0000 0.0000 0.0000 2715.5140
2023 6 29 0 2.0000 115.5800 0.5000 2.0000 0.0000 63.8491 65.0491 24.5511 0.1421  2837.6169 0.0000 0.0000 0.0000 0.0000 2837.6169
2023 6 30 0 2.0000 106.1600 0.5000 2.0000 0.0000 63.7167 64.9167 24.5002 0.1418  2600.9404 0.0000 0.0000 0.0000 0.0000 2600.9404
2023 7 1 0 2.0000 61.0800 0.5000 2.0000 0.0000 63.5816 64.7816 24.4482 0.1415  1493.2988 0.0000 0.0000 0.0000 0.0000 1493.2988
2023 7 2 0 2.0000 15.9100 0.5000 2.0000 0.0000 63.4438 64.6438 24.3953 0.1412  388.1287 0.0000 0.0000 0.0000 0.0000 388.1287
2023 7 3 0 2.0000 50.3200 0.5000 2.0000 0.0000 63.3060 64.5060 24.3423 0.1409  1224.9039 0.0000 0.0000 0.0000 0.0000 1224.9039
2023 7 4 0 2.0000 83.2500 0.5000 2.0000 0.0000 63.1727 64.3727 24.2910 0.1406  2022.2281 0.0000 0.0000 0.0000 0.0000 2022.2281
2023 7 5 0 2.0000 80.5300 0.5000 2.0000 0.0000 63.0434 64.2434 24.2413 0.1403  1952.1533 0.0000 0.0000 0.0000 0.0000 1952.1533
2023 7 6 0 2.0000 96.7500 0.5000 2.0000 0.0000 62.9177 64.1177 24.1930 0.1400  2340.6711 0.0000 0.0000 0.0000 0.0000 2340.6711
2023 7 7 0 2.0000 101.0400 0.5000 2.0000 0.0000 62.8072 64.0072 24.1505 0.1398  2440.1662 0.0000 0.0000 0.0000 0.0000 2440.1662
2023 7 8 0 2.0000 87.4600 0.5000 2.0000 0.0000 62.7375 63.9375 24.1237 0.1396  2109.8556 0.0000 0.0000 0.0000 0.0000 2109.8556
2023 7 9 0 2.0000 94.0500 0.5000 2.0000 0.0000 62.7021 63.9021 24.1101 0.1395  2267.5526 0.0000 0.0000 0.0000 0.0000 2267.5526
2023 7 10 0 2.0000 98.2100 0.5000 2.0000 0.0000 62.6628 63.8628 24.0949 0.1394  2366.3638 0.0000 0.0000 0.0000 0.0000 2366.3638
2023 7 11 0 2.0000 89.8900 0.5000 2.0000 0.0000 62.6077 63.8077 24.0738 0.1393  2163.9921 0.0000 0.0000 0.0000 0.0000 2163.9921
2023 7 12 0 2.0000 76.6900 0.5000 2.0000 0.0000 62.5563 63.7563 24.0540 0.1392  1844.7013 0.0000 0.0000 0.0000 0.0000 1844.7013
2023 7 13 0 2.0000 83.4900 0.5000 2.0000 0.0000 62.5044 63.7044 24.0340 0.1391  2006.6025 0.0000 0.0000 0.0000 0.0000 2006.6025
2023 7 14 0 2.0000 85.4800 0.5000 2.0000 0.0000 62.4310 63.6310 24.0058 0.1389  2052.0190 0.0000 0.0000 0.0000 0.0000 2052.0190
2023 7 15 0 2.0000 33.3300 0.5000 2.0000 0.0000 62.3545 63.5545 23.9764 0.1388  799.1342 0.0000 0.0000 0.0000 0.0000 799.1342
2023 7 16 0 2.0000 17.8600 0.5000 2.0000 0.0000 62.3353 63.5353 23.9690 0.1387  428.0868 0.0000 0.0000 0.0000 0.0000 428.0868
2023 7 17 0 2.0000 30.5600 0.5000 2.0000 0.0000 62.4096 63.6096 23.9976 0.1389  733.3661 0.0000 0.0000 0.0000 0.0000 733.3661
2023 7 18 0 2.0000 64.7000 0.5000 2.0000 0.0000 62.5062 63.7062 24.0347 0.1391  1555.0473 0.0000 0.0000 0.0000 0.0000 1555.0473
2023 7 19 0 2.0000 77.7600 0.5000 2.0000 0.0000 62.5523 63.7523 24.0525 0.1392  1870.3187 0.0000 0.0000 0.0000 0.0000 1870.3187
2023 7 20 0 2.0000 64.6700 0.5000 2.0000 0.0000 62.5518 63.7518 24.0523 0.1392  1555.4609 0.0000 0.0000 0.0000 0.0000 1555.4609
2023 7 21 0 2.0000 83.1300 0.5000 2.0000 0.0000 62.5214 63.7214 24.0406 0.1391  1998.4936 0.0000 0.0000 0.0000 0.0000 1998.4936
2023 7 22 0 2.0000 75.6300 0.5000 2.0000 0.0000 62.4700 63.6700 24.0208 0.1390  1816.6932 0.0000 0.0000 0.0000 0.0000 1816.6932
2023 7 23 0 2.0000 33.2000 0.5000 2.0000 0.0000 62.4082 63.6082 23.9971 0.1389  796.7026 0.0000 0.0000 0.0000 0.0000 796.7026
2023 7 24 0 2.0000 69.9000 0.5000 2.0000 0.0000 62.3380 63.5380 23.9701 0.1387  1675.5072 0.0000 0.0000 0.0000 0.0000 1675.5072
2023 7 25 0 2.0000 60.2500 0.5000 2.0000 0.0000 62.2534 63.4534 23.9375 0.1385  1442.2374 0.0000 0.0000 0.0000 0.0000 1442.2374
2023 7 26 0 2.0000 69.5200 0.5000 2.0000 0.0000 62.1573 63.3573 23.9006 0.1383  1661.5674 0.0000 0.0000 0.0000 0.0000 1661.5674
2023 7 27 0 2.0000 87.3400 0.5000 2.0000 0.0000 62.0530 63.2530 23.8605 0.1381  2083.9751 0.0000 0.0000 0.0000 0.0000 2083.9751
2023 7 28 0 2.0000 86.7600 0.5000 2.0000 0.0000 61.9416 63.1416 23.8177 0.1378  2066.4202 0.0000 0.0000 0.0000 0.0000 2066.4202
2023 7 29 0 2.0000 74.6100 0.5000 2.0000 0.0000 61.8258 63.0258 23.7731 0.1376  1773.7117 0.0000 0.0000 0.0000 0.0000 1773.7117
2023 7 30 0 2.0000 39.5200 0.5000 2.0000 0.0000 61.7157 62.9157 23.7308 0.1373  937.8410 0.0000 0.0000 0.0000 0.0000 937.8410
2023 7 31 0 2.0000 69.3300 0.5000 2.0000 0.0000 61.6603 62.8603 23.7095 0.1372  1643.7773 0.0000 0.0000 0.0000 0.0000 1643.7773
2023 8 1 0 2.0000 73.8700 0.5000 2.0000 0.0000 61.6316 62.8316 23.6985 0.1371  1750.6051 0.0000 0.0000 0.0000 0.0000 1750.6051
2023 8 2 0 2.0000 64.7500 0.5000 2.0000 0.0000 61.5605 62.7605 23.6711 0.1370  1532.7042 0.0000 0.0000 0.0000 0.0000 1532.7042
2023 8 3 0 2.0000 43.5500 0.5000 2.0000 0.0000 61.4576 62.6576 23.6315 0.1368  1029.1538 0.0000 0.0000 0.0000 0.0000 1029.1538
2023 8 4 0 2.0000 62.1300 0.5000 2.0000 0.0000 61.3400 62.5400 23.5863 0.1365  1465.4173 0.0000 0.0000 0.0000 0.0000 1465.4173
2023 8 5 0 2.0000 76.9400 0.5000 2.0000 0.0000 61.2161 62.4161 23.5387 0.1362  1811.0646 0.0000 0.0000 0.0000 0.0000 1811.0646
2023 8 6 0 2.0000 57.5500 0.5000 2.0000 0.0000 61.0881 62.2881 23.4895 0.1359  1351.8187 0.0000 0.0000 0.0000 0.0000 1351.8187
2023 8 7 0 2.0000 16.8300 0.5000 2.0000 0.0000 60.9548 62.1548 23.4382 0.1356  394.4650 0.0000 0.0000 0.0000 0.0000 394.4650
2023 8 8 0 2.0000 0.0400 0.5000 2.0000 0.0000 60.8434 62.0434 23.3954 0.1354  0.9358 0.0000 0.0000 0.0000 0.0000 0.9358
2023 8 9 0 2.0000 14.7000 0.5000 2.0000 0.0000 60.7804 61.9804 23.3711 0.1352  343.5555 0.0000 0.0000 0.0000 0.0000 343.5555
2023 8 10 0 2.0000 51.2900 0.5000 2.0000 0.0000 60.7374 61.9374 23.3546 0.1352  1197.8580 0.0000 0.0000 0.0000 0.0000 1197.8580
2023 8 11 0 2.0000 72.3800 0.5000 2.0000 0.0000 60.7048 61.9048 23.3421 0.1351  1689.4978 0.0000 0.0000 0.0000 0.0000 1689.4978
2023 8 12 0 2.0000 69.7000 0.5000 2.0000 0.0000 60.6654 61.8654 23.3269 0.1350  1625.8861 0.0000 0.0000 0.0000 0.0000 1625.8861
2023 8 13 0 2.0000 63.1900 0.5000 2.0000 0.0000 60.5916 61.7916 23.2985 0.1348  1472.2344 0.0000 0.0000 0.0000 0.0000 1472.2344
2023 8 14 0 2.0000 85.9500 0.5000 2.0000 0.0000 60.4985 61.6985 23.2628 0.1346  1999.4340 0.0000 0.0000 0.0000 0.0000 1999.4340
2023 8 15 0 2.0000 82.7300 0.5000 2.0000 0.0000 60.4390 61.6390 23.2399 0.1345  1922.6354 0.0000 0.0000 0.0000 0.0000 1922.6354
2023 8 16 0 2.0000 93.5300 0.5000 2.0000 0.0000 60.4337 61.6337 23.2378 0.1345  2173.4330 0.0000 0.0000 0.0000 0.0000 2173.4330
2023 8 17 0 2.0000 92.9900 0.5000 2.0000 0.0000 60.4265 61.6265 23.2351 0.1345  2160.6286 0.0000 0.0000 0.0000 0.0000 2160.6286
2023 8 18 0 2.0000 84.3900 0.5000 2.0000 0.0000 60.3885 61.5885 23.2204 0.1344  1959.5732 0.0000 0.0000 0.0000 0.0000 1959.5732
2023 8 19 0 2.0000 48.8800 0.5000 2.0000 0.0000 60.3312 61.5312 23.1984 0.1343  1133.9391 0.0000 0.0000 0.0000 0.0000 1133.9391
2023 8 20 0 2.0000 75.6000 0.5000 2.0000 0.0000 60.3075 61.5075 23.1893 0.1342  1753.1118 0.0000 0.0000 0.0000 0.0000 1753.1118
2023 8 21 0 2.0000 88.4800 0.5000 2.0000 0.0000 60.3008 61.5008 23.1867 0.1342  2051.5619 0.0000 0.0000 0.0000 0.0000 2051.5619
2023 8 22 0 2.0000 92.0800 0.5000 2.0000 0.0000 60.2579 61.4579 23.1702 0.1341  2133.5136 0.0000 0.0000 0.0000 0.0000 2133.5136
2023 8 23 0 2.0000 99.5400 0.5000 2.0000 0.0000 60.1917 61.3917 23.1448 0.1339  2303.8294 0.0000 0.0000 0.0000 0.0000 2303.8294
2023 8 24 0 2.0000 99.6900 0.5000 2.0000 0.0000 60.1089 61.3089 23.1129 0.1338  2304.1288 0.0000 0.0000 0.0000 0.0000 2304.1288
2023 8 25 0 2.0000 93.1800 0.5000 2.0000 0.0000 60.0311 61.2311 23.0830 0.1336  2150.8747 0.0000 0.0000 0.0000 0.0000 2150.8747
2023 8 26 0 2.0000 87.9600 0.5000 2.0000 0.0000 59.9953 61.1953 23.0692 0.1335  2029.1710 0.0000 0.0000 0.0000 0.0000 2029.1710
2023 8 27 0 2.0000 89.4800 0.5000 2.0000 0.0000 59.9935 61.1935 23.0686 0.1335  2064.1748 0.0000 0.0000 0.0000 0.0000 2064.1748
2023 8 28 0 2.0000 91.8000 0.5000 2.0000 0.0000 59.9765 61.1765 23.0620 0.1335  2117.0938 0.0000 0.0000 0.0000 0.0000 2117.0938
2023 8 29 0 2.0000 95.0600 0.5000 2.0000 0.0000 59.9268 61.1268 23.0429 0.1334  2190.4609 0.0000 0.0000 0.0000 0.0000 2190.4609
2023 8 30 0 2.0000 99.5900 0.5000 2.0000 0.0000 59.8553 61.0553 23.0154 0.1332  2292.1045 0.0000 0.0000 0.0000 0.0000 2292.1045
2023 8 31 0 2.0000 97.2200 0.5000 2.0000 0.0000 59.7694 60.9694 22.9824 0.1330  2234.3473 0.0000 0.0000 0.0000 0.0000 2234.3473
