RESERVOIR node 0 TOPPSY
reservoir_init_fr= 0.90000  masl=642.792
Filling at HRW [Mm3] = 395.17000
Filling at LRW [Mm3] = 268.53000
Active reservoir capacity [Mm3] = 126.64000
yyyy mm dd hh [m3/s] [Euro/MWh] [fr] [m3/s] [Mm3] [masl] [fr] [Euro]         [m3/s]     [m3/s]    [m3/s]   [m3/s]    [m3/s] 
yyyy mm dd hh Inflow Price Action Up_Inflow Res_Mm3 Res_masl Res_fr lrw_cost tunnelflow hatchflow overflow auto_qmin tot_outflow
2022 9 1 0 0.2900 564.8800 0.0000 0.0000 382.2762 646.9518 0.8982 0.0000 2.9500 0.0000 0.0000 0.0000 2.9500 
2022 9 2 0 0.2600 425.8500 0.0000 0.0000 382.0438 646.8969 0.8963 0.0000 2.9500 0.0000 0.0000 0.0000 2.9500 
2022 9 3 0 0.2400 383.9200 0.0000 0.0000 381.8096 646.8415 0.8945 0.0000 2.9500 0.0000 0.0000 0.0000 2.9500 
2022 9 4 0 0.3000 310.1000 0.0000 0.0000 381.5807 646.7874 0.8927 0.0000 2.9500 0.0000 0.0000 0.0000 2.9500 
2022 9 5 0 0.3000 388.8400 0.0000 0.0000 381.3517 646.7333 0.8909 0.0000 2.9500 0.0000 0.0000 0.0000 2.9500 
2022 9 6 0 0.3100 414.3500 0.0000 0.0000 381.1236 646.6793 0.8891 0.0000 2.9500 0.0000 0.0000 0.0000 2.9500 
2022 9 7 0 0.3000 451.5300 0.0000 0.0000 380.8946 646.6252 0.8873 0.0000 2.9500 0.0000 0.0000 0.0000 2.9500 
2022 9 8 0 0.2800 426.5600 0.0000 0.0000 380.6640 646.5707 0.8855 0.0000 2.9500 0.0000 0.0000 0.0000 2.9500 
2022 9 9 0 0.2600 352.9300 0.0000 0.0000 380.4315 646.5157 0.8836 0.0000 2.9500 0.0000 0.0000 0.0000 2.9500 
2022 9 10 0 0.2500 410.9400 0.0000 0.0000 380.1983 646.4606 0.8818 0.0000 2.9500 0.0000 0.0000 0.0000 2.9500 
2022 9 11 0 0.2700 400.0100 0.0000 0.0000 379.9667 646.4058 0.8799 0.0000 2.9500 0.0000 0.0000 0.0000 2.9500 
2022 9 12 0 0.5500 407.9500 0.0000 0.0000 379.7593 646.3568 0.8783 0.0000 2.9500 0.0000 0.0000 0.0000 2.9500 
2022 9 13 0 1.9500 382.5800 0.0000 0.0000 379.6729 646.3364 0.8776 0.0000 2.9500 0.0000 0.0000 0.0000 2.9500 
2022 9 14 0 1.2600 425.5000 0.0000 0.0000 379.5269 646.3019 0.8765 0.0000 2.9500 0.0000 0.0000 0.0000 2.9500 
2022 9 15 0 1.0100 355.8200 0.0000 0.0000 379.3593 646.2622 0.8752 0.0000 2.9500 0.0000 0.0000 0.0000 2.9500 
2022 9 16 0 0.8200 329.3900 0.0000 0.0000 379.1753 646.2187 0.8737 0.0000 2.9500 0.0000 0.0000 0.0000 2.9500 
2022 9 17 0 0.6700 246.9600 0.0000 0.0000 378.9783 646.1722 0.8721 0.0000 2.9500 0.0000 0.0000 0.0000 2.9500 
2022 9 18 0 0.5400 117.5900 0.0000 0.0000 378.7701 646.1229 0.8705 0.0000 2.9500 0.0000 0.0000 0.0000 2.9500 
2022 9 19 0 0.4500 288.3300 0.0000 0.0000 378.5541 646.0719 0.8688 0.0000 2.9500 0.0000 0.0000 0.0000 2.9500 
2022 9 20 0 0.4100 380.8200 0.0000 0.0000 378.3346 646.0200 0.8671 0.0000 2.9500 0.0000 0.0000 0.0000 2.9500 
2022 9 21 0 0.3800 388.8300 0.0000 0.0000 378.1126 645.9675 0.8653 0.0000 2.9500 0.0000 0.0000 0.0000 2.9500 
2022 9 22 0 0.3500 378.9000 0.0000 0.0000 377.8879 645.9144 0.8635 0.0000 2.9500 0.0000 0.0000 0.0000 2.9500 
2022 9 23 0 0.3700 359.9800 0.0000 0.0000 377.6650 645.8617 0.8618 0.0000 2.9500 0.0000 0.0000 0.0000 2.9500 
2022 9 24 0 0.4000 350.7100 0.0000 0.0000 377.4447 645.8096 0.8600 0.0000 2.9500 0.0000 0.0000 0.0000 2.9500 
2022 9 25 0 0.8900 299.0800 0.0000 0.0000 377.2667 645.7675 0.8586 0.0000 2.9500 0.0000 0.0000 0.0000 2.9500 
2022 9 26 0 1.7700 259.4000 0.0000 0.0000 377.1648 645.7434 0.8578 0.0000 2.9500 0.0000 0.0000 0.0000 2.9500 
2022 9 27 0 2.7400 306.8900 0.0000 0.0000 377.1466 645.7392 0.8577 0.0000 2.9500 0.0000 0.0000 0.0000 2.9500 
2022 9 28 0 5.1200 308.5200 0.0000 0.0000 377.3341 645.7835 0.8592 0.0000 2.9500 0.0000 0.0000 0.0000 2.9500 
2022 9 29 0 3.5400 347.1000 0.0000 0.0000 377.3851 645.7955 0.8596 0.0000 2.9500 0.0000 0.0000 0.0000 2.9500 
2022 9 30 0 2.6700 278.9700 0.0000 0.0000 377.3609 645.7898 0.8594 0.0000 2.9500 0.0000 0.0000 0.0000 2.9500 
2022 10 1 0 5.5800 90.2400 0.0000 0.0000 377.5881 645.8435 0.8612 0.0000 2.9500 0.0000 0.0000 0.0000 2.9500 
2022 10 2 0 5.6600 182.7200 0.0000 0.0000 377.8223 645.8989 0.8630 0.0000 2.9500 0.0000 0.0000 0.0000 2.9500 
2022 10 3 0 4.4400 234.6000 0.0000 0.0000 377.9510 645.9293 0.8640 0.0000 2.9500 0.0000 0.0000 0.0000 2.9500 
2022 10 4 0 3.8000 199.0100 0.0000 0.0000 378.0244 645.9467 0.8646 0.0000 2.9500 0.0000 0.0000 0.0000 2.9500 
2022 10 5 0 5.4300 51.1100 0.0000 0.0000 378.2387 645.9973 0.8663 0.0000 2.9500 0.0000 0.0000 0.0000 2.9500 
2022 10 6 0 7.5400 23.8700 0.0000 0.0000 378.6353 646.0911 0.8694 0.0000 2.9500 0.0000 0.0000 0.0000 2.9500 
2022 10 7 0 4.8800 30.2900 0.0000 0.0000 378.8020 646.1305 0.8708 0.0000 2.9500 0.0000 0.0000 0.0000 2.9500 
2022 10 8 0 4.8500 53.3800 0.0000 0.0000 378.9662 646.1693 0.8720 0.0000 2.9500 0.0000 0.0000 0.0000 2.9500 
2022 10 9 0 3.8300 91.9400 0.0000 0.0000 379.0422 646.1873 0.8726 0.0000 2.9500 0.0000 0.0000 0.0000 2.9500 
2022 10 10 0 3.3700 137.7100 0.0000 0.0000 379.0785 646.1959 0.8729 0.0000 2.9500 0.0000 0.0000 0.0000 2.9500 
2022 10 11 0 3.2800 174.3200 0.0000 0.0000 379.1070 646.2026 0.8732 0.0000 2.9500 0.0000 0.0000 0.0000 2.9500 
2022 10 12 0 2.7700 199.9900 0.0000 0.0000 379.0915 646.1989 0.8730 0.0000 2.9500 0.0000 0.0000 0.0000 2.9500 
2022 10 13 0 2.5500 233.6000 0.0000 0.0000 379.0569 646.1908 0.8728 0.0000 2.9500 0.0000 0.0000 0.0000 2.9500 
2022 10 14 0 2.2600 217.2400 0.0000 0.0000 378.9973 646.1767 0.8723 0.0000 2.9500 0.0000 0.0000 0.0000 2.9500 
2022 10 15 0 3.9400 154.6600 0.0000 0.0000 379.0828 646.1969 0.8730 0.0000 2.9500 0.0000 0.0000 0.0000 2.9500 
2022 10 16 0 4.7500 113.2100 0.0000 0.0000 379.2384 646.2337 0.8742 0.0000 2.9500 0.0000 0.0000 0.0000 2.9500 
2022 10 17 0 4.5000 146.2200 0.0000 0.0000 379.3723 646.2653 0.8753 0.0000 2.9500 0.0000 0.0000 0.0000 2.9500 
2022 10 18 0 4.2600 163.8200 0.0000 0.0000 379.4855 646.2921 0.8761 0.0000 2.9500 0.0000 0.0000 0.0000 2.9500 
2022 10 19 0 3.6700 159.7000 0.0000 0.0000 379.5477 646.3068 0.8766 0.0000 2.9500 0.0000 0.0000 0.0000 2.9500 
2022 10 20 0 3.0000 142.1100 0.0000 0.0000 379.5520 646.3078 0.8767 0.0000 2.9500 0.0000 0.0000 0.0000 2.9500 
2022 10 21 0 2.5200 157.4800 0.0000 0.0000 379.5148 646.2990 0.8764 0.0000 2.9500 0.0000 0.0000 0.0000 2.9500 
2022 10 22 0 2.2200 142.0700 0.0000 0.0000 379.4518 646.2841 0.8759 0.0000 2.9500 0.0000 0.0000 0.0000 2.9500 
2022 10 23 0 2.8100 99.6700 0.0000 0.0000 379.4397 646.2812 0.8758 0.0000 2.9500 0.0000 0.0000 0.0000 2.9500 
2022 10 24 0 3.3600 85.2000 0.0000 0.0000 379.4751 646.2896 0.8761 0.0000 2.9500 0.0000 0.0000 0.0000 2.9500 
2022 10 25 0 3.3100 110.5100 0.0000 0.0000 379.5062 646.2970 0.8763 0.0000 2.9500 0.0000 0.0000 0.0000 2.9500 
2022 10 26 0 5.1600 121.4900 0.0000 0.0000 379.6971 646.3421 0.8778 0.0000 2.9500 0.0000 0.0000 0.0000 2.9500 
2022 10 27 0 3.5900 117.6600 0.0000 0.0000 379.7524 646.3552 0.8783 0.0000 2.9500 0.0000 0.0000 0.0000 2.9500 
2022 10 28 0 2.9100 103.2200 0.0000 0.0000 379.7490 646.3544 0.8782 0.0000 2.9500 0.0000 0.0000 0.0000 2.9500 
2022 10 29 0 3.2900 101.6200 0.0000 0.0000 379.7784 646.3613 0.8785 0.0000 2.9500 0.0000 0.0000 0.0000 2.9500 
2022 10 30 0 2.9400 117.9300 0.0000 0.0000 379.7775 646.3611 0.8785 0.0000 2.9500 0.0000 0.0000 0.0000 2.9500 
2022 10 31 0 2.2000 144.1300 0.0000 0.0000 379.7127 646.3458 0.8779 0.0000 2.9500 0.0000 0.0000 0.0000 2.9500 
2022 11 1 0 2.3300 72.4900 0.0000 0.0000 379.6591 646.3331 0.8775 0.0000 2.9500 0.0000 0.0000 0.0000 2.9500 
2022 11 2 0 3.9600 71.1700 0.0000 0.0000 379.7464 646.3538 0.8782 0.0000 2.9500 0.0000 0.0000 0.0000 2.9500 
2022 11 3 0 7.7600 86.5000 0.0000 0.0000 380.1620 646.4520 0.8815 0.0000 2.9500 0.0000 0.0000 0.0000 2.9500 
2022 11 4 0 8.8200 72.6700 0.0000 0.0000 380.6691 646.5719 0.8855 0.0000 2.9500 0.0000 0.0000 0.0000 2.9500 
2022 11 5 0 8.0900 47.6500 0.0000 0.0000 381.1132 646.6769 0.8890 0.0000 2.9500 0.0000 0.0000 0.0000 2.9500 
2022 11 6 0 6.0700 35.7500 0.0000 0.0000 381.3828 646.7406 0.8911 0.0000 2.9500 0.0000 0.0000 0.0000 2.9500 
2022 11 7 0 8.1700 43.8300 0.0000 0.0000 381.8338 646.8472 0.8947 0.0000 2.9500 0.0000 0.0000 0.0000 2.9500 
2022 11 8 0 7.0600 51.0900 0.0000 0.0000 382.1889 646.9312 0.8975 0.0000 2.9500 0.0000 0.0000 0.0000 2.9500 
2022 11 9 0 8.4200 42.5700 0.0000 0.0000 382.6615 647.0429 0.9012 0.0000 2.9500 0.0000 0.0000 0.0000 2.9500 
2022 11 10 0 6.4700 27.4000 0.0000 0.0000 382.9656 647.1148 0.9036 0.0000 2.9500 0.0000 0.0000 0.0000 2.9500 
2022 11 11 0 5.2000 2.0000 0.0000 0.0000 383.1600 647.1608 0.9052 0.0000 2.9500 0.0000 0.0000 0.0000 2.9500 
2022 11 12 0 4.2000 2.3700 0.0000 0.0000 383.2680 647.1863 0.9060 0.0000 2.9500 0.0000 0.0000 0.0000 2.9500 
2022 11 13 0 3.4700 29.9300 0.0000 0.0000 383.3130 647.1969 0.9064 0.0000 2.9500 0.0000 0.0000 0.0000 2.9500 
2022 11 14 0 3.0100 53.6800 0.0000 0.0000 383.3182 647.1981 0.9064 0.0000 2.9500 0.0000 0.0000 0.0000 2.9500 
2022 11 15 0 3.1400 53.7500 0.0000 0.0000 383.3346 647.2020 0.9065 0.0000 2.9500 0.0000 0.0000 0.0000 2.9500 
2022 11 16 0 3.9700 27.6900 0.0000 0.0000 383.4227 647.2229 0.9072 0.0000 2.9500 0.0000 0.0000 0.0000 2.9500 
2022 11 17 0 5.5800 48.9100 0.0000 0.0000 383.6499 647.2766 0.9090 0.0000 2.9500 0.0000 0.0000 0.0000 2.9500 
2022 11 18 0 3.3000 113.7000 0.0000 0.0000 383.6802 647.2837 0.9093 0.0000 2.9500 0.0000 0.0000 0.0000 2.9500 
2022 11 19 0 2.3200 167.1000 0.0000 0.0000 383.6257 647.2709 0.9088 0.0000 2.9500 0.0000 0.0000 0.0000 2.9500 
2022 11 20 0 2.2300 162.8400 0.0000 0.0000 383.5635 647.2562 0.9084 0.0000 2.9500 0.0000 0.0000 0.0000 2.9500 
2022 11 21 0 1.7300 209.5500 0.0000 0.0000 383.4581 647.2312 0.9075 0.0000 2.9500 0.0000 0.0000 0.0000 2.9500 
2022 11 22 0 1.5000 174.4300 0.0000 0.0000 383.3328 647.2016 0.9065 0.0000 2.9500 0.0000 0.0000 0.0000 2.9500 
2022 11 23 0 1.6500 149.8400 0.0000 0.0000 383.2205 647.1751 0.9056 0.0000 2.9500 0.0000 0.0000 0.0000 2.9500 
2022 11 24 0 2.0000 172.1800 0.0000 0.0000 383.1384 647.1557 0.9050 0.0000 2.9500 0.0000 0.0000 0.0000 2.9500 
2022 11 25 0 3.7200 200.3300 0.0000 0.0000 383.2050 647.1714 0.9055 0.0000 2.9500 0.0000 0.0000 0.0000 2.9500 
2022 11 26 0 5.1600 196.0200 0.0000 0.0000 383.3959 647.2165 0.9070 0.0000 2.9500 0.0000 0.0000 0.0000 2.9500 
2022 11 27 0 5.4000 146.0400 0.0000 0.0000 383.6076 647.2666 0.9087 0.0000 2.9500 0.0000 0.0000 0.0000 2.9500 
2022 11 28 0 8.0300 195.3000 0.0000 0.0000 384.0465 647.3703 0.9122 0.0000 2.9500 0.0000 0.0000 0.0000 2.9500 
2022 11 29 0 5.4600 362.5600 0.0000 0.0000 384.2634 647.4216 0.9139 0.0000 2.9500 0.0000 0.0000 0.0000 2.9500 
2022 11 30 0 3.6200 364.6000 0.0000 0.0000 384.3213 647.4353 0.9143 0.0000 2.9500 0.0000 0.0000 0.0000 2.9500 
2022 12 1 0 2.7200 349.6500 0.0000 0.0000 384.3014 647.4306 0.9142 0.0000 2.9500 0.0000 0.0000 0.0000 2.9500 
2022 12 2 0 2.2400 324.9900 0.0000 0.0000 384.2400 647.4161 0.9137 0.0000 2.9500 0.0000 0.0000 0.0000 2.9500 
2022 12 3 0 1.9100 268.8200 0.0000 0.0000 384.1502 647.3948 0.9130 0.0000 2.9500 0.0000 0.0000 0.0000 2.9500 
2022 12 4 0 1.7000 271.5000 0.0000 0.0000 384.0422 647.3693 0.9121 0.0000 2.9500 0.0000 0.0000 0.0000 2.9500 
2022 12 5 0 1.5400 290.7800 0.0000 0.0000 383.9204 647.3405 0.9112 0.0000 2.9500 0.0000 0.0000 0.0000 2.9500 
2022 12 6 0 1.5300 346.8000 0.0000 0.0000 383.7977 647.3115 0.9102 0.0000 2.9500 0.0000 0.0000 0.0000 2.9500 
2022 12 7 0 1.4900 334.1100 0.0000 0.0000 383.6715 647.2817 0.9092 0.0000 2.9500 0.0000 0.0000 0.0000 2.9500 
2022 12 8 0 1.6000 399.0300 0.0000 0.0000 383.5549 647.2541 0.9083 0.0000 2.9500 0.0000 0.0000 0.0000 2.9500 
2022 12 9 0 1.7300 418.6900 0.0000 0.0000 383.4495 647.2292 0.9075 0.0000 2.9500 0.0000 0.0000 0.0000 2.9500 
2022 12 10 0 1.7200 362.9800 0.0000 0.0000 383.3432 647.2041 0.9066 0.0000 2.9500 0.0000 0.0000 0.0000 2.9500 
2022 12 11 0 1.8500 338.6100 0.0000 0.0000 383.2482 647.1816 0.9059 0.0000 2.9500 0.0000 0.0000 0.0000 2.9500 
2022 12 12 0 1.8700 446.1100 0.0000 0.0000 383.1549 647.1595 0.9051 0.0000 2.9500 0.0000 0.0000 0.0000 2.9500 
2022 12 13 0 1.7800 458.6300 0.0000 0.0000 383.0538 647.1356 0.9043 0.0000 2.9500 0.0000 0.0000 0.0000 2.9500 
2022 12 14 0 1.7000 451.4100 0.0000 0.0000 382.9458 647.1101 0.9035 0.0000 2.9500 0.0000 0.0000 0.0000 2.9500 
2022 12 15 0 1.5500 396.6100 0.0000 0.0000 382.8248 647.0815 0.9025 0.0000 2.9500 0.0000 0.0000 0.0000 2.9500 
2022 12 16 0 1.4000 413.8400 0.0000 0.0000 382.6909 647.0499 0.9015 0.0000 2.9500 0.0000 0.0000 0.0000 2.9500 
2022 12 17 0 1.3500 254.6500 0.0000 0.0000 382.5527 647.0172 0.9004 0.0000 2.9500 0.0000 0.0000 0.0000 2.9500 
2022 12 18 0 1.3600 206.4000 0.0000 0.0000 382.4153 646.9847 0.8993 0.0000 2.9500 0.0000 0.0000 0.0000 2.9500 
2022 12 19 0 1.3600 211.4800 0.0000 0.0000 382.2779 646.9522 0.8982 0.0000 2.9500 0.0000 0.0000 0.0000 2.9500 
2022 12 20 0 1.4500 205.2500 0.0000 0.0000 382.1483 646.9216 0.8972 0.0000 2.9500 0.0000 0.0000 0.0000 2.9500 
2022 12 21 0 1.7600 223.3000 0.0000 0.0000 382.0455 646.8973 0.8964 0.0000 2.9500 0.0000 0.0000 0.0000 2.9500 
2022 12 22 0 1.7500 201.9700 0.0000 0.0000 381.9418 646.8728 0.8955 0.0000 2.9500 0.0000 0.0000 0.0000 2.9500 
2022 12 23 0 1.4000 193.2900 0.0000 0.0000 381.8079 646.8411 0.8945 0.0000 2.9500 0.0000 0.0000 0.0000 2.9500 
2022 12 24 0 1.0900 142.3700 0.0000 0.0000 381.6472 646.8031 0.8932 0.0000 2.9500 0.0000 0.0000 0.0000 2.9500 
2022 12 25 0 0.9800 129.4400 0.0000 0.0000 381.4770 646.7629 0.8919 0.0000 2.9500 0.0000 0.0000 0.0000 2.9500 
2022 12 26 0 1.8300 111.7200 0.0000 0.0000 381.3802 646.7400 0.8911 0.0000 2.9500 0.0000 0.0000 0.0000 2.9500 
2022 12 27 0 1.7500 141.3500 0.0000 0.0000 381.2765 646.7155 0.8903 0.0000 2.9500 0.0000 0.0000 0.0000 2.9500 
2022 12 28 0 1.3800 122.1300 0.0000 0.0000 381.1409 646.6834 0.8892 0.0000 2.9500 0.0000 0.0000 0.0000 2.9500 
2022 12 29 0 1.2800 96.2800 0.0000 0.0000 380.9966 646.6493 0.8881 0.0000 2.9500 0.0000 0.0000 0.0000 2.9500 
2022 12 30 0 1.2000 100.4100 0.0000 0.0000 380.8454 646.6136 0.8869 0.0000 2.9500 0.0000 0.0000 0.0000 2.9500 
2022 12 31 0 1.8000 116.2200 0.0000 0.0000 380.7460 646.5901 0.8861 0.0000 2.9500 0.0000 0.0000 0.0000 2.9500 
2023 1 1 0 1.4300 112.5700 0.0000 0.0000 380.6147 646.5590 0.8851 0.0000 2.9500 0.0000 0.0000 0.0000 2.9500 
2023 1 2 0 1.2200 149.2600 0.0000 0.0000 380.4652 646.5237 0.8839 0.0000 2.9500 0.0000 0.0000 0.0000 2.9500 
2023 1 3 0 1.0900 154.5400 0.0000 0.0000 380.3045 646.4857 0.8826 0.0000 2.9500 0.0000 0.0000 0.0000 2.9500 
2023 1 4 0 1.0200 114.6400 0.0000 0.0000 380.1378 646.4463 0.8813 0.0000 2.9500 0.0000 0.0000 0.0000 2.9500 
2023 1 5 0 1.1400 144.1600 0.0000 0.0000 379.9814 646.4093 0.8801 0.0000 2.9500 0.0000 0.0000 0.0000 2.9500 
2023 1 6 0 1.0400 126.0400 0.0000 0.0000 379.8164 646.3703 0.8788 0.0000 2.9500 0.0000 0.0000 0.0000 2.9500 
2023 1 7 0 1.1100 102.5400 0.0000 0.0000 379.6574 646.3327 0.8775 0.0000 2.9500 0.0000 0.0000 0.0000 2.9500 
2023 1 8 0 3.0300 75.8000 0.0000 0.0000 379.6643 646.3344 0.8776 0.0000 2.9500 0.0000 0.0000 0.0000 2.9500 
2023 1 9 0 4.6800 133.2800 0.0000 0.0000 379.8138 646.3697 0.8787 0.0000 2.9500 0.0000 0.0000 0.0000 2.9500 
2023 1 10 0 3.3700 130.4400 0.0000 0.0000 379.8501 646.3783 0.8790 0.0000 2.9500 0.0000 0.0000 0.0000 2.9500 
2023 1 11 0 2.7300 96.6800 0.0000 0.0000 379.8311 646.3738 0.8789 0.0000 2.9500 0.0000 0.0000 0.0000 2.9500 
2023 1 12 0 2.3300 89.9500 0.0000 0.0000 379.7775 646.3611 0.8785 0.0000 2.9500 0.0000 0.0000 0.0000 2.9500 
2023 1 13 0 1.9700 82.8000 0.0000 0.0000 379.6928 646.3411 0.8778 0.0000 2.9500 0.0000 0.0000 0.0000 2.9500 
2023 1 14 0 1.6800 94.7100 0.0000 0.0000 379.5831 646.3152 0.8769 0.0000 2.9500 0.0000 0.0000 0.0000 2.9500 
2023 1 15 0 1.5900 70.7800 0.0000 0.0000 379.4656 646.2874 0.8760 0.0000 2.9500 0.0000 0.0000 0.0000 2.9500 
2023 1 16 0 1.5500 139.7600 0.0000 0.0000 379.3446 646.2588 0.8750 0.0000 2.9500 0.0000 0.0000 0.0000 2.9500 
2023 1 17 0 1.4600 134.1900 0.0000 0.0000 379.2159 646.2283 0.8740 0.0000 2.9500 0.0000 0.0000 0.0000 2.9500 
2023 1 18 0 1.4800 138.3800 0.0000 0.0000 379.0889 646.1983 0.8730 0.0000 2.9500 0.0000 0.0000 0.0000 2.9500 
2023 1 19 0 1.2700 148.5600 0.0000 0.0000 378.9437 646.1640 0.8719 0.0000 2.9500 0.0000 0.0000 0.0000 2.9500 
2023 1 20 0 1.2000 162.5000 0.0000 0.0000 378.7925 646.1283 0.8707 0.0000 2.9500 0.0000 0.0000 0.0000 2.9500 
2023 1 21 0 1.1300 150.1900 0.0000 0.0000 378.6353 646.0911 0.8694 0.0000 2.9500 0.0000 0.0000 0.0000 2.9500 
2023 1 22 0 1.0900 151.8000 0.0000 0.0000 378.4746 646.0531 0.8682 0.0000 2.9500 0.0000 0.0000 0.0000 2.9500 
2023 1 23 0 1.1800 197.7300 0.0000 0.0000 378.3216 646.0169 0.8670 0.0000 2.9500 0.0000 0.0000 0.0000 2.9500 
2023 1 24 0 1.0800 184.5400 0.0000 0.0000 378.1601 645.9787 0.8657 0.0000 2.9500 0.0000 0.0000 0.0000 2.9500 
2023 1 25 0 1.1300 137.5700 0.0000 0.0000 378.0028 645.9416 0.8644 0.0000 2.9500 0.0000 0.0000 0.0000 2.9500 
2023 1 26 0 1.3300 132.3800 0.0000 0.0000 377.8629 645.9085 0.8633 0.0000 2.9500 0.0000 0.0000 0.0000 2.9500 
2023 1 27 0 1.2600 154.0500 0.0000 0.0000 377.7168 645.8740 0.8622 0.0000 2.9500 0.0000 0.0000 0.0000 2.9500 
2023 1 28 0 1.1600 116.8100 0.0000 0.0000 377.5622 645.8374 0.8610 0.0000 2.9500 0.0000 0.0000 0.0000 2.9500 
2023 1 29 0 1.0800 102.3700 0.0000 0.0000 377.4006 645.7992 0.8597 0.0000 2.9500 0.0000 0.0000 0.0000 2.9500 
2023 1 30 0 1.2100 90.0000 0.0000 0.0000 377.2503 645.7637 0.8585 0.0000 2.9500 0.0000 0.0000 0.0000 2.9500 
2023 1 31 0 1.1400 105.1200 0.0000 0.0000 377.0939 645.7267 0.8573 0.0000 2.9500 0.0000 0.0000 0.0000 2.9500 
2023 2 1 0 1.0500 103.8300 0.0000 0.0000 376.9297 645.6879 0.8560 0.0000 2.9500 0.0000 0.0000 0.0000 2.9500 
2023 2 2 0 1.2600 145.2800 0.0000 0.0000 376.7837 645.6534 0.8548 0.0000 2.9500 0.0000 0.0000 0.0000 2.9500 
2023 2 3 0 1.0900 113.1000 0.0000 0.0000 376.6230 645.6154 0.8535 0.0000 2.9500 0.0000 0.0000 0.0000 2.9500 
2023 2 4 0 0.9100 138.8200 0.0000 0.0000 376.4468 645.5737 0.8522 0.0000 2.9500 0.0000 0.0000 0.0000 2.9500 
2023 2 5 0 0.8600 122.8300 0.0000 0.0000 376.2662 645.5310 0.8507 0.0000 2.9500 0.0000 0.0000 0.0000 2.9500 
2023 2 6 0 0.8000 161.3800 0.0000 0.0000 376.0804 645.4871 0.8493 0.0000 2.9500 0.0000 0.0000 0.0000 2.9500 
2023 2 7 0 0.7500 132.4500 0.0000 0.0000 375.8904 645.4422 0.8478 0.0000 2.9500 0.0000 0.0000 0.0000 2.9500 
2023 2 8 0 0.7200 120.3300 0.0000 0.0000 375.6977 645.3966 0.8462 0.0000 2.9500 0.0000 0.0000 0.0000 2.9500 
2023 2 9 0 0.8400 98.3400 0.0000 0.0000 375.5154 645.3535 0.8448 0.0000 2.9500 0.0000 0.0000 0.0000 2.9500 
2023 2 10 0 0.9000 97.5400 0.0000 0.0000 375.3383 645.3116 0.8434 0.0000 2.9500 0.0000 0.0000 0.0000 2.9500 
2023 2 11 0 0.9700 94.6300 0.0000 0.0000 375.1672 645.2712 0.8420 0.0000 2.9500 0.0000 0.0000 0.0000 2.9500 
2023 2 12 0 1.0400 111.6200 0.0000 0.0000 375.0022 645.2322 0.8407 0.0000 2.9500 0.0000 0.0000 0.0000 2.9500 
2023 2 13 0 1.0400 115.7800 0.0000 0.0000 374.8371 645.1932 0.8394 0.0000 2.9500 0.0000 0.0000 0.0000 2.9500 
2023 2 14 0 1.0300 140.8300 0.0000 0.0000 374.6712 645.1540 0.8381 0.0000 2.9500 0.0000 0.0000 0.0000 2.9500 
2023 2 15 0 0.8600 122.5300 0.0000 0.0000 374.4907 645.1113 0.8367 0.0000 2.9500 0.0000 0.0000 0.0000 2.9500 
2023 2 16 0 0.7900 120.9800 0.0000 0.0000 374.3040 645.0672 0.8352 0.0000 2.9500 0.0000 0.0000 0.0000 2.9500 
2023 2 17 0 0.9400 92.1200 0.0000 0.0000 374.1304 645.0261 0.8339 0.0000 2.9500 0.0000 0.0000 0.0000 2.9500 
2023 2 18 0 1.0200 97.8800 0.0000 0.0000 373.9636 644.9867 0.8325 0.0000 2.9500 0.0000 0.0000 0.0000 2.9500 
2023 2 19 0 1.0800 107.6300 0.0000 0.0000 373.8021 644.9485 0.8313 0.0000 2.9500 0.0000 0.0000 0.0000 2.9500 
2023 2 20 0 1.1600 77.5600 0.0000 0.0000 373.6474 644.9119 0.8300 0.0000 2.9500 0.0000 0.0000 0.0000 2.9500 
2023 2 21 0 1.2400 106.7100 0.0000 0.0000 373.4997 644.8770 0.8289 0.0000 2.9500 0.0000 0.0000 0.0000 2.9500 
2023 2 22 0 1.0700 118.3800 0.0000 0.0000 373.3372 644.8386 0.8276 0.0000 2.9500 0.0000 0.0000 0.0000 2.9500 
2023 2 23 0 1.0800 116.1600 0.0000 0.0000 373.1757 644.8004 0.8263 0.0000 2.9500 0.0000 0.0000 0.0000 2.9500 
2023 2 24 0 1.0100 103.8000 0.0000 0.0000 373.0080 644.7608 0.8250 0.0000 2.9500 0.0000 0.0000 0.0000 2.9500 
2023 2 25 0 1.1500 97.6000 0.0000 0.0000 372.8525 644.7240 0.8238 0.0000 2.9500 0.0000 0.0000 0.0000 2.9500 
2023 2 26 0 1.3500 111.9200 0.0000 0.0000 372.7143 644.6913 0.8227 0.0000 2.9500 0.0000 0.0000 0.0000 2.9500 
2023 2 27 0 1.3800 124.5700 0.0000 0.0000 372.5786 644.6593 0.8216 0.0000 2.9500 0.0000 0.0000 0.0000 2.9500 
2023 2 28 0 1.2100 124.0900 0.0000 0.0000 372.4283 644.6237 0.8204 0.0000 2.9500 0.0000 0.0000 0.0000 2.9500 
2023 3 1 0 1.1400 130.8400 0.0000 0.0000 372.2719 644.5867 0.8192 0.0000 2.9500 0.0000 0.0000 0.0000 2.9500 
2023 3 2 0 1.0600 120.4000 0.0000 0.0000 372.1086 644.5481 0.8179 0.0000 2.9500 0.0000 0.0000 0.0000 2.9500 
2023 3 3 0 0.9400 115.5800 0.0000 0.0000 371.9350 644.5071 0.8165 0.0000 2.9500 0.0000 0.0000 0.0000 2.9500 
2023 3 4 0 0.9200 112.2200 0.0000 0.0000 371.7596 644.4656 0.8151 0.0000 2.9500 0.0000 0.0000 0.0000 2.9500 
2023 3 5 0 0.9900 129.9600 0.0000 0.0000 371.5902 644.4256 0.8138 0.0000 2.9500 0.0000 0.0000 0.0000 2.9500 
2023 3 6 0 0.7500 153.1300 0.0000 0.0000 371.4001 644.3806 0.8123 0.0000 2.9500 0.0000 0.0000 0.0000 2.9500 
2023 3 7 0 0.5500 116.0800 0.0000 0.0000 371.1928 644.3316 0.8107 0.0000 2.9500 0.0000 0.0000 0.0000 2.9500 
2023 3 8 0 0.5800 150.8300 0.0000 0.0000 370.9880 644.2832 0.8090 0.0000 2.9500 0.0000 0.0000 0.0000 2.9500 
2023 3 9 0 0.5000 138.5100 0.0000 0.0000 370.7763 644.2332 0.8074 0.0000 2.9500 0.0000 0.0000 0.0000 2.9500 
2023 3 10 0 0.4600 127.3700 0.0000 0.0000 370.5612 644.1823 0.8057 0.0000 2.9500 0.0000 0.0000 0.0000 2.9500 
2023 3 11 0 0.4300 110.5300 0.0000 0.0000 370.3435 644.1308 0.8040 0.0000 2.9500 0.0000 0.0000 0.0000 2.9500 
2023 3 12 0 0.4400 106.8200 0.0000 0.0000 370.1266 644.0796 0.8022 0.0000 2.9500 0.0000 0.0000 0.0000 2.9500 
2023 3 13 0 0.4500 94.6800 0.0000 0.0000 369.9106 644.0285 0.8005 0.0000 2.9500 0.0000 0.0000 0.0000 2.9500 
2023 3 14 0 0.4700 102.8300 0.0000 0.0000 369.6963 643.9779 0.7988 0.0000 2.9500 0.0000 0.0000 0.0000 2.9500 
2023 3 15 0 0.4400 121.6400 0.0000 0.0000 369.4795 643.9266 0.7971 0.0000 2.9500 0.0000 0.0000 0.0000 2.9500 
2023 3 16 0 0.4100 112.8100 0.0000 0.0000 369.2600 643.8747 0.7954 0.0000 2.9500 0.0000 0.0000 0.0000 2.9500 
2023 3 17 0 0.4800 104.1500 0.0000 0.0000 369.0466 643.8243 0.7937 0.0000 2.9500 0.0000 0.0000 0.0000 2.9500 
2023 3 18 0 0.5700 109.0000 0.0000 0.0000 368.8410 643.7756 0.7921 0.0000 2.9500 0.0000 0.0000 0.0000 2.9500 
2023 3 19 0 0.6100 110.0900 0.0000 0.0000 368.6388 643.7278 0.7905 0.0000 2.9500 0.0000 0.0000 0.0000 2.9500 
2023 3 20 0 0.6800 116.7600 0.0000 0.0000 368.4427 643.6815 0.7890 0.0000 2.9500 0.0000 0.0000 0.0000 2.9500 
2023 3 21 0 0.7000 111.3100 0.0000 0.0000 368.2483 643.6355 0.7874 0.0000 2.9500 0.0000 0.0000 0.0000 2.9500 
2023 3 22 0 0.7100 92.3600 0.0000 0.0000 368.0547 643.5898 0.7859 0.0000 2.9500 0.0000 0.0000 0.0000 2.9500 
2023 3 23 0 0.8200 86.1100 0.0000 0.0000 367.8707 643.5463 0.7844 0.0000 2.9500 0.0000 0.0000 0.0000 2.9500 
2023 3 24 0 1.0700 83.8300 0.0000 0.0000 367.7083 643.5079 0.7832 0.0000 2.9500 0.0000 0.0000 0.0000 2.9500 
2023 3 25 0 1.3200 73.3600 0.0000 0.0000 367.5674 643.4746 0.7820 0.0000 2.9500 0.0000 0.0000 0.0000 2.9500 
2023 3 26 0 1.3500 92.4600 0.0000 0.0000 367.4292 643.4419 0.7809 0.0000 2.9500 0.0000 0.0000 0.0000 2.9500 
2023 3 27 0 1.4000 100.9400 0.0000 0.0000 367.2953 643.4102 0.7799 0.0000 2.9500 0.0000 0.0000 0.0000 2.9500 
2023 3 28 0 1.3100 123.8500 0.0000 0.0000 367.1536 643.3767 0.7788 0.0000 2.9500 0.0000 0.0000 0.0000 2.9500 
2023 3 29 0 0.9900 127.0200 0.0000 0.0000 366.9842 643.3367 0.7774 0.0000 2.9500 0.0000 0.0000 0.0000 2.9500 
2023 3 30 0 0.9100 103.7800 0.0000 0.0000 366.8080 643.2950 0.7760 0.0000 2.9500 0.0000 0.0000 0.0000 2.9500 
2023 3 31 0 1.3100 111.8200 0.0000 0.0000 366.6663 643.2615 0.7749 0.0000 2.9500 0.0000 0.0000 0.0000 2.9500 
2023 4 1 0 2.7800 97.9300 0.0000 0.0000 366.6516 643.2581 0.7748 0.0000 2.9500 0.0000 0.0000 0.0000 2.9500 
2023 4 2 0 2.6600 105.1000 0.0000 0.0000 366.6265 643.2521 0.7746 0.0000 2.9500 0.0000 0.0000 0.0000 2.9500 
2023 4 3 0 1.9200 126.4800 0.0000 0.0000 366.5376 643.2311 0.7739 0.0000 2.9500 0.0000 0.0000 0.0000 2.9500 
2023 4 4 0 1.3000 133.1300 0.0000 0.0000 366.3950 643.1974 0.7728 0.0000 2.9500 0.0000 0.0000 0.0000 2.9500 
2023 4 5 0 1.1600 130.9100 0.0000 0.0000 366.2403 643.1608 0.7716 0.0000 2.9500 0.0000 0.0000 0.0000 2.9500 
2023 4 6 0 1.0000 125.8900 0.0000 0.0000 366.0719 643.1210 0.7702 0.0000 2.9500 0.0000 0.0000 0.0000 2.9500 
2023 4 7 0 0.8700 117.9200 0.0000 0.0000 365.8921 643.0785 0.7688 0.0000 2.9500 0.0000 0.0000 0.0000 2.9500 
2023 4 8 0 0.8300 120.6500 0.0000 0.0000 365.7090 643.0352 0.7674 0.0000 2.9500 0.0000 0.0000 0.0000 2.9500 
2023 4 9 0 0.8300 110.2100 0.0000 0.0000 365.5258 642.9919 0.7659 0.0000 2.9500 0.0000 0.0000 0.0000 2.9500 
2023 4 10 0 0.9000 54.3700 0.0000 0.0000 365.3487 642.9500 0.7645 0.0000 2.9500 0.0000 0.0000 0.0000 2.9500 
2023 4 11 0 3.5100 84.4600 0.0000 0.0000 365.3971 642.9615 0.7649 0.0000 2.9500 0.0000 0.0000 0.0000 2.9500 
2023 4 12 0 3.1400 111.9800 0.0000 0.0000 365.4135 642.9654 0.7650 0.0000 2.9500 0.0000 0.0000 0.0000 2.9500 
2023 4 13 0 3.1400 107.2100 0.0000 0.0000 365.4299 642.9692 0.7652 0.0000 2.9500 0.0000 0.0000 0.0000 2.9500 
2023 4 14 0 3.6900 118.9300 0.0000 0.0000 365.4938 642.9844 0.7657 0.0000 2.9500 0.0000 0.0000 0.0000 2.9500 
2023 4 15 0 3.5700 111.6600 0.0000 0.0000 365.5474 642.9970 0.7661 0.0000 2.9500 0.0000 0.0000 0.0000 2.9500 
2023 4 16 0 3.5800 115.1500 0.0000 0.0000 365.6018 643.0099 0.7665 0.0000 2.9500 0.0000 0.0000 0.0000 2.9500 
2023 4 17 0 3.7900 125.4800 0.0000 0.0000 365.6744 643.0270 0.7671 0.0000 2.9500 0.0000 0.0000 0.0000 2.9500 
2023 4 18 0 4.0200 114.7600 0.0000 0.0000 365.7669 643.0489 0.7678 0.0000 2.9500 0.0000 0.0000 0.0000 2.9500 
2023 4 19 0 4.2200 108.7500 0.0000 0.0000 365.8766 643.0748 0.7687 0.0000 2.9500 0.0000 0.0000 0.0000 2.9500 
2023 4 20 0 4.6100 111.1600 0.0000 0.0000 366.0200 643.1088 0.7698 0.0000 2.9500 0.0000 0.0000 0.0000 2.9500 
2023 4 21 0 5.1600 107.9900 0.0000 0.0000 366.2110 643.1539 0.7713 0.0000 2.9500 0.0000 0.0000 0.0000 2.9500 
2023 4 22 0 5.7700 98.4000 0.0000 0.0000 366.4546 643.2115 0.7733 0.0000 2.9500 0.0000 0.0000 0.0000 2.9500 
2023 4 23 0 7.5400 97.8600 0.0000 0.0000 366.8512 643.3052 0.7764 0.0000 2.9500 0.0000 0.0000 0.0000 2.9500 
2023 4 24 0 7.6900 116.5300 0.0000 0.0000 367.2607 643.4021 0.7796 0.0000 2.9500 0.0000 0.0000 0.0000 2.9500 
2023 4 25 0 6.9900 104.4700 0.0000 0.0000 367.6098 643.4846 0.7824 0.0000 2.9500 0.0000 0.0000 0.0000 2.9500 
2023 4 26 0 6.0000 114.3700 0.0000 0.0000 367.8733 643.5469 0.7845 0.0000 2.9500 0.0000 0.0000 0.0000 2.9500 
2023 4 27 0 4.9200 123.3800 0.0000 0.0000 368.0435 643.5871 0.7858 0.0000 2.9500 0.0000 0.0000 0.0000 2.9500 
2023 4 28 0 4.2400 121.7100 0.0000 0.0000 368.1550 643.6135 0.7867 0.0000 2.9500 0.0000 0.0000 0.0000 2.9500 
2023 4 29 0 3.8000 112.7000 0.0000 0.0000 368.2284 643.6308 0.7873 0.0000 2.9500 0.0000 0.0000 0.0000 2.9500 
2023 4 30 0 3.5400 99.7900 0.0000 0.0000 368.2794 643.6429 0.7877 0.0000 2.9500 0.0000 0.0000 0.0000 2.9500 
2023 5 1 0 3.4100 106.3400 0.0000 0.0000 368.3191 643.6523 0.7880 0.0000 2.9500 0.0000 0.0000 0.0000 2.9500 
2023 5 2 0 3.4800 121.7900 0.0000 0.0000 368.3649 643.6631 0.7883 0.0000 2.9500 0.0000 0.0000 0.0000 2.9500 
2023 5 3 0 3.6300 118.1800 0.0000 0.0000 368.4237 643.6770 0.7888 0.0000 2.9500 0.0000 0.0000 0.0000 2.9500 
2023 5 4 0 3.7100 112.1600 0.0000 0.0000 368.4893 643.6925 0.7893 0.0000 2.9500 0.0000 0.0000 0.0000 2.9500 
2023 5 5 0 3.4500 97.5700 0.0000 0.0000 368.5325 643.7027 0.7897 0.0000 2.9500 0.0000 0.0000 0.0000 2.9500 
2023 5 6 0 3.1800 94.9300 0.0000 0.0000 368.5524 643.7074 0.7898 0.0000 2.9500 0.0000 0.0000 0.0000 2.9500 
2023 5 7 0 3.2300 88.0500 0.0000 0.0000 368.5766 643.7131 0.7900 0.0000 2.9500 0.0000 0.0000 0.0000 2.9500 
2023 5 8 0 3.6300 102.0400 0.0000 0.0000 368.6353 643.7270 0.7905 0.0000 2.9500 0.0000 0.0000 0.0000 2.9500 
2023 5 9 0 5.0500 96.1600 0.0000 0.0000 368.8168 643.7699 0.7919 0.0000 2.9500 0.0000 0.0000 0.0000 2.9500 
2023 5 10 0 8.6400 94.0200 0.0000 0.0000 369.3084 643.8861 0.7958 0.0000 2.9500 0.0000 0.0000 0.0000 2.9500 
2023 5 11 0 9.7000 101.3600 0.0000 0.0000 369.8916 644.0240 0.8004 0.0000 2.9500 0.0000 0.0000 0.0000 2.9500 
2023 5 12 0 10.5400 91.5000 0.0000 0.0000 370.5474 644.1790 0.8056 0.0000 2.9500 0.0000 0.0000 0.0000 2.9500 
2023 5 13 0 11.1600 74.6100 0.0000 0.0000 371.2567 644.3467 0.8112 0.0000 2.9500 0.0000 0.0000 0.0000 2.9500 
2023 5 14 0 10.9900 72.7500 0.0000 0.0000 371.9514 644.5110 0.8167 0.0000 2.9500 0.0000 0.0000 0.0000 2.9500 
2023 5 15 0 11.6700 94.8900 0.0000 0.0000 372.7048 644.6891 0.8226 0.0000 2.9500 0.0000 0.0000 0.0000 2.9500 
2023 5 16 0 12.5900 63.0700 0.0000 0.0000 373.5377 644.8860 0.8292 0.0000 2.9500 0.0000 0.0000 0.0000 2.9500 
2023 5 17 0 10.8400 54.3000 0.0000 0.0000 374.2194 645.0471 0.8346 0.0000 2.9500 0.0000 0.0000 0.0000 2.9500 
2023 5 18 0 8.7900 88.1100 0.0000 0.0000 374.7240 645.1664 0.8385 0.0000 2.9500 0.0000 0.0000 0.0000 2.9500 
2023 5 19 0 7.7900 92.9400 0.0000 0.0000 375.1421 645.2653 0.8419 0.0000 2.9500 0.0000 0.0000 0.0000 2.9500 
2023 5 20 0 7.8000 52.6300 0.0000 0.0000 375.5612 645.3643 0.8452 0.0000 2.9500 0.0000 0.0000 0.0000 2.9500 
2023 5 21 0 7.5500 37.1300 0.0000 0.0000 375.9586 645.4583 0.8483 0.0000 2.9500 0.0000 0.0000 0.0000 2.9500 
2023 5 22 0 7.5700 84.4700 0.0000 0.0000 376.3578 645.5527 0.8515 0.0000 2.9500 0.0000 0.0000 0.0000 2.9500 
2023 5 23 0 9.9000 63.0000 0.0000 0.0000 376.9583 645.6946 0.8562 0.0000 2.9500 0.0000 0.0000 0.0000 2.9500 
2023 5 24 0 9.5400 82.4800 0.0000 0.0000 377.5276 645.8292 0.8607 0.0000 2.9500 0.0000 0.0000 0.0000 2.9500 
2023 5 25 0 8.6400 57.6600 0.0000 0.0000 378.0192 645.9454 0.8646 0.0000 2.9500 0.0000 0.0000 0.0000 2.9500 
2023 5 26 0 8.0200 61.9200 0.0000 0.0000 378.4573 646.0490 0.8680 0.0000 2.9500 0.0000 0.0000 0.0000 2.9500 
2023 5 27 0 7.0600 61.7400 0.0000 0.0000 378.8124 646.1330 0.8708 0.0000 2.9500 0.0000 0.0000 0.0000 2.9500 
2023 5 28 0 5.9100 48.1500 0.0000 0.0000 379.0681 646.1934 0.8729 0.0000 2.9500 0.0000 0.0000 0.0000 2.9500 
2023 5 29 0 4.7600 41.9900 0.0000 0.0000 379.2245 646.2304 0.8741 0.0000 2.9500 0.0000 0.0000 0.0000 2.9500 
2023 5 30 0 4.0400 85.7800 0.0000 0.0000 379.3187 646.2526 0.8748 0.0000 2.9500 0.0000 0.0000 0.0000 2.9500 
2023 5 31 0 3.5300 60.1500 0.0000 0.0000 379.3688 646.2645 0.8752 0.0000 2.9500 0.0000 0.0000 0.0000 2.9500 
2023 6 1 0 3.1400 67.1300 0.0000 0.0000 379.3852 646.2684 0.8754 0.0000 2.9500 0.0000 0.0000 0.0000 2.9500 
2023 6 2 0 2.7100 80.9600 0.0000 0.0000 379.3645 646.2635 0.8752 0.0000 2.9500 0.0000 0.0000 0.0000 2.9500 
2023 6 3 0 2.3300 62.3200 0.0000 0.0000 379.3109 646.2508 0.8748 0.0000 2.9500 0.0000 0.0000 0.0000 2.9500 
2023 6 4 0 2.0500 61.2100 0.0000 0.0000 379.2332 646.2324 0.8742 0.0000 2.9500 0.0000 0.0000 0.0000 2.9500 
2023 6 5 0 1.8200 87.8500 0.0000 0.0000 379.1355 646.2093 0.8734 0.0000 2.9500 0.0000 0.0000 0.0000 2.9500 
2023 6 6 0 1.5900 90.1800 0.0000 0.0000 379.0180 646.1816 0.8725 0.0000 2.9500 0.0000 0.0000 0.0000 2.9500 
2023 6 7 0 1.3800 96.7800 0.0000 0.0000 378.8824 646.1495 0.8714 0.0000 2.9500 0.0000 0.0000 0.0000 2.9500 
2023 6 8 0 1.2000 89.0900 0.0000 0.0000 378.7312 646.1138 0.8702 0.0000 2.9500 0.0000 0.0000 0.0000 2.9500 
2023 6 9 0 1.0300 88.9200 0.0000 0.0000 378.5653 646.0745 0.8689 0.0000 2.9500 0.0000 0.0000 0.0000 2.9500 
2023 6 10 0 0.8800 61.8300 0.0000 0.0000 378.3864 646.0323 0.8675 0.0000 2.9500 0.0000 0.0000 0.0000 2.9500 
2023 6 11 0 0.7600 47.6500 0.0000 0.0000 378.1972 645.9875 0.8660 0.0000 2.9500 0.0000 0.0000 0.0000 2.9500 
2023 6 12 0 0.6500 88.7900 0.0000 0.0000 377.9985 645.9405 0.8644 0.0000 2.9500 0.0000 0.0000 0.0000 2.9500 
2023 6 13 0 0.5700 99.0700 0.0000 0.0000 377.7929 645.8919 0.8628 0.0000 2.9500 0.0000 0.0000 0.0000 2.9500 
2023 6 14 0 0.4900 105.6600 0.0000 0.0000 377.5803 645.8417 0.8611 0.0000 2.9500 0.0000 0.0000 0.0000 2.9500 
2023 6 15 0 0.4400 116.5000 0.0000 0.0000 377.3635 645.7904 0.8594 0.0000 2.9500 0.0000 0.0000 0.0000 2.9500 
2023 6 16 0 0.4100 123.1200 0.0000 0.0000 377.1440 645.7385 0.8577 0.0000 2.9500 0.0000 0.0000 0.0000 2.9500 
2023 6 17 0 0.3800 107.5100 0.0000 0.0000 376.9220 645.6860 0.8559 0.0000 2.9500 0.0000 0.0000 0.0000 2.9500 
2023 6 18 0 0.3600 102.7200 0.0000 0.0000 376.6982 645.6331 0.8541 0.0000 2.9500 0.0000 0.0000 0.0000 2.9500 
2023 6 19 0 0.3400 116.7200 0.0000 0.0000 376.4727 645.5798 0.8524 0.0000 2.9500 0.0000 0.0000 0.0000 2.9500 
2023 6 20 0 0.3500 131.3100 0.0000 0.0000 376.2480 645.5267 0.8506 0.0000 2.9500 0.0000 0.0000 0.0000 2.9500 
2023 6 21 0 0.4000 131.9100 0.0000 0.0000 376.0277 645.4746 0.8488 0.0000 2.9500 0.0000 0.0000 0.0000 2.9500 
2023 6 22 0 0.7800 129.3300 0.0000 0.0000 375.8402 645.4303 0.8474 0.0000 2.9500 0.0000 0.0000 0.0000 2.9500 
2023 6 23 0 0.6100 112.7300 0.0000 0.0000 375.6381 645.3825 0.8458 0.0000 2.9500 0.0000 0.0000 0.0000 2.9500 
2023 6 24 0 0.4700 91.6000 0.0000 0.0000 375.4238 645.3319 0.8441 0.0000 2.9500 0.0000 0.0000 0.0000 2.9500 
2023 6 25 0 0.3800 78.9200 0.0000 0.0000 375.2017 645.2794 0.8423 0.0000 2.9500 0.0000 0.0000 0.0000 2.9500 
2023 6 26 0 0.3600 97.3600 0.0000 0.0000 374.9780 645.2265 0.8406 0.0000 2.9500 0.0000 0.0000 0.0000 2.9500 
2023 6 27 0 0.3800 97.1000 0.0000 0.0000 374.7559 645.1740 0.8388 0.0000 2.9500 0.0000 0.0000 0.0000 2.9500 
2023 6 28 0 0.3600 110.3800 0.0000 0.0000 374.5321 645.1211 0.8370 0.0000 2.9500 0.0000 0.0000 0.0000 2.9500 
2023 6 29 0 0.3500 115.5800 0.0000 0.0000 374.3075 645.0680 0.8353 0.0000 2.9500 0.0000 0.0000 0.0000 2.9500 
2023 6 30 0 0.4100 106.1600 0.0000 0.0000 374.0880 645.0161 0.8335 0.0000 2.9500 0.0000 0.0000 0.0000 2.9500 
2023 7 1 0 0.3900 61.0800 0.0000 0.0000 373.8669 644.9638 0.8318 0.0000 2.9500 0.0000 0.0000 0.0000 2.9500 
2023 7 2 0 0.4300 15.9100 0.0000 0.0000 373.6491 644.9123 0.8301 0.0000 2.9500 0.0000 0.0000 0.0000 2.9500 
2023 7 3 0 0.4200 50.3200 0.0000 0.0000 373.4305 644.8606 0.8283 0.0000 2.9500 0.0000 0.0000 0.0000 2.9500 
2023 7 4 0 0.5500 83.2500 0.0000 0.0000 373.2232 644.8116 0.8267 0.0000 2.9500 0.0000 0.0000 0.0000 2.9500 
2023 7 5 0 0.5400 80.5300 0.0000 0.0000 373.0150 644.7624 0.8251 0.0000 2.9500 0.0000 0.0000 0.0000 2.9500 
2023 7 6 0 0.6100 96.7500 0.0000 0.0000 372.8128 644.7146 0.8235 0.0000 2.9500 0.0000 0.0000 0.0000 2.9500 
2023 7 7 0 0.6500 101.0400 0.0000 0.0000 372.6141 644.6676 0.8219 0.0000 2.9500 0.0000 0.0000 0.0000 2.9500 
2023 7 8 0 0.7800 87.4600 0.0000 0.0000 372.4266 644.6233 0.8204 0.0000 2.9500 0.0000 0.0000 0.0000 2.9500 
2023 7 9 0 0.7800 94.0500 0.0000 0.0000 372.2391 644.5790 0.8189 0.0000 2.9500 0.0000 0.0000 0.0000 2.9500 
2023 7 10 0 0.7300 98.2100 0.0000 0.0000 372.0473 644.5336 0.8174 0.0000 2.9500 0.0000 0.0000 0.0000 2.9500 
2023 7 11 0 0.8500 89.8900 0.0000 0.0000 371.8658 644.4907 0.8160 0.0000 2.9500 0.0000 0.0000 0.0000 2.9500 
2023 7 12 0 1.2400 76.6900 0.0000 0.0000 371.7181 644.4558 0.8148 0.0000 2.9500 0.0000 0.0000 0.0000 2.9500 
2023 7 13 0 1.0800 83.4900 0.0000 0.0000 371.5565 644.4176 0.8135 0.0000 2.9500 0.0000 0.0000 0.0000 2.9500 
2023 7 14 0 0.9200 85.4800 0.0000 0.0000 371.3811 644.3762 0.8122 0.0000 2.9500 0.0000 0.0000 0.0000 2.9500 
2023 7 15 0 1.2000 33.3300 0.0000 0.0000 371.2299 644.3404 0.8110 0.0000 2.9500 0.0000 0.0000 0.0000 2.9500 
2023 7 16 0 2.5600 17.8600 0.0000 0.0000 371.1962 644.3324 0.8107 0.0000 2.9500 0.0000 0.0000 0.0000 2.9500 
2023 7 17 0 3.7600 30.5600 0.0000 0.0000 371.2662 644.3490 0.8112 0.0000 2.9500 0.0000 0.0000 0.0000 2.9500 
2023 7 18 0 3.2200 64.7000 0.0000 0.0000 371.2896 644.3545 0.8114 0.0000 2.9500 0.0000 0.0000 0.0000 2.9500 
2023 7 19 0 2.4900 77.7600 0.0000 0.0000 371.2498 644.3451 0.8111 0.0000 2.9500 0.0000 0.0000 0.0000 2.9500 
2023 7 20 0 2.0500 64.6700 0.0000 0.0000 371.1720 644.3267 0.8105 0.0000 2.9500 0.0000 0.0000 0.0000 2.9500 
2023 7 21 0 1.7300 83.1300 0.0000 0.0000 371.0666 644.3018 0.8097 0.0000 2.9500 0.0000 0.0000 0.0000 2.9500 
2023 7 22 0 1.5200 75.6300 0.0000 0.0000 370.9431 644.2726 0.8087 0.0000 2.9500 0.0000 0.0000 0.0000 2.9500 
2023 7 23 0 1.4800 33.2000 0.0000 0.0000 370.8161 644.2426 0.8077 0.0000 2.9500 0.0000 0.0000 0.0000 2.9500 
2023 7 24 0 1.3100 69.9000 0.0000 0.0000 370.6744 644.2091 0.8066 0.0000 2.9500 0.0000 0.0000 0.0000 2.9500 
2023 7 25 0 1.1200 60.2500 0.0000 0.0000 370.5163 644.1717 0.8053 0.0000 2.9500 0.0000 0.0000 0.0000 2.9500 
2023 7 26 0 1.0100 69.5200 0.0000 0.0000 370.3487 644.1321 0.8040 0.0000 2.9500 0.0000 0.0000 0.0000 2.9500 
2023 7 27 0 0.9100 87.3400 0.0000 0.0000 370.1724 644.0904 0.8026 0.0000 2.9500 0.0000 0.0000 0.0000 2.9500 
2023 7 28 0 0.7900 86.7600 0.0000 0.0000 369.9858 644.0463 0.8011 0.0000 2.9500 0.0000 0.0000 0.0000 2.9500 
2023 7 29 0 0.7000 74.6100 0.0000 0.0000 369.7914 644.0003 0.7996 0.0000 2.9500 0.0000 0.0000 0.0000 2.9500 
2023 7 30 0 0.6800 39.5200 0.0000 0.0000 369.5952 643.9540 0.7981 0.0000 2.9500 0.0000 0.0000 0.0000 2.9500 
2023 7 31 0 0.9200 69.3300 0.0000 0.0000 369.4199 643.9125 0.7967 0.0000 2.9500 0.0000 0.0000 0.0000 2.9500 
2023 8 1 0 0.7400 73.8700 0.0000 0.0000 369.2289 643.8674 0.7952 0.0000 2.9500 0.0000 0.0000 0.0000 2.9500 
2023 8 2 0 0.5700 64.7500 0.0000 0.0000 369.0233 643.8187 0.7935 0.0000 2.9500 0.0000 0.0000 0.0000 2.9500 
2023 8 3 0 0.4900 43.5500 0.0000 0.0000 368.8107 643.7685 0.7919 0.0000 2.9500 0.0000 0.0000 0.0000 2.9500 
2023 8 4 0 0.4500 62.1300 0.0000 0.0000 368.5947 643.7174 0.7902 0.0000 2.9500 0.0000 0.0000 0.0000 2.9500 
2023 8 5 0 0.4400 76.9400 0.0000 0.0000 368.3779 643.6662 0.7884 0.0000 2.9500 0.0000 0.0000 0.0000 2.9500 
2023 8 6 0 0.4100 57.5500 0.0000 0.0000 368.1584 643.6143 0.7867 0.0000 2.9500 0.0000 0.0000 0.0000 2.9500 
2023 8 7 0 0.3900 16.8300 0.0000 0.0000 367.9372 643.5620 0.7850 0.0000 2.9500 0.0000 0.0000 0.0000 2.9500 
2023 8 8 0 0.9400 0.0400 0.0000 0.0000 367.7636 643.5209 0.7836 0.0000 2.9500 0.0000 0.0000 0.0000 2.9500 
2023 8 9 0 1.0100 14.7000 0.0000 0.0000 367.5960 643.4813 0.7823 0.0000 2.9500 0.0000 0.0000 0.0000 2.9500 
2023 8 10 0 0.8900 51.2900 0.0000 0.0000 367.4180 643.4392 0.7809 0.0000 2.9500 0.0000 0.0000 0.0000 2.9500 
2023 8 11 0 0.9000 72.3800 0.0000 0.0000 367.2408 643.3974 0.7795 0.0000 2.9500 0.0000 0.0000 0.0000 2.9500 
2023 8 12 0 0.7100 69.7000 0.0000 0.0000 367.0473 643.3516 0.7779 0.0000 2.9500 0.0000 0.0000 0.0000 2.9500 
2023 8 13 0 0.5900 63.1900 0.0000 0.0000 366.8434 643.3034 0.7763 0.0000 2.9500 0.0000 0.0000 0.0000 2.9500 
2023 8 14 0 0.5700 85.9500 0.0000 0.0000 366.6378 643.2548 0.7747 0.0000 2.9500 0.0000 0.0000 0.0000 2.9500 
2023 8 15 0 1.5600 82.7300 0.0000 0.0000 366.5177 643.2264 0.7737 0.0000 2.9500 0.0000 0.0000 0.0000 2.9500 
2023 8 16 0 2.0000 93.5300 0.0000 0.0000 366.4356 643.2070 0.7731 0.0000 2.9500 0.0000 0.0000 0.0000 2.9500 
2023 8 17 0 1.6500 92.9900 0.0000 0.0000 366.3233 643.1804 0.7722 0.0000 2.9500 0.0000 0.0000 0.0000 2.9500 
2023 8 18 0 1.3700 84.3900 0.0000 0.0000 366.1868 643.1482 0.7711 0.0000 2.9500 0.0000 0.0000 0.0000 2.9500 
2023 8 19 0 1.2900 48.8800 0.0000 0.0000 366.0433 643.1143 0.7700 0.0000 2.9500 0.0000 0.0000 0.0000 2.9500 
2023 8 20 0 2.3700 75.6000 0.0000 0.0000 365.9932 643.1024 0.7696 0.0000 2.9500 0.0000 0.0000 0.0000 2.9500 
2023 8 21 0 1.8300 88.4800 0.0000 0.0000 365.8965 643.0795 0.7688 0.0000 2.9500 0.0000 0.0000 0.0000 2.9500 
2023 8 22 0 1.4800 92.0800 0.0000 0.0000 365.7695 643.0495 0.7678 0.0000 2.9500 0.0000 0.0000 0.0000 2.9500 
2023 8 23 0 1.2600 99.5400 0.0000 0.0000 365.6234 643.0150 0.7667 0.0000 2.9500 0.0000 0.0000 0.0000 2.9500 
2023 8 24 0 1.0700 99.6900 0.0000 0.0000 365.4610 642.9766 0.7654 0.0000 2.9500 0.0000 0.0000 0.0000 2.9500 
2023 8 25 0 1.4100 93.1800 0.0000 0.0000 365.3280 642.9451 0.7644 0.0000 2.9500 0.0000 0.0000 0.0000 2.9500 
2023 8 26 0 2.2100 87.9600 0.0000 0.0000 365.2640 642.9300 0.7639 0.0000 2.9500 0.0000 0.0000 0.0000 2.9500 
2023 8 27 0 2.3400 89.4800 0.0000 0.0000 365.2113 642.9176 0.7634 0.0000 2.9500 0.0000 0.0000 0.0000 2.9500 
2023 8 28 0 1.8200 91.8000 0.0000 0.0000 365.1137 642.8945 0.7627 0.0000 2.9500 0.0000 0.0000 0.0000 2.9500 
2023 8 29 0 1.4800 95.0600 0.0000 0.0000 364.9867 642.8645 0.7617 0.0000 2.9500 0.0000 0.0000 0.0000 2.9500 
2023 8 30 0 1.2500 99.5900 0.0000 0.0000 364.8398 642.8297 0.7605 0.0000 2.9500 0.0000 0.0000 0.0000 2.9500 
2023 8 31 0 1.1200 97.2200 0.0000 0.0000 364.6817 642.7924 0.7593 0.0000 2.9500 0.0000 0.0000 0.0000 2.9500 
