POWERSTATION node 1 SVEIGSHYL_I
init_Power = 0.00000
penstock_config = SEPARATE
headloss_coef = 0.200000
yyyy mm dd hh [m3/s]    [Euro/MWh]  [fr_g0] [m3/s] [m3/s] [m] [m] [MWh] [GWh/Mm3] [Euro] [Euro] [Euro] [Euro] [Euro] [Euro]
yyyy mm dd hh Up_Inflow Price Action_g0 tot_outflow auto_qmin Hnetto Hbrutto Power est_eekv income tot_cost startstopCost adjust_cost cost_aggressive_actions profit
2022 9 1 0 2.9500 564.8800 0.5000 2.9500 0.0000 64.2385 65.9790 36.3948 0.1428  20558.6955 1.0000 1.0000 0.0000 0.0000 20557.6955
2022 9 2 0 2.9500 425.8500 0.5000 2.9500 0.0000 64.1838 65.9243 36.3638 0.1427  15485.5438 0.0000 0.0000 0.0000 0.0000 15485.5438
2022 9 3 0 2.9500 383.9200 0.5000 2.9500 0.0000 64.1287 65.8692 36.3326 0.1425  13948.8125 0.0000 0.0000 0.0000 0.0000 13948.8125
2022 9 4 0 2.9500 310.1000 0.5000 2.9500 0.0000 64.0740 65.8145 36.3016 0.1424  11257.1223 0.0000 0.0000 0.0000 0.0000 11257.1223
2022 9 5 0 2.9500 388.8400 0.5000 2.9500 0.0000 64.0198 65.7603 36.2709 0.1423  14103.5846 0.0000 0.0000 0.0000 0.0000 14103.5846
2022 9 6 0 2.9500 414.3500 0.5000 2.9500 0.0000 63.9658 65.7063 36.2403 0.1422  15016.1734 0.0000 0.0000 0.0000 0.0000 15016.1734
2022 9 7 0 2.9500 451.5300 0.5000 2.9500 0.0000 63.9118 65.6523 36.2097 0.1421  16349.7673 0.0000 0.0000 0.0000 0.0000 16349.7673
2022 9 8 0 2.9500 426.5600 0.5000 2.9500 0.0000 63.8574 65.5979 36.1789 0.1419  15432.4805 0.0000 0.0000 0.0000 0.0000 15432.4805
2022 9 9 0 2.9500 352.9300 0.5000 2.9500 0.0000 63.8027 65.5432 36.1479 0.1418  12757.6807 0.0000 0.0000 0.0000 0.0000 12757.6807
2022 9 10 0 2.9500 410.9400 0.5000 2.9500 0.0000 63.7477 65.4882 36.1167 0.1417  14841.8051 0.0000 0.0000 0.0000 0.0000 14841.8051
2022 9 11 0 2.9500 400.0100 0.5000 2.9500 0.0000 63.6927 65.4332 36.0856 0.1416  14434.5976 0.0000 0.0000 0.0000 0.0000 14434.5976
2022 9 12 0 2.9500 407.9500 0.5000 2.9500 0.0000 63.6408 65.3813 36.0562 0.1415  14709.1262 0.0000 0.0000 0.0000 0.0000 14709.1262
2022 9 13 0 2.9500 382.5800 0.5000 2.9500 0.0000 63.6061 65.3466 36.0365 0.1414  13786.8531 0.0000 0.0000 0.0000 0.0000 13786.8531
2022 9 14 0 2.9500 425.5000 0.5000 2.9500 0.0000 63.5786 65.3191 36.0210 0.1413  15326.9185 0.0000 0.0000 0.0000 0.0000 15326.9185
2022 9 15 0 2.9500 355.8200 0.5000 2.9500 0.0000 63.5416 65.2821 36.0000 0.1412  12809.5048 0.0000 0.0000 0.0000 0.0000 12809.5048
2022 9 16 0 2.9500 329.3900 0.5000 2.9500 0.0000 63.5000 65.2405 35.9764 0.1412  11850.2692 0.0000 0.0000 0.0000 0.0000 11850.2692
2022 9 17 0 2.9500 246.9600 0.5000 2.9500 0.0000 63.4550 65.1955 35.9509 0.1411  8878.4321 0.0000 0.0000 0.0000 0.0000 8878.4321
2022 9 18 0 2.9500 117.5900 0.5000 2.9500 0.0000 63.4071 65.1476 35.9238 0.1409  4224.2740 0.0000 0.0000 0.0000 0.0000 4224.2740
2022 9 19 0 2.9500 288.3300 0.5000 2.9500 0.0000 63.3569 65.0974 35.8953 0.1408  10349.7039 0.0000 0.0000 0.0000 0.0000 10349.7039
2022 9 20 0 2.9500 380.8200 0.5000 2.9500 0.0000 63.3054 65.0459 35.8662 0.1407  13658.5594 0.0000 0.0000 0.0000 0.0000 13658.5594
2022 9 21 0 2.9500 388.8300 0.5000 2.9500 0.0000 63.2533 64.9938 35.8366 0.1406  13934.3502 0.0000 0.0000 0.0000 0.0000 13934.3502
2022 9 22 0 2.9500 378.9000 0.5000 2.9500 0.0000 63.2005 64.9410 35.8067 0.1405  13567.1584 0.0000 0.0000 0.0000 0.0000 13567.1584
2022 9 23 0 2.9500 359.9800 0.5000 2.9500 0.0000 63.1476 64.8881 35.7767 0.1404  12878.9069 0.0000 0.0000 0.0000 0.0000 12878.9069
2022 9 24 0 2.9500 350.7100 0.5000 2.9500 0.0000 63.0952 64.8357 35.7470 0.1403  12536.8459 0.0000 0.0000 0.0000 0.0000 12536.8459
2022 9 25 0 2.9500 299.0800 0.5000 2.9500 0.0000 63.0481 64.7886 35.7204 0.1401  10683.2481 0.0000 0.0000 0.0000 0.0000 10683.2481
2022 9 26 0 2.9500 259.4000 0.5000 2.9500 0.0000 63.0150 64.7555 35.7016 0.1401  9261.0011 0.0000 0.0000 0.0000 0.0000 9261.0011
2022 9 27 0 2.9500 306.8900 0.5000 2.9500 0.0000 63.0008 64.7413 35.6936 0.1400  10954.0037 0.0000 0.0000 0.0000 0.0000 10954.0037
2022 9 28 0 2.9500 308.5200 0.5000 2.9500 0.0000 63.0208 64.7613 35.7049 0.1401  11015.6822 0.0000 0.0000 0.0000 0.0000 11015.6822
2022 9 29 0 2.9500 347.1000 0.5000 2.9500 0.0000 63.0490 64.7895 35.7209 0.1401  12398.7218 0.0000 0.0000 0.0000 0.0000 12398.7218
2022 9 30 0 2.9500 278.9700 0.5000 2.9500 0.0000 63.0522 64.7927 35.7227 0.1402  9965.5576 0.0000 0.0000 0.0000 0.0000 9965.5576
2022 10 1 0 2.9500 90.2400 0.5000 2.9500 0.0000 63.0762 64.8167 35.7363 0.1402  3224.8421 0.0000 0.0000 0.0000 0.0000 3224.8421
2022 10 2 0 2.9500 182.7200 0.5000 2.9500 0.0000 63.1307 64.8712 35.7672 0.1403  6535.3793 0.0000 0.0000 0.0000 0.0000 6535.3793
2022 10 3 0 2.9500 234.6000 0.5000 2.9500 0.0000 63.1736 64.9141 35.7915 0.1404  8396.6820 0.0000 0.0000 0.0000 0.0000 8396.6820
2022 10 4 0 2.9500 199.0100 0.5000 2.9500 0.0000 63.1975 64.9380 35.8050 0.1405  7125.5572 0.0000 0.0000 0.0000 0.0000 7125.5572
2022 10 5 0 2.9500 51.1100 0.5000 2.9500 0.0000 63.2315 64.9720 35.8243 0.1406  1830.9795 0.0000 0.0000 0.0000 0.0000 1830.9795
2022 10 6 0 2.9500 23.8700 0.5000 2.9500 0.0000 63.3037 65.0442 35.8652 0.1407  856.1023 0.0000 0.0000 0.0000 0.0000 856.1023
2022 10 7 0 2.9500 30.2900 0.5000 2.9500 0.0000 63.3703 65.1108 35.9029 0.1409  1087.4996 0.0000 0.0000 0.0000 0.0000 1087.4996
2022 10 8 0 2.9500 53.3800 0.5000 2.9500 0.0000 63.4094 65.1499 35.9251 0.1409  1917.6810 0.0000 0.0000 0.0000 0.0000 1917.6810
2022 10 9 0 2.9500 91.9400 0.5000 2.9500 0.0000 63.4378 65.1783 35.9412 0.1410  3304.4312 0.0000 0.0000 0.0000 0.0000 3304.4312
2022 10 10 0 2.9500 137.7100 0.5000 2.9500 0.0000 63.4511 65.1916 35.9487 0.1410  4950.4945 0.0000 0.0000 0.0000 0.0000 4950.4945
2022 10 11 0 2.9500 174.3200 0.5000 2.9500 0.0000 63.4587 65.1992 35.9530 0.1411  6267.3326 0.0000 0.0000 0.0000 0.0000 6267.3326
2022 10 12 0 2.9500 199.9900 0.5000 2.9500 0.0000 63.4603 65.2008 35.9539 0.1411  7190.4204 0.0000 0.0000 0.0000 0.0000 7190.4204
2022 10 13 0 2.9500 233.6000 0.5000 2.9500 0.0000 63.4543 65.1948 35.9505 0.1410  8398.0470 0.0000 0.0000 0.0000 0.0000 8398.0470
2022 10 14 0 2.9500 217.2400 0.5000 2.9500 0.0000 63.4432 65.1837 35.9442 0.1410  7808.5260 0.0000 0.0000 0.0000 0.0000 7808.5260
2022 10 15 0 2.9500 154.6600 0.5000 2.9500 0.0000 63.4463 65.1868 35.9460 0.1410  5559.4041 0.0000 0.0000 0.0000 0.0000 5559.4041
2022 10 16 0 2.9500 113.2100 0.5000 2.9500 0.0000 63.4748 65.2153 35.9621 0.1411  4071.2710 0.0000 0.0000 0.0000 0.0000 4071.2710
2022 10 17 0 2.9500 146.2200 0.5000 2.9500 0.0000 63.5090 65.2495 35.9815 0.1412  5261.2148 0.0000 0.0000 0.0000 0.0000 5261.2148
2022 10 18 0 2.9500 163.8200 0.5000 2.9500 0.0000 63.5382 65.2787 35.9980 0.1412  5897.2003 0.0000 0.0000 0.0000 0.0000 5897.2003
2022 10 19 0 2.9500 159.7000 0.5000 2.9500 0.0000 63.5589 65.2994 36.0098 0.1413  5750.7638 0.0000 0.0000 0.0000 0.0000 5750.7638
2022 10 20 0 2.9500 142.1100 0.5000 2.9500 0.0000 63.5668 65.3073 36.0142 0.1413  5117.9848 0.0000 0.0000 0.0000 0.0000 5117.9848
2022 10 21 0 2.9500 157.4800 0.5000 2.9500 0.0000 63.5629 65.3034 36.0120 0.1413  5671.1774 0.0000 0.0000 0.0000 0.0000 5671.1774
2022 10 22 0 2.9500 142.0700 0.5000 2.9500 0.0000 63.5511 65.2916 36.0053 0.1413  5115.2786 0.0000 0.0000 0.0000 0.0000 5115.2786
2022 10 23 0 2.9500 99.6700 0.5000 2.9500 0.0000 63.5422 65.2827 36.0003 0.1412  3588.1502 0.0000 0.0000 0.0000 0.0000 3588.1502
2022 10 24 0 2.9500 85.2000 0.5000 2.9500 0.0000 63.5449 65.2854 36.0019 0.1413  3067.3589 0.0000 0.0000 0.0000 0.0000 3067.3589
2022 10 25 0 2.9500 110.5100 0.5000 2.9500 0.0000 63.5528 65.2933 36.0063 0.1413  3979.0586 0.0000 0.0000 0.0000 0.0000 3979.0586
2022 10 26 0 2.9500 121.4900 0.5000 2.9500 0.0000 63.5790 65.3195 36.0212 0.1413  4376.2145 0.0000 0.0000 0.0000 0.0000 4376.2145
2022 10 27 0 2.9500 117.6600 0.5000 2.9500 0.0000 63.6081 65.3486 36.0377 0.1414  4240.1938 0.0000 0.0000 0.0000 0.0000 4240.1938
2022 10 28 0 2.9500 103.2200 0.5000 2.9500 0.0000 63.6143 65.3548 36.0412 0.1414  3720.1679 0.0000 0.0000 0.0000 0.0000 3720.1679
2022 10 29 0 2.9500 101.6200 0.5000 2.9500 0.0000 63.6173 65.3578 36.0429 0.1414  3662.6785 0.0000 0.0000 0.0000 0.0000 3662.6785
2022 10 30 0 2.9500 117.9300 0.5000 2.9500 0.0000 63.6207 65.3612 36.0448 0.1414  4250.7631 0.0000 0.0000 0.0000 0.0000 4250.7631
2022 10 31 0 2.9500 144.1300 0.5000 2.9500 0.0000 63.6129 65.3534 36.0404 0.1414  5194.5032 0.0000 0.0000 0.0000 0.0000 5194.5032
2022 11 1 0 2.9500 72.4900 0.5000 2.9500 0.0000 63.5990 65.3395 36.0325 0.1414  2611.9940 0.0000 0.0000 0.0000 0.0000 2611.9940
2022 11 2 0 2.9500 71.1700 0.5000 2.9500 0.0000 63.6029 65.3434 36.0347 0.1414  2564.5917 0.0000 0.0000 0.0000 0.0000 2564.5917
2022 11 3 0 2.9500 86.5000 0.5000 2.9500 0.0000 63.6624 65.4029 36.0684 0.1415  3119.9171 0.0000 0.0000 0.0000 0.0000 3119.9171
2022 11 4 0 2.9500 72.6700 0.5000 2.9500 0.0000 63.7715 65.5120 36.1302 0.1418  2625.5817 0.0000 0.0000 0.0000 0.0000 2625.5817
2022 11 5 0 2.9500 47.6500 0.5000 2.9500 0.0000 63.8839 65.6244 36.1939 0.1420  1724.6397 0.0000 0.0000 0.0000 0.0000 1724.6397
2022 11 6 0 2.9500 35.7500 0.5000 2.9500 0.0000 63.9683 65.7088 36.2417 0.1422  1295.6408 0.0000 0.0000 0.0000 0.0000 1295.6408
2022 11 7 0 2.9500 43.8300 0.5000 2.9500 0.0000 64.0534 65.7939 36.2900 0.1424  1590.5889 0.0000 0.0000 0.0000 0.0000 1590.5889
2022 11 8 0 2.9500 51.0900 0.5000 2.9500 0.0000 64.1487 65.8892 36.3439 0.1426  1856.8120 0.0000 0.0000 0.0000 0.0000 1856.8120
2022 11 9 0 2.9500 42.5700 0.5000 2.9500 0.0000 64.2465 65.9870 36.3994 0.1428  1549.5213 0.0000 0.0000 0.0000 0.0000 1549.5213
2022 11 10 0 2.9500 27.4000 0.5000 2.9500 0.0000 64.3384 66.0789 36.4514 0.1430  998.7681 0.0000 0.0000 0.0000 0.0000 998.7681
2022 11 11 0 2.9500 2.0000 0.5000 2.9500 0.0000 64.3973 66.1378 36.4848 0.1431  72.9696 0.0000 0.0000 0.0000 0.0000 72.9696
2022 11 12 0 2.9500 2.3700 0.5000 2.9500 0.0000 64.4330 66.1735 36.5050 0.1432  86.5169 0.0000 0.0000 0.0000 0.0000 86.5169
2022 11 13 0 2.9500 29.9300 0.5000 2.9500 0.0000 64.4511 66.1916 36.5153 0.1433  1092.9020 0.0000 0.0000 0.0000 0.0000 1092.9020
2022 11 14 0 2.9500 53.6800 0.5000 2.9500 0.0000 64.4570 66.1975 36.5186 0.1433  1960.3198 0.0000 0.0000 0.0000 0.0000 1960.3198
2022 11 15 0 2.9500 53.7500 0.5000 2.9500 0.0000 64.4596 66.2001 36.5201 0.1433  1962.9538 0.0000 0.0000 0.0000 0.0000 1962.9538
2022 11 16 0 2.9500 27.6900 0.5000 2.9500 0.0000 64.4719 66.2124 36.5271 0.1433  1011.4346 0.0000 0.0000 0.0000 0.0000 1011.4346
2022 11 17 0 2.9500 48.9100 0.5000 2.9500 0.0000 64.5092 66.2497 36.5482 0.1434  1787.5720 0.0000 0.0000 0.0000 0.0000 1787.5720
2022 11 18 0 2.9500 113.7000 0.5000 2.9500 0.0000 64.5397 66.2802 36.5654 0.1435  4157.4897 0.0000 0.0000 0.0000 0.0000 4157.4897
2022 11 19 0 2.9500 167.1000 0.5000 2.9500 0.0000 64.5368 66.2773 36.5638 0.1435  6109.8135 0.0000 0.0000 0.0000 0.0000 6109.8135
2022 11 20 0 2.9500 162.8400 0.5000 2.9500 0.0000 64.5230 66.2635 36.5560 0.1434  5952.7793 0.0000 0.0000 0.0000 0.0000 5952.7793
2022 11 21 0 2.9500 209.5500 0.5000 2.9500 0.0000 64.5032 66.2437 36.5448 0.1434  7657.9582 0.0000 0.0000 0.0000 0.0000 7657.9582
2022 11 22 0 2.9500 174.4300 0.5000 2.9500 0.0000 64.4759 66.2164 36.5293 0.1433  6371.8105 0.0000 0.0000 0.0000 0.0000 6371.8105
2022 11 23 0 2.9500 149.8400 0.5000 2.9500 0.0000 64.4478 66.1883 36.5134 0.1433  5471.1702 0.0000 0.0000 0.0000 0.0000 5471.1702
2022 11 24 0 2.9500 172.1800 0.5000 2.9500 0.0000 64.4249 66.1654 36.5004 0.1432  6284.6383 0.0000 0.0000 0.0000 0.0000 6284.6383
2022 11 25 0 2.9500 200.3300 0.5000 2.9500 0.0000 64.4230 66.1635 36.4994 0.1432  7311.9161 0.0000 0.0000 0.0000 0.0000 7311.9161
2022 11 26 0 2.9500 196.0200 0.5000 2.9500 0.0000 64.4535 66.1940 36.5166 0.1433  7157.9839 0.0000 0.0000 0.0000 0.0000 7157.9839
2022 11 27 0 2.9500 146.0400 0.5000 2.9500 0.0000 64.5011 66.2416 36.5436 0.1434  5336.8216 0.0000 0.0000 0.0000 0.0000 5336.8216
2022 11 28 0 2.9500 195.3000 0.5000 2.9500 0.0000 64.5780 66.3185 36.5871 0.1435  7145.4670 0.0000 0.0000 0.0000 0.0000 7145.4670
2022 11 29 0 2.9500 362.5600 0.5000 2.9500 0.0000 64.6555 66.3960 36.6310 0.1437  13280.9529 0.0000 0.0000 0.0000 0.0000 13280.9529
2022 11 30 0 2.9500 364.6000 0.5000 2.9500 0.0000 64.6879 66.4284 36.6494 0.1438  13362.3891 0.0000 0.0000 0.0000 0.0000 13362.3891
2022 12 1 0 2.9500 349.6500 0.5000 2.9500 0.0000 64.6924 66.4329 36.6520 0.1438  12815.3696 0.0000 0.0000 0.0000 0.0000 12815.3696
2022 12 2 0 2.9500 324.9900 0.5000 2.9500 0.0000 64.6828 66.4233 36.6466 0.1438  11909.7637 0.0000 0.0000 0.0000 0.0000 11909.7637
2022 12 3 0 2.9500 268.8200 0.5000 2.9500 0.0000 64.6650 66.4055 36.6364 0.1437  9848.6053 0.0000 0.0000 0.0000 0.0000 9848.6053
2022 12 4 0 2.9500 271.5000 0.5000 2.9500 0.0000 64.6416 66.3821 36.6232 0.1437  9943.1932 0.0000 0.0000 0.0000 0.0000 9943.1932
2022 12 5 0 2.9500 290.7800 0.5000 2.9500 0.0000 64.6144 66.3549 36.6078 0.1436  10644.8127 0.0000 0.0000 0.0000 0.0000 10644.8127
2022 12 6 0 2.9500 346.8000 0.5000 2.9500 0.0000 64.5855 66.3260 36.5914 0.1436  12689.9018 0.0000 0.0000 0.0000 0.0000 12689.9018
2022 12 7 0 2.9500 334.1100 0.5000 2.9500 0.0000 64.5561 66.2966 36.5747 0.1435  12219.9891 0.0000 0.0000 0.0000 0.0000 12219.9891
2022 12 8 0 2.9500 399.0300 0.5000 2.9500 0.0000 64.5274 66.2679 36.5585 0.1434  14587.9345 0.0000 0.0000 0.0000 0.0000 14587.9345
2022 12 9 0 2.9500 418.6900 0.5000 2.9500 0.0000 64.5012 66.2417 36.5436 0.1434  15300.4485 0.0000 0.0000 0.0000 0.0000 15300.4485
2022 12 10 0 2.9500 362.9800 0.5000 2.9500 0.0000 64.4761 66.2166 36.5294 0.1433  13259.4581 0.0000 0.0000 0.0000 0.0000 13259.4581
2022 12 11 0 2.9500 338.6100 0.5000 2.9500 0.0000 64.4523 66.1928 36.5160 0.1433  12364.6696 0.0000 0.0000 0.0000 0.0000 12364.6696
2022 12 12 0 2.9500 446.1100 0.5000 2.9500 0.0000 64.4301 66.1706 36.5033 0.1432  16284.5084 0.0000 0.0000 0.0000 0.0000 16284.5084
2022 12 13 0 2.9500 458.6300 0.5000 2.9500 0.0000 64.4071 66.1476 36.4903 0.1432  16735.5603 0.0000 0.0000 0.0000 0.0000 16735.5603
2022 12 14 0 2.9500 451.4100 0.5000 2.9500 0.0000 64.3824 66.1229 36.4763 0.1431  16465.7792 0.0000 0.0000 0.0000 0.0000 16465.7792
2022 12 15 0 2.9500 396.6100 0.5000 2.9500 0.0000 64.3553 66.0958 36.4610 0.1431  14460.7945 0.0000 0.0000 0.0000 0.0000 14460.7945
2022 12 16 0 2.9500 413.8400 0.5000 2.9500 0.0000 64.3252 66.0657 36.4439 0.1430  15081.9540 0.0000 0.0000 0.0000 0.0000 15081.9540
2022 12 17 0 2.9500 254.6500 0.5000 2.9500 0.0000 64.2930 66.0335 36.4257 0.1429  9275.8041 0.0000 0.0000 0.0000 0.0000 9275.8041
2022 12 18 0 2.9500 206.4000 0.5000 2.9500 0.0000 64.2604 66.0009 36.4072 0.1428  7514.4544 0.0000 0.0000 0.0000 0.0000 7514.4544
2022 12 19 0 2.9500 211.4800 0.5000 2.9500 0.0000 64.2280 65.9685 36.3888 0.1428  7695.5121 0.0000 0.0000 0.0000 0.0000 7695.5121
2022 12 20 0 2.9500 205.2500 0.5000 2.9500 0.0000 64.1964 65.9369 36.3710 0.1427  7465.1400 0.0000 0.0000 0.0000 0.0000 7465.1400
2022 12 21 0 2.9500 223.3000 0.5000 2.9500 0.0000 64.1689 65.9094 36.3554 0.1426  8118.1604 0.0000 0.0000 0.0000 0.0000 8118.1604
2022 12 22 0 2.9500 201.9700 0.5000 2.9500 0.0000 64.1445 65.8850 36.3416 0.1426  7339.9067 0.0000 0.0000 0.0000 0.0000 7339.9067
2022 12 23 0 2.9500 193.2900 0.5000 2.9500 0.0000 64.1164 65.8569 36.3257 0.1425  7021.3860 0.0000 0.0000 0.0000 0.0000 7021.3860
2022 12 24 0 2.9500 142.3700 0.5000 2.9500 0.0000 64.0816 65.8221 36.3059 0.1424  5168.8746 0.0000 0.0000 0.0000 0.0000 5168.8746
2022 12 25 0 2.9500 129.4400 0.5000 2.9500 0.0000 64.0425 65.7830 36.2838 0.1424  4696.5707 0.0000 0.0000 0.0000 0.0000 4696.5707
2022 12 26 0 2.9500 111.7200 0.5000 2.9500 0.0000 64.0109 65.7514 36.2659 0.1423  4051.6249 0.0000 0.0000 0.0000 0.0000 4051.6249
2022 12 27 0 2.9500 141.3500 0.5000 2.9500 0.0000 63.9872 65.7277 36.2525 0.1422  5124.2858 0.0000 0.0000 0.0000 0.0000 5124.2858
2022 12 28 0 2.9500 122.1300 0.5000 2.9500 0.0000 63.9590 65.6995 36.2364 0.1422  4425.5557 0.0000 0.0000 0.0000 0.0000 4425.5557
2022 12 29 0 2.9500 96.2800 0.5000 2.9500 0.0000 63.9259 65.6664 36.2177 0.1421  3487.0390 0.0000 0.0000 0.0000 0.0000 3487.0390
2022 12 30 0 2.9500 100.4100 0.5000 2.9500 0.0000 63.8909 65.6314 36.1979 0.1420  3634.6312 0.0000 0.0000 0.0000 0.0000 3634.6312
2022 12 31 0 2.9500 116.2200 0.5000 2.9500 0.0000 63.8613 65.6018 36.1811 0.1420  4204.9698 0.0000 0.0000 0.0000 0.0000 4204.9698
2023 1 1 0 2.9500 112.5700 0.5000 2.9500 0.0000 63.8341 65.5746 36.1657 0.1419  4071.1696 0.0000 0.0000 0.0000 0.0000 4071.1696
2023 1 2 0 2.9500 149.2600 0.5000 2.9500 0.0000 63.8009 65.5414 36.1469 0.1418  5395.2810 0.0000 0.0000 0.0000 0.0000 5395.2810
2023 1 3 0 2.9500 154.5400 0.5000 2.9500 0.0000 63.7642 65.5047 36.1261 0.1417  5582.9263 0.0000 0.0000 0.0000 0.0000 5582.9263
2023 1 4 0 2.9500 114.6400 0.5000 2.9500 0.0000 63.7255 65.4660 36.1042 0.1417  4138.9814 0.0000 0.0000 0.0000 0.0000 4138.9814
2023 1 5 0 2.9500 144.1600 0.5000 2.9500 0.0000 63.6873 65.4278 36.0825 0.1416  5201.6568 0.0000 0.0000 0.0000 0.0000 5201.6568
2023 1 6 0 2.9500 126.0400 0.5000 2.9500 0.0000 63.6493 65.3898 36.0610 0.1415  4545.1285 0.0000 0.0000 0.0000 0.0000 4545.1285
2023 1 7 0 2.9500 102.5400 0.5000 2.9500 0.0000 63.6110 65.3515 36.0393 0.1414  3695.4701 0.0000 0.0000 0.0000 0.0000 3695.4701
2023 1 8 0 2.9500 75.8000 0.5000 2.9500 0.0000 63.5930 65.3335 36.0291 0.1414  2731.0073 0.0000 0.0000 0.0000 0.0000 2731.0073
2023 1 9 0 2.9500 133.2800 0.5000 2.9500 0.0000 63.6115 65.3520 36.0396 0.1414  4803.3567 0.0000 0.0000 0.0000 0.0000 4803.3567
2023 1 10 0 2.9500 130.4400 0.5000 2.9500 0.0000 63.6335 65.3740 36.0520 0.1414  4702.6271 0.0000 0.0000 0.0000 0.0000 4702.6271
2023 1 11 0 2.9500 96.6800 0.5000 2.9500 0.0000 63.6355 65.3760 36.0532 0.1415  3485.6223 0.0000 0.0000 0.0000 0.0000 3485.6223
2023 1 12 0 2.9500 89.9500 0.5000 2.9500 0.0000 63.6269 65.3674 36.0483 0.1414  3242.5470 0.0000 0.0000 0.0000 0.0000 3242.5470
2023 1 13 0 2.9500 82.8000 0.5000 2.9500 0.0000 63.6106 65.3511 36.0391 0.1414  2984.0352 0.0000 0.0000 0.0000 0.0000 2984.0352
2023 1 14 0 2.9500 94.7100 0.5000 2.9500 0.0000 63.5876 65.3281 36.0261 0.1413  3412.0273 0.0000 0.0000 0.0000 0.0000 3412.0273
2023 1 15 0 2.9500 70.7800 0.5000 2.9500 0.0000 63.5608 65.3013 36.0108 0.1413  2548.8468 0.0000 0.0000 0.0000 0.0000 2548.8468
2023 1 16 0 2.9500 139.7600 0.5000 2.9500 0.0000 63.5326 65.2731 35.9949 0.1412  5030.6421 0.0000 0.0000 0.0000 0.0000 5030.6421
2023 1 17 0 2.9500 134.1900 0.5000 2.9500 0.0000 63.5031 65.2436 35.9781 0.1412  4827.9071 0.0000 0.0000 0.0000 0.0000 4827.9071
2023 1 18 0 2.9500 138.3800 0.5000 2.9500 0.0000 63.4728 65.2133 35.9610 0.1411  4976.2855 0.0000 0.0000 0.0000 0.0000 4976.2855
2023 1 19 0 2.9500 148.5600 0.5000 2.9500 0.0000 63.4407 65.1812 35.9428 0.1410  5339.6607 0.0000 0.0000 0.0000 0.0000 5339.6607
2023 1 20 0 2.9500 162.5000 0.5000 2.9500 0.0000 63.4056 65.1461 35.9229 0.1409  5837.4783 0.0000 0.0000 0.0000 0.0000 5837.4783
2023 1 21 0 2.9500 150.1900 0.5000 2.9500 0.0000 63.3692 65.1097 35.9023 0.1409  5392.1645 0.0000 0.0000 0.0000 0.0000 5392.1645
2023 1 22 0 2.9500 151.8000 0.5000 2.9500 0.0000 63.3316 65.0721 35.8810 0.1408  5446.7350 0.0000 0.0000 0.0000 0.0000 5446.7350
2023 1 23 0 2.9500 197.7300 0.5000 2.9500 0.0000 63.2945 65.0350 35.8600 0.1407  7090.5957 0.0000 0.0000 0.0000 0.0000 7090.5957
2023 1 24 0 2.9500 184.5400 0.5000 2.9500 0.0000 63.2573 64.9978 35.8389 0.1406  6613.7157 0.0000 0.0000 0.0000 0.0000 6613.7157
2023 1 25 0 2.9500 137.5700 0.5000 2.9500 0.0000 63.2197 64.9602 35.8176 0.1405  4927.4245 0.0000 0.0000 0.0000 0.0000 4927.4245
2023 1 26 0 2.9500 132.3800 0.5000 2.9500 0.0000 63.1845 64.9250 35.7977 0.1404  4738.8962 0.0000 0.0000 0.0000 0.0000 4738.8962
2023 1 27 0 2.9500 154.0500 0.5000 2.9500 0.0000 63.1507 64.8912 35.7785 0.1404  5511.6814 0.0000 0.0000 0.0000 0.0000 5511.6814
2023 1 28 0 2.9500 116.8100 0.5000 2.9500 0.0000 63.1152 64.8557 35.7584 0.1403  4176.9370 0.0000 0.0000 0.0000 0.0000 4176.9370
2023 1 29 0 2.9500 102.3700 0.5000 2.9500 0.0000 63.0778 64.8183 35.7372 0.1402  3658.4181 0.0000 0.0000 0.0000 0.0000 3658.4181
2023 1 30 0 2.9500 90.0000 0.5000 2.9500 0.0000 63.0409 64.7814 35.7163 0.1401  3214.4689 0.0000 0.0000 0.0000 0.0000 3214.4689
2023 1 31 0 2.9500 105.1200 0.5000 2.9500 0.0000 63.0047 64.7452 35.6958 0.1400  3752.3405 0.0000 0.0000 0.0000 0.0000 3752.3405
2023 2 1 0 2.9500 103.8300 0.5000 2.9500 0.0000 62.9668 64.7073 35.6743 0.1400  3704.0640 0.0000 0.0000 0.0000 0.0000 3704.0640
2023 2 2 0 2.9500 145.2800 0.5000 2.9500 0.0000 62.9301 64.6706 35.6535 0.1399  5179.7464 0.0000 0.0000 0.0000 0.0000 5179.7464
2023 2 3 0 2.9500 113.1000 0.5000 2.9500 0.0000 62.8939 64.6344 35.6330 0.1398  4030.0923 0.0000 0.0000 0.0000 0.0000 4030.0923
2023 2 4 0 2.9500 138.8200 0.5000 2.9500 0.0000 62.8540 64.5945 35.6104 0.1397  4943.4408 0.0000 0.0000 0.0000 0.0000 4943.4408
2023 2 5 0 2.9500 122.8300 0.5000 2.9500 0.0000 62.8119 64.5524 35.5865 0.1396  4371.0945 0.0000 0.0000 0.0000 0.0000 4371.0945
2023 2 6 0 2.9500 161.3800 0.5000 2.9500 0.0000 62.7686 64.5091 35.5620 0.1395  5738.9965 0.0000 0.0000 0.0000 0.0000 5738.9965
2023 2 7 0 2.9500 132.4500 0.5000 2.9500 0.0000 62.7241 64.4646 35.5368 0.1394  4706.8537 0.0000 0.0000 0.0000 0.0000 4706.8537
2023 2 8 0 2.9500 120.3300 0.5000 2.9500 0.0000 62.6789 64.4194 35.5112 0.1393  4273.0631 0.0000 0.0000 0.0000 0.0000 4273.0631
2023 2 9 0 2.9500 98.3400 0.5000 2.9500 0.0000 62.6346 64.3751 35.4861 0.1392  3489.7021 0.0000 0.0000 0.0000 0.0000 3489.7021
2023 2 10 0 2.9500 97.5400 0.5000 2.9500 0.0000 62.5921 64.3326 35.4620 0.1391  3458.9655 0.0000 0.0000 0.0000 0.0000 3458.9655
2023 2 11 0 2.9500 94.6300 0.5000 2.9500 0.0000 62.5509 64.2914 35.4387 0.1390  3353.5643 0.0000 0.0000 0.0000 0.0000 3353.5643
2023 2 12 0 2.9500 111.6200 0.5000 2.9500 0.0000 62.5112 64.2517 35.4162 0.1390  3953.1558 0.0000 0.0000 0.0000 0.0000 3953.1558
2023 2 13 0 2.9500 115.7800 0.5000 2.9500 0.0000 62.4722 64.2127 35.3941 0.1389  4097.9279 0.0000 0.0000 0.0000 0.0000 4097.9279
2023 2 14 0 2.9500 140.8300 0.5000 2.9500 0.0000 62.4331 64.1736 35.3719 0.1388  4981.4291 0.0000 0.0000 0.0000 0.0000 4981.4291
2023 2 15 0 2.9500 122.5300 0.5000 2.9500 0.0000 62.3921 64.1326 35.3487 0.1387  4331.2797 0.0000 0.0000 0.0000 0.0000 4331.2797
2023 2 16 0 2.9500 120.9800 0.5000 2.9500 0.0000 62.3487 64.0892 35.3241 0.1386  4273.5143 0.0000 0.0000 0.0000 0.0000 4273.5143
2023 2 17 0 2.9500 92.1200 0.5000 2.9500 0.0000 62.3061 64.0466 35.3000 0.1385  3251.8370 0.0000 0.0000 0.0000 0.0000 3251.8370
2023 2 18 0 2.9500 97.8800 0.5000 2.9500 0.0000 62.2659 64.0064 35.2772 0.1384  3452.9334 0.0000 0.0000 0.0000 0.0000 3452.9334
2023 2 19 0 2.9500 107.6300 0.5000 2.9500 0.0000 62.2271 63.9676 35.2552 0.1383  3794.5198 0.0000 0.0000 0.0000 0.0000 3794.5198
2023 2 20 0 2.9500 77.5600 0.5000 2.9500 0.0000 62.1897 63.9302 35.2340 0.1382  2732.7526 0.0000 0.0000 0.0000 0.0000 2732.7526
2023 2 21 0 2.9500 106.7100 0.5000 2.9500 0.0000 62.1540 63.8945 35.2138 0.1382  3757.6642 0.0000 0.0000 0.0000 0.0000 3757.6642
2023 2 22 0 2.9500 118.3800 0.5000 2.9500 0.0000 62.1173 63.8578 35.1930 0.1381  4166.1501 0.0000 0.0000 0.0000 0.0000 4166.1501
2023 2 23 0 2.9500 116.1600 0.5000 2.9500 0.0000 62.0790 63.8195 35.1713 0.1380  4085.5014 0.0000 0.0000 0.0000 0.0000 4085.5014
2023 2 24 0 2.9500 103.8000 0.5000 2.9500 0.0000 62.0401 63.7806 35.1493 0.1379  3648.4955 0.0000 0.0000 0.0000 0.0000 3648.4955
2023 2 25 0 2.9500 97.6000 0.5000 2.9500 0.0000 62.0019 63.7424 35.1276 0.1378  3428.4577 0.0000 0.0000 0.0000 0.0000 3428.4577
2023 2 26 0 2.9500 111.9200 0.5000 2.9500 0.0000 61.9672 63.7077 35.1080 0.1377  3929.2837 0.0000 0.0000 0.0000 0.0000 3929.2837
2023 2 27 0 2.9500 124.5700 0.5000 2.9500 0.0000 61.9348 63.6753 35.0896 0.1377  4371.1147 0.0000 0.0000 0.0000 0.0000 4371.1147
2023 2 28 0 2.9500 124.0900 0.5000 2.9500 0.0000 61.9010 63.6415 35.0705 0.1376  4351.8950 0.0000 0.0000 0.0000 0.0000 4351.8950
2023 3 1 0 2.9500 130.8400 0.5000 2.9500 0.0000 61.8647 63.6052 35.0499 0.1375  4585.9331 0.0000 0.0000 0.0000 0.0000 4585.9331
2023 3 2 0 2.9500 120.4000 0.5000 2.9500 0.0000 61.8269 63.5674 35.0285 0.1374  4217.4344 0.0000 0.0000 0.0000 0.0000 4217.4344
2023 3 3 0 2.9500 115.5800 0.5000 2.9500 0.0000 61.7871 63.5276 35.0060 0.1373  4045.9888 0.0000 0.0000 0.0000 0.0000 4045.9888
2023 3 4 0 2.9500 112.2200 0.5000 2.9500 0.0000 61.7459 63.4864 34.9826 0.1373  3925.7455 0.0000 0.0000 0.0000 0.0000 3925.7455
2023 3 5 0 2.9500 129.9600 0.5000 2.9500 0.0000 61.7051 63.4456 34.9595 0.1372  4543.3364 0.0000 0.0000 0.0000 0.0000 4543.3364
2023 3 6 0 2.9500 153.1300 0.5000 2.9500 0.0000 61.6626 63.4031 34.9354 0.1371  5349.6619 0.0000 0.0000 0.0000 0.0000 5349.6619
2023 3 7 0 2.9500 116.0800 0.5000 2.9500 0.0000 61.6156 63.3561 34.9088 0.1370  4052.2147 0.0000 0.0000 0.0000 0.0000 4052.2147
2023 3 8 0 2.9500 150.8300 0.5000 2.9500 0.0000 61.5669 63.3074 34.8812 0.1369  5261.1330 0.0000 0.0000 0.0000 0.0000 5261.1330
2023 3 9 0 2.9500 138.5100 0.5000 2.9500 0.0000 61.5177 63.2582 34.8533 0.1367  4827.5333 0.0000 0.0000 0.0000 0.0000 4827.5333
2023 3 10 0 2.9500 127.3700 0.5000 2.9500 0.0000 61.4672 63.2077 34.8247 0.1366  4435.6269 0.0000 0.0000 0.0000 0.0000 4435.6269
2023 3 11 0 2.9500 110.5300 0.5000 2.9500 0.0000 61.4161 63.1566 34.7957 0.1365  3845.9741 0.0000 0.0000 0.0000 0.0000 3845.9741
2023 3 12 0 2.9500 106.8200 0.5000 2.9500 0.0000 61.3647 63.1052 34.7666 0.1364  3713.7730 0.0000 0.0000 0.0000 0.0000 3713.7730
2023 3 13 0 2.9500 94.6800 0.5000 2.9500 0.0000 61.3135 63.0540 34.7377 0.1363  3288.9613 0.0000 0.0000 0.0000 0.0000 3288.9613
2023 3 14 0 2.9500 102.8300 0.5000 2.9500 0.0000 61.2627 63.0032 34.7088 0.1362  3569.1102 0.0000 0.0000 0.0000 0.0000 3569.1102
2023 3 15 0 2.9500 121.6400 0.5000 2.9500 0.0000 61.2117 62.9522 34.6800 0.1361  4218.4714 0.0000 0.0000 0.0000 0.0000 4218.4714
2023 3 16 0 2.9500 112.8100 0.5000 2.9500 0.0000 61.1601 62.9006 34.6507 0.1359  3908.9509 0.0000 0.0000 0.0000 0.0000 3908.9509
2023 3 17 0 2.9500 104.1500 0.5000 2.9500 0.0000 61.1090 62.8495 34.6218 0.1358  3605.8564 0.0000 0.0000 0.0000 0.0000 3605.8564
2023 3 18 0 2.9500 109.0000 0.5000 2.9500 0.0000 61.0595 62.8000 34.5937 0.1357  3770.7130 0.0000 0.0000 0.0000 0.0000 3770.7130
2023 3 19 0 2.9500 110.0900 0.5000 2.9500 0.0000 61.0112 62.7517 34.5664 0.1356  3805.4134 0.0000 0.0000 0.0000 0.0000 3805.4134
2023 3 20 0 2.9500 116.7600 0.5000 2.9500 0.0000 60.9642 62.7047 34.5397 0.1355  4032.8570 0.0000 0.0000 0.0000 0.0000 4032.8570
2023 3 21 0 2.9500 111.3100 0.5000 2.9500 0.0000 60.9180 62.6585 34.5136 0.1354  3841.7043 0.0000 0.0000 0.0000 0.0000 3841.7043
2023 3 22 0 2.9500 92.3600 0.5000 2.9500 0.0000 60.8721 62.6126 34.4876 0.1353  3185.2729 0.0000 0.0000 0.0000 0.0000 3185.2729
2023 3 23 0 2.9500 86.1100 0.5000 2.9500 0.0000 60.8275 62.5680 34.4623 0.1352  2967.5482 0.0000 0.0000 0.0000 0.0000 2967.5482
2023 3 24 0 2.9500 83.8300 0.5000 2.9500 0.0000 60.7866 62.5271 34.4391 0.1351  2887.0292 0.0000 0.0000 0.0000 0.0000 2887.0292
2023 3 25 0 2.9500 73.3600 0.5000 2.9500 0.0000 60.7507 62.4912 34.4188 0.1350  2524.9620 0.0000 0.0000 0.0000 0.0000 2524.9620
2023 3 26 0 2.9500 92.4600 0.5000 2.9500 0.0000 60.7177 62.4582 34.4001 0.1350  3180.6327 0.0000 0.0000 0.0000 0.0000 3180.6327
2023 3 27 0 2.9500 100.9400 0.5000 2.9500 0.0000 60.6856 62.4261 34.3819 0.1349  3470.5058 0.0000 0.0000 0.0000 0.0000 3470.5058
2023 3 28 0 2.9500 123.8500 0.5000 2.9500 0.0000 60.6530 62.3935 34.3634 0.1348  4255.9083 0.0000 0.0000 0.0000 0.0000 4255.9083
2023 3 29 0 2.9500 127.0200 0.5000 2.9500 0.0000 60.6162 62.3567 34.3426 0.1347  4362.1944 0.0000 0.0000 0.0000 0.0000 4362.1944
2023 3 30 0 2.9500 103.7800 0.5000 2.9500 0.0000 60.5754 62.3159 34.3194 0.1346  3561.6710 0.0000 0.0000 0.0000 0.0000 3561.6710
2023 3 31 0 2.9500 111.8200 0.5000 2.9500 0.0000 60.5378 62.2783 34.2981 0.1346  3835.2183 0.0000 0.0000 0.0000 0.0000 3835.2183
2023 4 1 0 2.9500 97.9300 0.5000 2.9500 0.0000 60.5193 62.2598 34.2877 0.1345  3357.7915 0.0000 0.0000 0.0000 0.0000 3357.7915
2023 4 2 0 2.9500 105.1000 0.5000 2.9500 0.0000 60.5146 62.2551 34.2850 0.1345  3603.3543 0.0000 0.0000 0.0000 0.0000 3603.3543
2023 4 3 0 2.9500 126.4800 0.5000 2.9500 0.0000 60.5011 62.2416 34.2774 0.1345  4335.4019 0.0000 0.0000 0.0000 0.0000 4335.4019
2023 4 4 0 2.9500 133.1300 0.5000 2.9500 0.0000 60.4737 62.2142 34.2619 0.1344  4561.2821 0.0000 0.0000 0.0000 0.0000 4561.2821
2023 4 5 0 2.9500 130.9100 0.5000 2.9500 0.0000 60.4386 62.1791 34.2420 0.1343  4482.6150 0.0000 0.0000 0.0000 0.0000 4482.6150
2023 4 6 0 2.9500 125.8900 0.5000 2.9500 0.0000 60.4004 62.1409 34.2203 0.1343  4307.9960 0.0000 0.0000 0.0000 0.0000 4307.9960
2023 4 7 0 2.9500 117.9200 0.5000 2.9500 0.0000 60.3593 62.0998 34.1970 0.1342  4032.5103 0.0000 0.0000 0.0000 0.0000 4032.5103
2023 4 8 0 2.9500 120.6500 0.5000 2.9500 0.0000 60.3164 62.0569 34.1727 0.1341  4122.9363 0.0000 0.0000 0.0000 0.0000 4122.9363
2023 4 9 0 2.9500 110.2100 0.5000 2.9500 0.0000 60.2731 62.0136 34.1482 0.1340  3763.4694 0.0000 0.0000 0.0000 0.0000 3763.4694
2023 4 10 0 2.9500 54.3700 0.5000 2.9500 0.0000 60.2305 61.9710 34.1240 0.1339  1855.3239 0.0000 0.0000 0.0000 0.0000 1855.3239
2023 4 11 0 2.9500 84.4600 0.5000 2.9500 0.0000 60.2153 61.9558 34.1154 0.1338  2881.3881 0.0000 0.0000 0.0000 0.0000 2881.3881
2023 4 12 0 2.9500 111.9800 0.5000 2.9500 0.0000 60.2229 61.9634 34.1198 0.1339  3820.7305 0.0000 0.0000 0.0000 0.0000 3820.7305
2023 4 13 0 2.9500 107.2100 0.5000 2.9500 0.0000 60.2268 61.9673 34.1220 0.1339  3658.2148 0.0000 0.0000 0.0000 0.0000 3658.2148
2023 4 14 0 2.9500 118.9300 0.5000 2.9500 0.0000 60.2363 61.9768 34.1273 0.1339  4058.7641 0.0000 0.0000 0.0000 0.0000 4058.7641
2023 4 15 0 2.9500 111.6600 0.5000 2.9500 0.0000 60.2502 61.9907 34.1352 0.1339  3811.5372 0.0000 0.0000 0.0000 0.0000 3811.5372
2023 4 16 0 2.9500 115.1500 0.5000 2.9500 0.0000 60.2630 62.0035 34.1424 0.1340  3931.5018 0.0000 0.0000 0.0000 0.0000 3931.5018
2023 4 17 0 2.9500 125.4800 0.5000 2.9500 0.0000 60.2780 62.0185 34.1509 0.1340  4285.2605 0.0000 0.0000 0.0000 0.0000 4285.2605
2023 4 18 0 2.9500 114.7600 0.5000 2.9500 0.0000 60.2975 62.0380 34.1620 0.1340  3920.4306 0.0000 0.0000 0.0000 0.0000 3920.4306
2023 4 19 0 2.9500 108.7500 0.5000 2.9500 0.0000 60.3214 62.0619 34.1755 0.1341  3716.5894 0.0000 0.0000 0.0000 0.0000 3716.5894
2023 4 20 0 2.9500 111.1600 0.5000 2.9500 0.0000 60.3513 62.0918 34.1925 0.1342  3800.8371 0.0000 0.0000 0.0000 0.0000 3800.8371
2023 4 21 0 2.9500 107.9900 0.5000 2.9500 0.0000 60.3908 62.1313 34.2149 0.1342  3694.8649 0.0000 0.0000 0.0000 0.0000 3694.8649
2023 4 22 0 2.9500 98.4000 0.5000 2.9500 0.0000 60.4422 62.1827 34.2440 0.1344  3369.6081 0.0000 0.0000 0.0000 0.0000 3369.6081
2023 4 23 0 2.9500 97.8600 0.5000 2.9500 0.0000 60.5179 62.2584 34.2869 0.1345  3355.3121 0.0000 0.0000 0.0000 0.0000 3355.3121
2023 4 24 0 2.9500 116.5300 0.5000 2.9500 0.0000 60.6132 62.3537 34.3408 0.1347  4001.7385 0.0000 0.0000 0.0000 0.0000 4001.7385
2023 4 25 0 2.9500 104.4700 0.5000 2.9500 0.0000 60.7028 62.4433 34.3916 0.1349  3592.8953 0.0000 0.0000 0.0000 0.0000 3592.8953
2023 4 26 0 2.9500 114.3700 0.5000 2.9500 0.0000 60.7752 62.5157 34.4327 0.1351  3938.0646 0.0000 0.0000 0.0000 0.0000 3938.0646
2023 4 27 0 2.9500 123.3800 0.5000 2.9500 0.0000 60.8265 62.5670 34.4617 0.1352  4251.8865 0.0000 0.0000 0.0000 0.0000 4251.8865
2023 4 28 0 2.9500 121.7100 0.5000 2.9500 0.0000 60.8598 62.6003 34.4806 0.1353  4196.6312 0.0000 0.0000 0.0000 0.0000 4196.6312
2023 4 29 0 2.9500 112.7000 0.5000 2.9500 0.0000 60.8816 62.6221 34.4930 0.1353  3887.3566 0.0000 0.0000 0.0000 0.0000 3887.3566
2023 4 30 0 2.9500 99.7900 0.5000 2.9500 0.0000 60.8964 62.6369 34.5013 0.1354  3442.8841 0.0000 0.0000 0.0000 0.0000 3442.8841
2023 5 1 0 2.9500 106.3400 0.5000 2.9500 0.0000 60.9071 62.6476 34.5074 0.1354  3669.5135 0.0000 0.0000 0.0000 0.0000 3669.5135
2023 5 2 0 2.9500 121.7900 0.5000 2.9500 0.0000 60.9172 62.6577 34.5131 0.1354  4203.3501 0.0000 0.0000 0.0000 0.0000 4203.3501
2023 5 3 0 2.9500 118.1800 0.5000 2.9500 0.0000 60.9295 62.6700 34.5201 0.1354  4079.5852 0.0000 0.0000 0.0000 0.0000 4079.5852
2023 5 4 0 2.9500 112.1600 0.5000 2.9500 0.0000 60.9443 62.6848 34.5284 0.1355  3872.7089 0.0000 0.0000 0.0000 0.0000 3872.7089
2023 5 5 0 2.9500 97.5700 0.5000 2.9500 0.0000 60.9571 62.6976 34.5357 0.1355  3369.6503 0.0000 0.0000 0.0000 0.0000 3369.6503
2023 5 6 0 2.9500 94.9300 0.5000 2.9500 0.0000 60.9646 62.7051 34.5399 0.1355  3278.8770 0.0000 0.0000 0.0000 0.0000 3278.8770
2023 5 7 0 2.9500 88.0500 0.5000 2.9500 0.0000 60.9698 62.7103 34.5429 0.1355  3041.5021 0.0000 0.0000 0.0000 0.0000 3041.5021
2023 5 8 0 2.9500 102.0400 0.5000 2.9500 0.0000 60.9796 62.7201 34.5485 0.1355  3525.3239 0.0000 0.0000 0.0000 0.0000 3525.3239
2023 5 9 0 2.9500 96.1600 0.5000 2.9500 0.0000 61.0080 62.7485 34.5645 0.1356  3323.7259 0.0000 0.0000 0.0000 0.0000 3323.7259
2023 5 10 0 2.9500 94.0200 0.5000 2.9500 0.0000 61.0875 62.8280 34.6096 0.1358  3253.9954 0.0000 0.0000 0.0000 0.0000 3253.9954
2023 5 11 0 2.9500 101.3600 0.5000 2.9500 0.0000 61.2146 62.9551 34.6816 0.1361  3515.3259 0.0000 0.0000 0.0000 0.0000 3515.3259
2023 5 12 0 2.9500 91.5000 0.5000 2.9500 0.0000 61.3610 63.1015 34.7646 0.1364  3180.9574 0.0000 0.0000 0.0000 0.0000 3180.9574
2023 5 13 0 2.9500 74.6100 0.5000 2.9500 0.0000 61.5224 63.2629 34.8560 0.1368  2600.6049 0.0000 0.0000 0.0000 0.0000 2600.6049
2023 5 14 0 2.9500 72.7500 0.5000 2.9500 0.0000 61.6884 63.4289 34.9500 0.1371  2542.6130 0.0000 0.0000 0.0000 0.0000 2542.6130
2023 5 15 0 2.9500 94.8900 0.5000 2.9500 0.0000 61.8595 63.6000 35.0470 0.1375  3325.6081 0.0000 0.0000 0.0000 0.0000 3325.6081
2023 5 16 0 2.9500 63.0700 0.5000 2.9500 0.0000 62.0470 63.7875 35.1532 0.1379  2217.1133 0.0000 0.0000 0.0000 0.0000 2217.1133
2023 5 17 0 2.9500 54.3000 0.5000 2.9500 0.0000 62.2261 63.9666 35.2546 0.1383  1914.3273 0.0000 0.0000 0.0000 0.0000 1914.3273
2023 5 18 0 2.9500 88.1100 0.5000 2.9500 0.0000 62.3663 64.1068 35.3341 0.1386  3113.2867 0.0000 0.0000 0.0000 0.0000 3113.2867
2023 5 19 0 2.9500 92.9400 0.5000 2.9500 0.0000 62.4753 64.2158 35.3959 0.1389  3289.6937 0.0000 0.0000 0.0000 0.0000 3289.6937
2023 5 20 0 2.9500 52.6300 0.5000 2.9500 0.0000 62.5743 64.3148 35.4520 0.1391  1865.8363 0.0000 0.0000 0.0000 0.0000 1865.8363
2023 5 21 0 2.9500 37.1300 0.5000 2.9500 0.0000 62.6708 64.4113 35.5066 0.1393  1318.3613 0.0000 0.0000 0.0000 0.0000 1318.3613
2023 5 22 0 2.9500 84.4700 0.5000 2.9500 0.0000 62.7650 64.5055 35.5600 0.1395  3003.7515 0.0000 0.0000 0.0000 0.0000 3003.7515
2023 5 23 0 2.9500 63.0000 0.5000 2.9500 0.0000 62.8831 64.6236 35.6269 0.1398  2244.4963 0.0000 0.0000 0.0000 0.0000 2244.4963
2023 5 24 0 2.9500 82.4800 0.5000 2.9500 0.0000 63.0214 64.7619 35.7053 0.1401  2944.9707 0.0000 0.0000 0.0000 0.0000 2944.9707
2023 5 25 0 2.9500 57.6600 0.5000 2.9500 0.0000 63.1468 64.8873 35.7763 0.1404  2062.8628 0.0000 0.0000 0.0000 0.0000 2062.8628
2023 5 26 0 2.9500 61.9200 0.5000 2.9500 0.0000 63.2567 64.9972 35.8386 0.1406  2219.1249 0.0000 0.0000 0.0000 0.0000 2219.1249
2023 5 27 0 2.9500 61.7400 0.5000 2.9500 0.0000 63.3505 65.0910 35.8917 0.1408  2215.9535 0.0000 0.0000 0.0000 0.0000 2215.9535
2023 5 28 0 2.9500 48.1500 0.5000 2.9500 0.0000 63.4227 65.1632 35.9326 0.1410  1730.1550 0.0000 0.0000 0.0000 0.0000 1730.1550
2023 5 29 0 2.9500 41.9900 0.5000 2.9500 0.0000 63.4714 65.2119 35.9602 0.1411  1509.9691 0.0000 0.0000 0.0000 0.0000 1509.9691
2023 5 30 0 2.9500 85.7800 0.5000 2.9500 0.0000 63.5010 65.2415 35.9770 0.1412  3086.1058 0.0000 0.0000 0.0000 0.0000 3086.1058
2023 5 31 0 2.9500 60.1500 0.5000 2.9500 0.0000 63.5181 65.2586 35.9866 0.1412  2164.5970 0.0000 0.0000 0.0000 0.0000 2164.5970
2023 6 1 0 2.9500 67.1300 0.5000 2.9500 0.0000 63.5259 65.2664 35.9911 0.1412  2416.0827 0.0000 0.0000 0.0000 0.0000 2416.0827
2023 6 2 0 2.9500 80.9600 0.5000 2.9500 0.0000 63.5254 65.2659 35.9908 0.1412  2913.8163 0.0000 0.0000 0.0000 0.0000 2913.8163
2023 6 3 0 2.9500 62.3200 0.5000 2.9500 0.0000 63.5166 65.2571 35.9858 0.1412  2242.6374 0.0000 0.0000 0.0000 0.0000 2242.6374
2023 6 4 0 2.9500 61.2100 0.5000 2.9500 0.0000 63.5011 65.2416 35.9770 0.1412  2202.1548 0.0000 0.0000 0.0000 0.0000 2202.1548
2023 6 5 0 2.9500 87.8500 0.5000 2.9500 0.0000 63.4804 65.2209 35.9653 0.1411  3159.5513 0.0000 0.0000 0.0000 0.0000 3159.5513
2023 6 6 0 2.9500 90.1800 0.5000 2.9500 0.0000 63.4550 65.1955 35.9509 0.1411  3242.0513 0.0000 0.0000 0.0000 0.0000 3242.0513
2023 6 7 0 2.9500 96.7800 0.5000 2.9500 0.0000 63.4250 65.1655 35.9339 0.1410  3477.6864 0.0000 0.0000 0.0000 0.0000 3477.6864
2023 6 8 0 2.9500 89.0900 0.5000 2.9500 0.0000 63.3911 65.1316 35.9147 0.1409  3199.6429 0.0000 0.0000 0.0000 0.0000 3199.6429
2023 6 9 0 2.9500 88.9200 0.5000 2.9500 0.0000 63.3536 65.0941 35.8935 0.1408  3191.6492 0.0000 0.0000 0.0000 0.0000 3191.6492
2023 6 10 0 2.9500 61.8300 0.5000 2.9500 0.0000 63.3129 65.0534 35.8704 0.1407  2217.8672 0.0000 0.0000 0.0000 0.0000 2217.8672
2023 6 11 0 2.9500 47.6500 0.5000 2.9500 0.0000 63.2694 65.0099 35.8458 0.1406  1708.0503 0.0000 0.0000 0.0000 0.0000 1708.0503
2023 6 12 0 2.9500 88.7900 0.5000 2.9500 0.0000 63.2235 64.9640 35.8198 0.1405  3180.4380 0.0000 0.0000 0.0000 0.0000 3180.4380
2023 6 13 0 2.9500 99.0700 0.5000 2.9500 0.0000 63.1757 64.9162 35.7927 0.1404  3545.9825 0.0000 0.0000 0.0000 0.0000 3545.9825
2023 6 14 0 2.9500 105.6600 0.5000 2.9500 0.0000 63.1263 64.8668 35.7647 0.1403  3778.8976 0.0000 0.0000 0.0000 0.0000 3778.8976
2023 6 15 0 2.9500 116.5000 0.5000 2.9500 0.0000 63.0756 64.8161 35.7359 0.1402  4163.2365 0.0000 0.0000 0.0000 0.0000 4163.2365
2023 6 16 0 2.9500 123.1200 0.5000 2.9500 0.0000 63.0240 64.7645 35.7067 0.1401  4396.2110 0.0000 0.0000 0.0000 0.0000 4396.2110
2023 6 17 0 2.9500 107.5100 0.5000 2.9500 0.0000 62.9718 64.7123 35.6771 0.1400  3835.6503 0.0000 0.0000 0.0000 0.0000 3835.6503
2023 6 18 0 2.9500 102.7200 0.5000 2.9500 0.0000 62.9191 64.6596 35.6473 0.1399  3661.6899 0.0000 0.0000 0.0000 0.0000 3661.6899
2023 6 19 0 2.9500 116.7200 0.5000 2.9500 0.0000 62.8660 64.6065 35.6172 0.1397  4157.2402 0.0000 0.0000 0.0000 0.0000 4157.2402
2023 6 20 0 2.9500 131.3100 0.5000 2.9500 0.0000 62.8128 64.5533 35.5871 0.1396  4672.9366 0.0000 0.0000 0.0000 0.0000 4672.9366
2023 6 21 0 2.9500 131.9100 0.5000 2.9500 0.0000 62.7602 64.5007 35.5573 0.1395  4690.3583 0.0000 0.0000 0.0000 0.0000 4690.3583
2023 6 22 0 2.9500 129.3300 0.5000 2.9500 0.0000 62.7120 64.4525 35.5299 0.1394  4595.0885 0.0000 0.0000 0.0000 0.0000 4595.0885
2023 6 23 0 2.9500 112.7300 0.5000 2.9500 0.0000 62.6659 64.4064 35.5039 0.1393  4002.3496 0.0000 0.0000 0.0000 0.0000 4002.3496
2023 6 24 0 2.9500 91.6000 0.5000 2.9500 0.0000 62.6167 64.3572 35.4760 0.1392  3249.5984 0.0000 0.0000 0.0000 0.0000 3249.5984
2023 6 25 0 2.9500 78.9200 0.5000 2.9500 0.0000 62.5651 64.3056 35.4467 0.1391  2797.4571 0.0000 0.0000 0.0000 0.0000 2797.4571
2023 6 26 0 2.9500 97.3600 0.5000 2.9500 0.0000 62.5124 64.2529 35.4169 0.1390  3448.1883 0.0000 0.0000 0.0000 0.0000 3448.1883
2023 6 27 0 2.9500 97.1000 0.5000 2.9500 0.0000 62.4597 64.2002 35.3870 0.1388  3436.0808 0.0000 0.0000 0.0000 0.0000 3436.0808
2023 6 28 0 2.9500 110.3800 0.5000 2.9500 0.0000 62.4070 64.1475 35.3572 0.1387  3902.7250 0.0000 0.0000 0.0000 0.0000 3902.7250
2023 6 29 0 2.9500 115.5800 0.5000 2.9500 0.0000 62.3540 64.0945 35.3271 0.1386  4083.1116 0.0000 0.0000 0.0000 0.0000 4083.1116
2023 6 30 0 2.9500 106.1600 0.5000 2.9500 0.0000 62.3015 64.0420 35.2974 0.1385  3747.1727 0.0000 0.0000 0.0000 0.0000 3747.1727
2023 7 1 0 2.9500 61.0800 0.5000 2.9500 0.0000 62.2494 63.9899 35.2679 0.1384  2154.1632 0.0000 0.0000 0.0000 0.0000 2154.1632
2023 7 2 0 2.9500 15.9100 0.5000 2.9500 0.0000 62.1976 63.9381 35.2385 0.1383  560.6446 0.0000 0.0000 0.0000 0.0000 560.6446
2023 7 3 0 2.9500 50.3200 0.5000 2.9500 0.0000 62.1460 63.8865 35.2093 0.1381  1771.7311 0.0000 0.0000 0.0000 0.0000 1771.7311
2023 7 4 0 2.9500 83.2500 0.5000 2.9500 0.0000 62.0956 63.8361 35.1808 0.1380  2928.7981 0.0000 0.0000 0.0000 0.0000 2928.7981
2023 7 5 0 2.9500 80.5300 0.5000 2.9500 0.0000 62.0465 63.7870 35.1529 0.1379  2830.8651 0.0000 0.0000 0.0000 0.0000 2830.8651
2023 7 6 0 2.9500 96.7500 0.5000 2.9500 0.0000 61.9980 63.7385 35.1254 0.1378  3398.3865 0.0000 0.0000 0.0000 0.0000 3398.3865
2023 7 7 0 2.9500 101.0400 0.5000 2.9500 0.0000 61.9506 63.6911 35.0986 0.1377  3546.3620 0.0000 0.0000 0.0000 0.0000 3546.3620
2023 7 8 0 2.9500 87.4600 0.5000 2.9500 0.0000 61.9050 63.6455 35.0727 0.1376  3067.4610 0.0000 0.0000 0.0000 0.0000 3067.4610
2023 7 9 0 2.9500 94.0500 0.5000 2.9500 0.0000 61.8606 63.6011 35.0476 0.1375  3296.2287 0.0000 0.0000 0.0000 0.0000 3296.2287
2023 7 10 0 2.9500 98.2100 0.5000 2.9500 0.0000 61.8158 63.5563 35.0222 0.1374  3439.5320 0.0000 0.0000 0.0000 0.0000 3439.5320
2023 7 11 0 2.9500 89.8900 0.5000 2.9500 0.0000 61.7717 63.5122 34.9972 0.1373  3145.9002 0.0000 0.0000 0.0000 0.0000 3145.9002
2023 7 12 0 2.9500 76.6900 0.5000 2.9500 0.0000 61.7328 63.4733 34.9752 0.1372  2682.2464 0.0000 0.0000 0.0000 0.0000 2682.2464
2023 7 13 0 2.9500 83.4900 0.5000 2.9500 0.0000 61.6962 63.4367 34.9545 0.1371  2918.3480 0.0000 0.0000 0.0000 0.0000 2918.3480
2023 7 14 0 2.9500 85.4800 0.5000 2.9500 0.0000 61.6564 63.3969 34.9319 0.1371  2985.9786 0.0000 0.0000 0.0000 0.0000 2985.9786
2023 7 15 0 2.9500 33.3300 0.5000 2.9500 0.0000 61.6178 63.3583 34.9100 0.1370  1163.5512 0.0000 0.0000 0.0000 0.0000 1163.5512
2023 7 16 0 2.9500 17.8600 0.5000 2.9500 0.0000 61.5959 63.3364 34.8976 0.1369  623.2719 0.0000 0.0000 0.0000 0.0000 623.2719
2023 7 17 0 2.9500 30.5600 0.5000 2.9500 0.0000 61.6002 63.3407 34.9001 0.1369  1066.5462 0.0000 0.0000 0.0000 0.0000 1066.5462
2023 7 18 0 2.9500 64.7000 0.5000 2.9500 0.0000 61.6112 63.3517 34.9063 0.1370  2258.4389 0.0000 0.0000 0.0000 0.0000 2258.4389
2023 7 19 0 2.9500 77.7600 0.5000 2.9500 0.0000 61.6093 63.3498 34.9052 0.1369  2714.2302 0.0000 0.0000 0.0000 0.0000 2714.2302
2023 7 20 0 2.9500 64.6700 0.5000 2.9500 0.0000 61.5954 63.3359 34.8974 0.1369  2256.8118 0.0000 0.0000 0.0000 0.0000 2256.8118
2023 7 21 0 2.9500 83.1300 0.5000 2.9500 0.0000 61.5738 63.3143 34.8851 0.1369  2899.9972 0.0000 0.0000 0.0000 0.0000 2899.9972
2023 7 22 0 2.9500 75.6300 0.5000 2.9500 0.0000 61.5467 63.2872 34.8698 0.1368  2637.1994 0.0000 0.0000 0.0000 0.0000 2637.1994
2023 7 23 0 2.9500 33.2000 0.5000 2.9500 0.0000 61.5171 63.2576 34.8530 0.1367  1157.1188 0.0000 0.0000 0.0000 0.0000 1157.1188
2023 7 24 0 2.9500 69.9000 0.5000 2.9500 0.0000 61.4853 63.2258 34.8350 0.1367  2434.9651 0.0000 0.0000 0.0000 0.0000 2434.9651
2023 7 25 0 2.9500 60.2500 0.5000 2.9500 0.0000 61.4499 63.1904 34.8149 0.1366  2097.5978 0.0000 0.0000 0.0000 0.0000 2097.5978
2023 7 26 0 2.9500 69.5200 0.5000 2.9500 0.0000 61.4114 63.1519 34.7931 0.1365  2418.8153 0.0000 0.0000 0.0000 0.0000 2418.8153
2023 7 27 0 2.9500 87.3400 0.5000 2.9500 0.0000 61.3707 63.1112 34.7701 0.1364  3036.8168 0.0000 0.0000 0.0000 0.0000 3036.8168
2023 7 28 0 2.9500 86.7600 0.5000 2.9500 0.0000 61.3278 63.0683 34.7458 0.1363  3014.5419 0.0000 0.0000 0.0000 0.0000 3014.5419
2023 7 29 0 2.9500 74.6100 0.5000 2.9500 0.0000 61.2828 63.0233 34.7202 0.1362  2590.4771 0.0000 0.0000 0.0000 0.0000 2590.4771
2023 7 30 0 2.9500 39.5200 0.5000 2.9500 0.0000 61.2366 62.9771 34.6941 0.1361  1371.1103 0.0000 0.0000 0.0000 0.0000 1371.1103
2023 7 31 0 2.9500 69.3300 0.5000 2.9500 0.0000 61.1927 62.9332 34.6692 0.1360  2403.6162 0.0000 0.0000 0.0000 0.0000 2403.6162
2023 8 1 0 2.9500 73.8700 0.5000 2.9500 0.0000 61.1494 62.8899 34.6447 0.1359  2559.2021 0.0000 0.0000 0.0000 0.0000 2559.2021
2023 8 2 0 2.9500 64.7500 0.5000 2.9500 0.0000 61.1025 62.8430 34.6181 0.1358  2241.5230 0.0000 0.0000 0.0000 0.0000 2241.5230
2023 8 3 0 2.9500 43.5500 0.5000 2.9500 0.0000 61.0531 62.7936 34.5901 0.1357  1506.3993 0.0000 0.0000 0.0000 0.0000 1506.3993
2023 8 4 0 2.9500 62.1300 0.5000 2.9500 0.0000 61.0025 62.7430 34.5614 0.1356  2147.3005 0.0000 0.0000 0.0000 0.0000 2147.3005
2023 8 5 0 2.9500 76.9400 0.5000 2.9500 0.0000 60.9513 62.6918 34.5324 0.1355  2656.9247 0.0000 0.0000 0.0000 0.0000 2656.9247
2023 8 6 0 2.9500 57.5500 0.5000 2.9500 0.0000 60.8997 62.6402 34.5032 0.1354  1985.6593 0.0000 0.0000 0.0000 0.0000 1985.6593
2023 8 7 0 2.9500 16.8300 0.5000 2.9500 0.0000 60.8476 62.5881 34.4737 0.1353  580.1923 0.0000 0.0000 0.0000 0.0000 580.1923
2023 8 8 0 2.9500 0.0400 0.5000 2.9500 0.0000 60.8010 62.5415 34.4473 0.1352  1.3779 0.0000 0.0000 0.0000 0.0000 1.3779
2023 8 9 0 2.9500 14.7000 0.5000 2.9500 0.0000 60.7606 62.5011 34.4244 0.1351  506.0386 0.0000 0.0000 0.0000 0.0000 506.0386
2023 8 10 0 2.9500 51.2900 0.5000 2.9500 0.0000 60.7198 62.4603 34.4013 0.1350  1764.4402 0.0000 0.0000 0.0000 0.0000 1764.4402
2023 8 11 0 2.9500 72.3800 0.5000 2.9500 0.0000 60.6778 62.4183 34.3775 0.1349  2488.2412 0.0000 0.0000 0.0000 0.0000 2488.2412
2023 8 12 0 2.9500 69.7000 0.5000 2.9500 0.0000 60.6340 62.3745 34.3526 0.1348  2394.3795 0.0000 0.0000 0.0000 0.0000 2394.3795
2023 8 13 0 2.9500 63.1900 0.5000 2.9500 0.0000 60.5870 62.3275 34.3260 0.1347  2169.0619 0.0000 0.0000 0.0000 0.0000 2169.0619
2023 8 14 0 2.9500 85.9500 0.5000 2.9500 0.0000 60.5386 62.2791 34.2986 0.1346  2947.9650 0.0000 0.0000 0.0000 0.0000 2947.9650
2023 8 15 0 2.9500 82.7300 0.5000 2.9500 0.0000 60.5001 62.2406 34.2768 0.1345  2835.7191 0.0000 0.0000 0.0000 0.0000 2835.7191
2023 8 16 0 2.9500 93.5300 0.5000 2.9500 0.0000 60.4762 62.2167 34.2633 0.1344  3204.6420 0.0000 0.0000 0.0000 0.0000 3204.6420
2023 8 17 0 2.9500 92.9900 0.5000 2.9500 0.0000 60.4532 62.1937 34.2502 0.1344  3184.9291 0.0000 0.0000 0.0000 0.0000 3184.9291
2023 8 18 0 2.9500 84.3900 0.5000 2.9500 0.0000 60.4238 62.1643 34.2336 0.1343  2888.9709 0.0000 0.0000 0.0000 0.0000 2888.9709
2023 8 19 0 2.9500 48.8800 0.5000 2.9500 0.0000 60.3907 62.1312 34.2148 0.1342  1672.4206 0.0000 0.0000 0.0000 0.0000 1672.4206
2023 8 20 0 2.9500 75.6000 0.5000 2.9500 0.0000 60.3678 62.1083 34.2019 0.1342  2585.6607 0.0000 0.0000 0.0000 0.0000 2585.6607
2023 8 21 0 2.9500 88.4800 0.5000 2.9500 0.0000 60.3505 62.0910 34.1920 0.1341  3025.3105 0.0000 0.0000 0.0000 0.0000 3025.3105
2023 8 22 0 2.9500 92.0800 0.5000 2.9500 0.0000 60.3240 62.0645 34.1770 0.1341  3147.0218 0.0000 0.0000 0.0000 0.0000 3147.0218
2023 8 23 0 2.9500 99.5400 0.5000 2.9500 0.0000 60.2918 62.0323 34.1588 0.1340  3400.1625 0.0000 0.0000 0.0000 0.0000 3400.1625
2023 8 24 0 2.9500 99.6900 0.5000 2.9500 0.0000 60.2553 61.9958 34.1381 0.1339  3403.2271 0.0000 0.0000 0.0000 0.0000 3403.2271
2023 8 25 0 2.9500 93.1800 0.5000 2.9500 0.0000 60.2204 61.9609 34.1183 0.1339  3179.1441 0.0000 0.0000 0.0000 0.0000 3179.1441
2023 8 26 0 2.9500 87.9600 0.5000 2.9500 0.0000 60.1971 61.9376 34.1051 0.1338  2999.8861 0.0000 0.0000 0.0000 0.0000 2999.8861
2023 8 27 0 2.9500 89.4800 0.5000 2.9500 0.0000 60.1833 61.9238 34.0973 0.1338  3051.0271 0.0000 0.0000 0.0000 0.0000 3051.0271
2023 8 28 0 2.9500 91.8000 0.5000 2.9500 0.0000 60.1655 61.9060 34.0872 0.1337  3129.2086 0.0000 0.0000 0.0000 0.0000 3129.2086
2023 8 29 0 2.9500 95.0600 0.5000 2.9500 0.0000 60.1390 61.8795 34.0722 0.1337  3238.9027 0.0000 0.0000 0.0000 0.0000 3238.9027
2023 8 30 0 2.9500 99.5900 0.5000 2.9500 0.0000 60.1066 61.8471 34.0539 0.1336  3391.4231 0.0000 0.0000 0.0000 0.0000 3391.4231
2023 8 31 0 2.9500 97.2200 0.5000 2.9500 0.0000 60.0705 61.8110 34.0334 0.1335  3308.7299 0.0000 0.0000 0.0000 0.0000 3308.7299
