RESERVOIR node 0 SYN_RHO1P25_R4
reservoir_init_fr= 0.70000  masl=757.007
Filling at HRW [Mm3] = 40.00000
Filling at LRW [Mm3] = 4.00000
Active reservoir capacity [Mm3] = 36.00000
yyyy mm dd hh [m3/s] [Euro/MWh] [fr] [m3/s] [Mm3] [masl] [fr] [Euro]         [m3/s]     [m3/s]    [m3/s]   [m3/s]    [m3/s] 
yyyy mm dd hh Inflow Price Action Up_Inflow Res_Mm3 Res_masl Res_fr lrw_cost tunnelflow hatchflow overflow auto_qmin tot_outflow
2022 9 1 0 0.5022 564.8800 0.0000 0.0000 29.0706 754.1706 0.6964 0.0000 2.0000 0.0000 0.0000 0.0000 2.0000 
2022 9 2 0 0.4448 425.8500 0.0000 0.0000 28.9362 754.1359 0.6927 0.0000 2.0000 0.0000 0.0000 0.0000 2.0000 
2022 9 3 0 0.4018 383.9200 0.0000 0.0000 28.7981 754.1001 0.6888 0.0000 2.0000 0.0000 0.0000 0.0000 2.0000 
2022 9 4 0 0.4592 310.1000 0.0000 0.0000 28.6650 754.0656 0.6851 0.0000 2.0000 0.0000 0.0000 0.0000 2.0000 
2022 9 5 0 0.5453 388.8400 0.0000 0.0000 28.5393 754.0331 0.6816 0.0000 2.0000 0.0000 0.0000 0.0000 2.0000 
2022 9 6 0 0.6601 414.3500 0.0000 0.0000 28.4236 754.0031 0.6784 0.0000 2.0000 0.0000 0.0000 0.0000 2.0000 
2022 9 7 0 0.6744 451.5300 0.0000 0.0000 28.3090 753.9735 0.6753 0.0000 2.0000 0.0000 0.0000 0.0000 2.0000 
2022 9 8 0 0.6027 426.5600 0.0000 0.0000 28.1883 753.9422 0.6719 0.0000 2.0000 0.0000 0.0000 0.0000 2.0000 
2022 9 9 0 0.5453 352.9300 0.0000 0.0000 28.0626 753.9097 0.6684 0.0000 2.0000 0.0000 0.0000 0.0000 2.0000 
2022 9 10 0 0.5740 410.9400 0.0000 0.0000 27.9394 753.8778 0.6650 0.0000 2.0000 0.0000 0.0000 0.0000 2.0000 
2022 9 11 0 0.6888 400.0100 0.0000 0.0000 27.8261 753.8485 0.6618 0.0000 2.0000 0.0000 0.0000 0.0000 2.0000 
2022 9 12 0 1.0045 407.9500 0.0000 0.0000 27.7401 753.8262 0.6594 0.0000 2.0000 0.0000 0.0000 0.0000 2.0000 
2022 9 13 0 2.7265 382.5800 0.0000 0.0000 27.8029 753.8425 0.6612 0.0000 2.0000 0.0000 0.0000 0.0000 2.0000 
2022 9 14 0 1.9372 425.5000 0.0000 0.0000 27.7975 753.8411 0.6610 0.0000 2.0000 0.0000 0.0000 0.0000 2.0000 
2022 9 15 0 1.6072 355.8200 0.0000 0.0000 27.7635 753.8323 0.6601 0.0000 2.0000 0.0000 0.0000 0.0000 2.0000 
2022 9 16 0 1.3202 329.3900 0.0000 0.0000 27.7048 753.8171 0.6585 0.0000 2.0000 0.0000 0.0000 0.0000 2.0000 
2022 9 17 0 1.0906 246.9600 0.0000 0.0000 27.6262 753.7967 0.6563 0.0000 2.0000 0.0000 0.0000 0.0000 2.0000 
2022 9 18 0 0.8753 117.5900 0.0000 0.0000 27.5290 753.7716 0.6536 0.0000 2.0000 0.0000 0.0000 0.0000 2.0000 
2022 9 19 0 0.7318 288.3300 0.0000 0.0000 27.4195 753.7432 0.6505 0.0000 2.0000 0.0000 0.0000 0.0000 2.0000 
2022 9 20 0 0.6457 380.8200 0.0000 0.0000 27.3025 753.7129 0.6473 0.0000 2.0000 0.0000 0.0000 0.0000 2.0000 
2022 9 21 0 0.5883 388.8300 0.0000 0.0000 27.1805 753.6813 0.6439 0.0000 2.0000 0.0000 0.0000 0.0000 2.0000 
2022 9 22 0 0.5596 378.9000 0.0000 0.0000 27.0561 753.6491 0.6404 0.0000 2.0000 0.0000 0.0000 0.0000 2.0000 
2022 9 23 0 0.5596 359.9800 0.0000 0.0000 26.9316 753.6169 0.6370 0.0000 2.0000 0.0000 0.0000 0.0000 2.0000 
2022 9 24 0 0.5883 350.7100 0.0000 0.0000 26.8096 753.5853 0.6336 0.0000 2.0000 0.0000 0.0000 0.0000 2.0000 
2022 9 25 0 2.9848 299.0800 0.0000 0.0000 26.8947 753.6074 0.6360 0.0000 2.0000 0.0000 0.0000 0.0000 2.0000 
2022 9 26 0 4.8933 259.4000 0.0000 0.0000 27.1447 753.6721 0.6429 0.0000 2.0000 0.0000 0.0000 0.0000 2.0000 
2022 9 27 0 6.0987 306.8900 0.0000 0.0000 27.4988 753.7638 0.6527 0.0000 2.0000 0.0000 0.0000 0.0000 2.0000 
2022 9 28 0 8.3373 308.5200 0.0000 0.0000 28.0464 753.9055 0.6680 0.0000 2.0000 0.0000 0.0000 0.0000 2.0000 
2022 9 29 0 5.5678 347.1000 0.0000 0.0000 28.3546 753.9853 0.6765 0.0000 2.0000 0.0000 0.0000 0.0000 2.0000 
2022 9 30 0 4.1902 278.9700 0.0000 0.0000 28.5439 754.0343 0.6818 0.0000 2.0000 0.0000 0.0000 0.0000 2.0000 
2022 10 1 0 7.9212 90.2400 0.0000 0.0000 29.0555 754.1667 0.6960 0.0000 2.0000 0.0000 0.0000 0.0000 2.0000 
2022 10 2 0 9.4710 182.7200 0.0000 0.0000 29.7010 754.3338 0.7139 0.0000 2.0000 0.0000 0.0000 0.0000 2.0000 
2022 10 3 0 8.3230 234.6000 0.0000 0.0000 30.2473 754.4753 0.7291 0.0000 2.0000 0.0000 0.0000 0.0000 2.0000 
2022 10 4 0 8.1364 199.0100 0.0000 0.0000 30.7774 754.6125 0.7438 0.0000 2.0000 0.0000 0.0000 0.0000 2.0000 
2022 10 5 0 16.5311 51.1100 0.0000 0.0000 32.0329 754.9375 0.7787 0.0000 2.0000 0.0000 0.0000 0.0000 2.0000 
2022 10 6 0 24.2657 23.8700 0.0000 0.0000 33.9567 755.4355 0.8321 0.0000 2.0000 0.0000 0.0000 0.0000 2.0000 
2022 10 7 0 9.7867 30.2900 0.0000 0.0000 34.6295 755.6097 0.8508 0.0000 2.0000 0.0000 0.0000 0.0000 2.0000 
2022 10 8 0 8.2943 53.3800 0.0000 0.0000 35.1733 755.7505 0.8659 0.0000 2.0000 0.0000 0.0000 0.0000 2.0000 
2022 10 9 0 6.5436 91.9400 0.0000 0.0000 35.5658 755.8521 0.8768 0.0000 2.0000 0.0000 0.0000 0.0000 2.0000 
2022 10 10 0 5.6395 137.7100 0.0000 0.0000 35.8803 755.9335 0.8856 0.0000 2.0000 0.0000 0.0000 0.0000 2.0000 
2022 10 11 0 5.3669 174.3200 0.0000 0.0000 36.1712 756.0088 0.8936 0.0000 2.0000 0.0000 0.0000 0.0000 2.0000 
2022 10 12 0 4.6063 199.9900 0.0000 0.0000 36.3964 756.0671 0.8999 0.0000 2.0000 0.0000 0.0000 0.0000 2.0000 
2022 10 13 0 4.0897 233.6000 0.0000 0.0000 36.5769 756.1139 0.9049 0.0000 2.0000 0.0000 0.0000 0.0000 2.0000 
2022 10 14 0 3.5444 217.2400 0.0000 0.0000 36.7104 756.1484 0.9086 0.0000 2.0000 0.0000 0.0000 0.0000 2.0000 
2022 10 15 0 5.4673 154.6600 0.0000 0.0000 37.0100 756.2259 0.9169 0.0000 2.0000 0.0000 0.0000 0.0000 2.0000 
2022 10 16 0 6.3570 113.2100 0.0000 0.0000 37.3864 756.3234 0.9274 0.0000 2.0000 0.0000 0.0000 0.0000 2.0000 
2022 10 17 0 5.9696 146.2200 0.0000 0.0000 37.7294 756.4122 0.9369 0.0000 2.0000 0.0000 0.0000 0.0000 2.0000 
2022 10 18 0 5.5965 163.8200 0.0000 0.0000 38.0401 756.4926 0.9456 0.0000 2.0000 0.0000 0.0000 0.0000 2.0000 
2022 10 19 0 4.8359 159.7000 0.0000 0.0000 38.2851 756.5561 0.9524 0.0000 2.0000 0.0000 0.0000 0.0000 2.0000 
2022 10 20 0 3.9606 142.1100 0.0000 0.0000 38.4545 756.5999 0.9571 0.0000 2.0000 0.0000 0.0000 0.0000 2.0000 
2022 10 21 0 3.4296 157.4800 0.0000 0.0000 38.5780 756.6319 0.9605 0.0000 2.0000 0.0000 0.0000 0.0000 2.0000 
2022 10 22 0 3.2574 142.0700 0.0000 0.0000 38.6867 756.6600 0.9635 0.0000 2.0000 0.0000 0.0000 0.0000 2.0000 
2022 10 23 0 7.0602 99.6700 0.0000 0.0000 39.1239 756.7732 0.9757 0.0000 2.0000 0.0000 0.0000 0.0000 2.0000 
2022 10 24 0 9.4566 85.2000 0.0000 0.0000 39.7681 756.9400 0.9936 0.0000 2.0000 0.0000 0.0000 0.0000 2.0000 
2022 10 25 0 6.8449 110.5100 0.0000 0.0000 40.1787 757.0089 1.0050 0.0000 2.0000 0.0000 0.0934 0.0000 2.0934 
2022 10 26 0 16.8612 121.4900 0.0000 0.0000 41.3995 757.0700 1.0389 0.0000 2.0000 0.0000 0.7313 0.0000 2.7313 
2022 10 27 0 9.5858 117.6600 0.0000 0.0000 41.9661 757.0983 1.0546 0.0000 2.0000 0.0000 1.0274 0.0000 3.0274 
2022 10 28 0 7.1176 103.2200 0.0000 0.0000 42.3042 757.1152 1.0640 0.0000 2.0000 0.0000 1.2041 0.0000 3.2041 
2022 10 29 0 8.5239 101.6200 0.0000 0.0000 42.7440 757.1372 1.0762 0.0000 2.0000 0.0000 1.4340 0.0000 3.4340 
2022 10 30 0 7.7777 117.9300 0.0000 0.0000 43.1031 757.1552 1.0862 0.0000 2.0000 0.0000 1.6216 0.0000 3.6216 
2022 10 31 0 4.8359 144.1300 0.0000 0.0000 43.2035 757.1602 1.0890 0.0000 2.0000 0.0000 1.6741 0.0000 3.6741 
2022 11 1 0 4.8359 72.4900 0.0000 0.0000 43.2995 757.1650 1.0917 0.0000 2.0000 0.0000 1.7243 0.0000 3.7243 
2022 11 2 0 7.7920 71.1700 0.0000 0.0000 43.6358 757.1818 1.1010 0.0000 2.0000 0.0000 1.9000 0.0000 3.9000 
2022 11 3 0 15.4979 86.5000 0.0000 0.0000 44.5946 757.2297 1.1276 0.0000 2.0000 0.0000 2.4010 0.0000 4.4010 
2022 11 4 0 14.2495 72.6700 0.0000 0.0000 45.4087 757.2704 1.1502 0.0000 2.0000 0.0000 2.8265 0.0000 4.8265 
2022 11 5 0 11.7095 47.6500 0.0000 0.0000 45.9777 757.2989 1.1660 0.0000 2.0000 0.0000 3.1238 0.0000 5.1238 
2022 11 6 0 8.6530 35.7500 0.0000 0.0000 46.2695 757.3135 1.1742 0.0000 2.0000 0.0000 3.2763 0.0000 5.2763 
2022 11 7 0 10.9203 43.8300 0.0000 0.0000 46.7361 757.3368 1.1871 0.0000 2.0000 0.0000 3.5201 0.0000 5.5201 
2022 11 8 0 9.3849 51.0900 0.0000 0.0000 47.0555 757.3528 1.1960 0.0000 2.0000 0.0000 3.6871 0.0000 5.6871 
2022 11 9 0 10.9203 42.5700 0.0000 0.0000 47.4882 757.3744 1.2080 0.0000 2.0000 0.0000 3.9131 0.0000 5.9131 
2022 11 10 0 8.4378 27.4000 0.0000 0.0000 47.6969 757.3848 1.2138 0.0000 2.0000 0.0000 4.0222 0.0000 6.0222 
2022 11 11 0 6.8162 2.0000 0.0000 0.0000 47.7625 757.3881 1.2156 0.0000 2.0000 0.0000 4.0565 0.0000 6.0565 
2022 11 12 0 5.5821 2.3700 0.0000 0.0000 47.7233 757.3862 1.2145 0.0000 2.0000 0.0000 4.0360 0.0000 6.0360 
2022 11 13 0 4.7785 29.9300 0.0000 0.0000 47.6193 757.3810 1.2116 0.0000 2.0000 0.0000 3.9817 0.0000 5.9817 
2022 11 14 0 4.6637 53.6800 0.0000 0.0000 47.5104 757.3755 1.2086 0.0000 2.0000 0.0000 3.9247 0.0000 5.9247 
2022 11 15 0 6.5292 53.7500 0.0000 0.0000 47.5604 757.3780 1.2100 0.0000 2.0000 0.0000 3.9509 0.0000 5.9509 
2022 11 16 0 9.8154 27.6900 0.0000 0.0000 47.8798 757.3940 1.2189 0.0000 2.0000 0.0000 4.1178 0.0000 6.1178 
2022 11 17 0 18.7841 48.9100 0.0000 0.0000 48.9269 757.4463 1.2480 0.0000 2.0000 0.0000 4.6650 0.0000 6.6650 
2022 11 18 0 9.1696 113.7000 0.0000 0.0000 49.1340 757.4567 1.2537 0.0000 2.0000 0.0000 4.7732 0.0000 6.7732 
2022 11 19 0 5.4099 167.1000 0.0000 0.0000 49.0213 757.4511 1.2506 0.0000 2.0000 0.0000 4.7143 0.0000 6.7143 
2022 11 20 0 5.7830 162.8400 0.0000 0.0000 48.9443 757.4472 1.2485 0.0000 2.0000 0.0000 4.6741 0.0000 6.6741 
2022 11 21 0 3.9606 209.5500 0.0000 0.0000 48.7200 757.4360 1.2422 0.0000 2.0000 0.0000 4.5568 0.0000 6.5568 
2022 11 22 0 3.3005 174.4300 0.0000 0.0000 48.4508 757.4225 1.2347 0.0000 2.0000 0.0000 4.4162 0.0000 6.4162 
2022 11 23 0 4.0897 149.8400 0.0000 0.0000 48.2585 757.4129 1.2294 0.0000 2.0000 0.0000 4.3157 0.0000 6.3157 
2022 11 24 0 4.2619 172.1800 0.0000 0.0000 48.0887 757.4044 1.2247 0.0000 2.0000 0.0000 4.2269 0.0000 6.2269 
2022 11 25 0 5.8691 200.3300 0.0000 0.0000 48.0591 757.4030 1.2239 0.0000 2.0000 0.0000 4.2115 0.0000 6.2115 
2022 11 26 0 8.4378 196.0200 0.0000 0.0000 48.2431 757.4122 1.2290 0.0000 2.0000 0.0000 4.3077 0.0000 6.3077 
2022 11 27 0 9.4853 146.0400 0.0000 0.0000 48.5058 757.4253 1.2363 0.0000 2.0000 0.0000 4.4449 0.0000 6.4449 
2022 11 28 0 11.2360 195.3000 0.0000 0.0000 48.9019 757.4451 1.2473 0.0000 2.0000 0.0000 4.6519 0.0000 6.6519 
2022 11 29 0 7.6055 362.5600 0.0000 0.0000 48.9807 757.4490 1.2495 0.0000 2.0000 0.0000 4.6931 0.0000 6.6931 
2022 11 30 0 5.1947 364.6000 0.0000 0.0000 48.8568 757.4428 1.2460 0.0000 2.0000 0.0000 4.6284 0.0000 6.6284 
2022 12 1 0 3.9893 349.6500 0.0000 0.0000 48.6387 757.4319 1.2400 0.0000 2.0000 0.0000 4.5144 0.0000 6.5144 
2022 12 2 0 3.3722 324.9900 0.0000 0.0000 48.3789 757.4189 1.2327 0.0000 2.0000 0.0000 4.3786 0.0000 6.3786 
2022 12 3 0 2.8413 268.8200 0.0000 0.0000 48.0865 757.4043 1.2246 0.0000 2.0000 0.0000 4.2258 0.0000 6.2258 
2022 12 4 0 2.6117 271.5000 0.0000 0.0000 47.7877 757.3894 1.2163 0.0000 2.0000 0.0000 4.0697 0.0000 6.0697 
2022 12 5 0 2.4395 290.7800 0.0000 0.0000 47.4876 757.3744 1.2080 0.0000 2.0000 0.0000 3.9129 0.0000 5.9129 
2022 12 6 0 2.4251 346.8000 0.0000 0.0000 47.1993 757.3600 1.2000 0.0000 2.0000 0.0000 3.7622 0.0000 5.7622 
2022 12 7 0 2.3677 334.1100 0.0000 0.0000 46.9187 757.3459 1.1922 0.0000 2.0000 0.0000 3.6155 0.0000 5.6155 
2022 12 8 0 2.4969 399.0300 0.0000 0.0000 46.6609 757.3330 1.1850 0.0000 2.0000 0.0000 3.4808 0.0000 5.4808 
2022 12 9 0 2.6834 418.6900 0.0000 0.0000 46.4296 757.3215 1.1786 0.0000 2.0000 0.0000 3.3600 0.0000 5.3600 
2022 12 10 0 2.6834 362.9800 0.0000 0.0000 46.2084 757.3104 1.1725 0.0000 2.0000 0.0000 3.2443 0.0000 5.2443 
2022 12 11 0 2.8413 338.6100 0.0000 0.0000 46.0097 757.3005 1.1669 0.0000 2.0000 0.0000 3.1405 0.0000 5.1405 
2022 12 12 0 2.8556 446.1100 0.0000 0.0000 45.8208 757.2910 1.1617 0.0000 2.0000 0.0000 3.0418 0.0000 5.0418 
2022 12 13 0 2.7265 458.6300 0.0000 0.0000 45.6294 757.2815 1.1564 0.0000 2.0000 0.0000 2.9418 0.0000 4.9418 
2022 12 14 0 2.5686 451.4100 0.0000 0.0000 45.4333 757.2717 1.1509 0.0000 2.0000 0.0000 2.8393 0.0000 4.8393 
2022 12 15 0 2.3821 396.6100 0.0000 0.0000 45.2301 757.2615 1.1453 0.0000 2.0000 0.0000 2.7331 0.0000 4.7331 
2022 12 16 0 2.2529 413.8400 0.0000 0.0000 45.0251 757.2513 1.1396 0.0000 2.0000 0.0000 2.6260 0.0000 4.6260 
2022 12 17 0 2.1668 254.6500 0.0000 0.0000 44.8218 757.2411 1.1339 0.0000 2.0000 0.0000 2.5198 0.0000 4.5198 
2022 12 18 0 2.2242 206.4000 0.0000 0.0000 44.6320 757.2316 1.1287 0.0000 2.0000 0.0000 2.4206 0.0000 4.4206 
2022 12 19 0 2.4251 211.4800 0.0000 0.0000 44.4671 757.2234 1.1241 0.0000 2.0000 0.0000 2.3344 0.0000 4.3344 
2022 12 20 0 3.0565 205.2500 0.0000 0.0000 44.3614 757.2181 1.1212 0.0000 2.0000 0.0000 2.2792 0.0000 4.2792 
2022 12 21 0 5.3812 223.3000 0.0000 0.0000 44.4525 757.2226 1.1237 0.0000 2.0000 0.0000 2.3268 0.0000 4.3268 
2022 12 22 0 5.5534 201.9700 0.0000 0.0000 44.5539 757.2277 1.1265 0.0000 2.0000 0.0000 2.3798 0.0000 4.3798 
2022 12 23 0 4.1184 193.2900 0.0000 0.0000 44.5323 757.2266 1.1259 0.0000 2.0000 0.0000 2.3685 0.0000 4.3685 
2022 12 24 0 2.9417 142.3700 0.0000 0.0000 44.4144 757.2207 1.1226 0.0000 2.0000 0.0000 2.3069 0.0000 4.3069 
2022 12 25 0 2.4108 129.4400 0.0000 0.0000 44.2577 757.2129 1.1183 0.0000 2.0000 0.0000 2.2249 0.0000 4.2249 
2022 12 26 0 4.5059 111.7200 0.0000 0.0000 44.2809 757.2140 1.1189 0.0000 2.0000 0.0000 2.2371 0.0000 4.2371 
2022 12 27 0 3.6018 141.3500 0.0000 0.0000 44.2284 757.2114 1.1175 0.0000 2.0000 0.0000 2.2096 0.0000 4.2096 
2022 12 28 0 2.5973 122.1300 0.0000 0.0000 44.0951 757.2048 1.1138 0.0000 2.0000 0.0000 2.1400 0.0000 4.1400 
2022 12 29 0 2.5830 96.2800 0.0000 0.0000 43.9664 757.1983 1.1102 0.0000 2.0000 0.0000 2.0727 0.0000 4.0727 
2022 12 30 0 2.3677 100.4100 0.0000 0.0000 43.8254 757.1913 1.1063 0.0000 2.0000 0.0000 1.9991 0.0000 3.9991 
2022 12 31 0 2.9991 116.2200 0.0000 0.0000 43.7428 757.1871 1.1040 0.0000 2.0000 0.0000 1.9559 0.0000 3.9559 
2023 1 1 0 2.4538 112.5700 0.0000 0.0000 43.6186 757.1809 1.1005 0.0000 2.0000 0.0000 1.8910 0.0000 3.8910 
2023 1 2 0 2.1381 149.2600 0.0000 0.0000 43.4737 757.1737 1.0965 0.0000 2.0000 0.0000 1.8153 0.0000 3.8153 
2023 1 3 0 1.9372 154.5400 0.0000 0.0000 43.3184 757.1659 1.0922 0.0000 2.0000 0.0000 1.7341 0.0000 3.7341 
2023 1 4 0 1.7937 114.6400 0.0000 0.0000 43.1580 757.1579 1.0877 0.0000 2.0000 0.0000 1.6503 0.0000 3.6503 
2023 1 5 0 2.4682 144.1600 0.0000 0.0000 43.0603 757.1530 1.0850 0.0000 2.0000 0.0000 1.5992 0.0000 3.5992 
2023 1 6 0 2.0951 126.0400 0.0000 0.0000 42.9360 757.1468 1.0816 0.0000 2.0000 0.0000 1.5343 0.0000 3.5343 
2023 1 7 0 2.1238 102.5400 0.0000 0.0000 42.8194 757.1410 1.0783 0.0000 2.0000 0.0000 1.4733 0.0000 3.4733 
2023 1 8 0 4.2045 75.8000 0.0000 0.0000 42.8798 757.1440 1.0800 0.0000 2.0000 0.0000 1.5049 0.0000 3.5049 
2023 1 9 0 6.1131 133.2800 0.0000 0.0000 43.0954 757.1548 1.0860 0.0000 2.0000 0.0000 1.6176 0.0000 3.6176 
2023 1 10 0 4.5059 130.4400 0.0000 0.0000 43.1688 757.1584 1.0880 0.0000 2.0000 0.0000 1.6560 0.0000 3.6560 
2023 1 11 0 3.7310 96.6800 0.0000 0.0000 43.1750 757.1588 1.0882 0.0000 2.0000 0.0000 1.6592 0.0000 3.6592 
2023 1 12 0 3.2144 89.9500 0.0000 0.0000 43.1383 757.1569 1.0872 0.0000 2.0000 0.0000 1.6400 0.0000 3.6400 
2023 1 13 0 2.7408 82.8000 0.0000 0.0000 43.0639 757.1532 1.0851 0.0000 2.0000 0.0000 1.6011 0.0000 3.6011 
2023 1 14 0 2.3534 94.7100 0.0000 0.0000 42.9608 757.1480 1.0822 0.0000 2.0000 0.0000 1.5472 0.0000 3.5472 
2023 1 15 0 2.2242 70.7800 0.0000 0.0000 42.8514 757.1426 1.0792 0.0000 2.0000 0.0000 1.4901 0.0000 3.4901 
2023 1 16 0 2.1525 139.7600 0.0000 0.0000 42.7409 757.1370 1.0761 0.0000 2.0000 0.0000 1.4323 0.0000 3.4323 
2023 1 17 0 2.0233 134.1900 0.0000 0.0000 42.6244 757.1312 1.0729 0.0000 2.0000 0.0000 1.3714 0.0000 3.3714 
2023 1 18 0 2.0377 138.3800 0.0000 0.0000 42.5141 757.1257 1.0698 0.0000 2.0000 0.0000 1.3138 0.0000 3.3138 
2023 1 19 0 1.7937 148.5600 0.0000 0.0000 42.3885 757.1194 1.0663 0.0000 2.0000 0.0000 1.2481 0.0000 3.2481 
2023 1 20 0 1.7363 162.5000 0.0000 0.0000 42.2635 757.1132 1.0629 0.0000 2.0000 0.0000 1.1828 0.0000 3.1828 
2023 1 21 0 1.6359 150.1900 0.0000 0.0000 42.1356 757.1068 1.0593 0.0000 2.0000 0.0000 1.1160 0.0000 3.1160 
2023 1 22 0 1.6359 151.8000 0.0000 0.0000 42.0132 757.1007 1.0559 0.0000 2.0000 0.0000 1.0521 0.0000 3.0521 
2023 1 23 0 1.8798 197.7300 0.0000 0.0000 41.9163 757.0958 1.0532 0.0000 2.0000 0.0000 1.0014 0.0000 3.0014 
2023 1 24 0 1.6933 184.5400 0.0000 0.0000 41.8082 757.0904 1.0502 0.0000 2.0000 0.0000 0.9449 0.0000 2.9449 
2023 1 25 0 1.6933 137.5700 0.0000 0.0000 41.7047 757.0852 1.0474 0.0000 2.0000 0.0000 0.8908 0.0000 2.8908 
2023 1 26 0 1.9085 132.3800 0.0000 0.0000 41.6235 757.0812 1.0451 0.0000 2.0000 0.0000 0.8484 0.0000 2.8484 
2023 1 27 0 1.8081 154.0500 0.0000 0.0000 41.5375 757.0769 1.0427 0.0000 2.0000 0.0000 0.8035 0.0000 2.8035 
2023 1 28 0 1.6646 116.8100 0.0000 0.0000 41.4434 757.0722 1.0401 0.0000 2.0000 0.0000 0.7543 0.0000 2.7543 
2023 1 29 0 1.5641 102.3700 0.0000 0.0000 41.3450 757.0672 1.0374 0.0000 2.0000 0.0000 0.7029 0.0000 2.7029 
2023 1 30 0 1.7507 90.0000 0.0000 0.0000 41.2663 757.0633 1.0352 0.0000 2.0000 0.0000 0.6617 0.0000 2.6617 
2023 1 31 0 1.6933 105.1200 0.0000 0.0000 41.1862 757.0593 1.0330 0.0000 2.0000 0.0000 0.6199 0.0000 2.6199 
2023 2 1 0 1.5785 103.8300 0.0000 0.0000 41.1001 757.0550 1.0306 0.0000 2.0000 0.0000 0.5749 0.0000 2.5749 
2023 2 2 0 1.8081 145.2800 0.0000 0.0000 41.0367 757.0518 1.0288 0.0000 2.0000 0.0000 0.5418 0.0000 2.5418 
2023 2 3 0 1.5641 113.1000 0.0000 0.0000 40.9559 757.0478 1.0266 0.0000 2.0000 0.0000 0.4995 0.0000 2.4995 
2023 2 4 0 1.3202 138.8200 0.0000 0.0000 40.8584 757.0429 1.0238 0.0000 2.0000 0.0000 0.4486 0.0000 2.4486 
2023 2 5 0 1.2341 122.8300 0.0000 0.0000 40.7580 757.0379 1.0211 0.0000 2.0000 0.0000 0.3961 0.0000 2.3961 
2023 2 6 0 1.1480 161.3800 0.0000 0.0000 40.6548 757.0327 1.0182 0.0000 2.0000 0.0000 0.3422 0.0000 2.3422 
2023 2 7 0 1.0619 132.4500 0.0000 0.0000 40.5490 757.0275 1.0153 0.0000 2.0000 0.0000 0.2869 0.0000 2.2869 
2023 2 8 0 1.0188 120.3300 0.0000 0.0000 40.4442 757.0222 1.0123 0.0000 2.0000 0.0000 0.2321 0.0000 2.2321 
2023 2 9 0 1.1623 98.3400 0.0000 0.0000 40.3557 757.0178 1.0099 0.0000 2.0000 0.0000 0.1859 0.0000 2.1859 
2023 2 10 0 1.2341 97.5400 0.0000 0.0000 40.2771 757.0139 1.0077 0.0000 2.0000 0.0000 0.1448 0.0000 2.1448 
2023 2 11 0 1.3202 94.6300 0.0000 0.0000 40.2089 757.0104 1.0058 0.0000 2.0000 0.0000 0.1092 0.0000 2.1092 
2023 2 12 0 1.3919 111.6200 0.0000 0.0000 40.1496 757.0075 1.0042 0.0000 2.0000 0.0000 0.0782 0.0000 2.0782 
2023 2 13 0 1.3919 115.7800 0.0000 0.0000 40.0929 757.0046 1.0026 0.0000 2.0000 0.0000 0.0485 0.0000 2.0485 
2023 2 14 0 1.3776 140.8300 0.0000 0.0000 40.0374 757.0019 1.0010 0.0000 2.0000 0.0000 0.0195 0.0000 2.0195 
2023 2 15 0 1.1767 122.5300 0.0000 0.0000 39.9663 756.9913 0.9991 0.0000 2.0000 0.0000 0.0000 0.0000 2.0000 
2023 2 16 0 1.0906 120.9800 0.0000 0.0000 39.8877 756.9709 0.9969 0.0000 2.0000 0.0000 0.0000 0.0000 2.0000 
2023 2 17 0 1.2771 92.1200 0.0000 0.0000 39.8252 756.9548 0.9951 0.0000 2.0000 0.0000 0.0000 0.0000 2.0000 
2023 2 18 0 1.3919 97.8800 0.0000 0.0000 39.7727 756.9412 0.9937 0.0000 2.0000 0.0000 0.0000 0.0000 2.0000 
2023 2 19 0 1.4780 107.6300 0.0000 0.0000 39.7276 756.9295 0.9924 0.0000 2.0000 0.0000 0.0000 0.0000 2.0000 
2023 2 20 0 1.5785 77.5600 0.0000 0.0000 39.6912 756.9201 0.9914 0.0000 2.0000 0.0000 0.0000 0.0000 2.0000 
2023 2 21 0 1.6646 106.7100 0.0000 0.0000 39.6622 756.9126 0.9906 0.0000 2.0000 0.0000 0.0000 0.0000 2.0000 
2023 2 22 0 1.4780 118.3800 0.0000 0.0000 39.6171 756.9009 0.9894 0.0000 2.0000 0.0000 0.0000 0.0000 2.0000 
2023 2 23 0 1.5785 116.1600 0.0000 0.0000 39.5807 756.8915 0.9884 0.0000 2.0000 0.0000 0.0000 0.0000 2.0000 
2023 2 24 0 1.6646 103.8000 0.0000 0.0000 39.5517 756.8840 0.9875 0.0000 2.0000 0.0000 0.0000 0.0000 2.0000 
2023 2 25 0 2.0377 97.6000 0.0000 0.0000 39.5550 756.8848 0.9876 0.0000 2.0000 0.0000 0.0000 0.0000 2.0000 
2023 2 26 0 2.8987 111.9200 0.0000 0.0000 39.6326 756.9049 0.9898 0.0000 2.0000 0.0000 0.0000 0.0000 2.0000 
2023 2 27 0 3.4153 124.5700 0.0000 0.0000 39.7549 756.9366 0.9932 0.0000 2.0000 0.0000 0.0000 0.0000 2.0000 
2023 2 28 0 2.8700 124.0900 0.0000 0.0000 39.8301 756.9560 0.9953 0.0000 2.0000 0.0000 0.0000 0.0000 2.0000 
2023 3 1 0 2.4969 130.8400 0.0000 0.0000 39.8730 756.9671 0.9965 0.0000 2.0000 0.0000 0.0000 0.0000 2.0000 
2023 3 2 0 2.2242 120.4000 0.0000 0.0000 39.8924 756.9721 0.9970 0.0000 2.0000 0.0000 0.0000 0.0000 2.0000 
2023 3 3 0 2.0233 115.5800 0.0000 0.0000 39.8944 756.9727 0.9971 0.0000 2.0000 0.0000 0.0000 0.0000 2.0000 
2023 3 4 0 1.9372 112.2200 0.0000 0.0000 39.8890 756.9713 0.9969 0.0000 2.0000 0.0000 0.0000 0.0000 2.0000 
2023 3 5 0 1.9372 129.9600 0.0000 0.0000 39.8835 756.9699 0.9968 0.0000 2.0000 0.0000 0.0000 0.0000 2.0000 
2023 3 6 0 1.5498 153.1300 0.0000 0.0000 39.8447 756.9598 0.9957 0.0000 2.0000 0.0000 0.0000 0.0000 2.0000 
2023 3 7 0 1.2341 116.0800 0.0000 0.0000 39.7785 756.9427 0.9938 0.0000 2.0000 0.0000 0.0000 0.0000 2.0000 
2023 3 8 0 1.2054 150.8300 0.0000 0.0000 39.7098 756.9249 0.9919 0.0000 2.0000 0.0000 0.0000 0.0000 2.0000 
2023 3 9 0 1.0762 138.5100 0.0000 0.0000 39.6300 756.9042 0.9897 0.0000 2.0000 0.0000 0.0000 0.0000 2.0000 
2023 3 10 0 0.9614 127.3700 0.0000 0.0000 39.5403 756.8810 0.9872 0.0000 2.0000 0.0000 0.0000 0.0000 2.0000 
2023 3 11 0 0.9040 110.5300 0.0000 0.0000 39.4456 756.8565 0.9846 0.0000 2.0000 0.0000 0.0000 0.0000 2.0000 
2023 3 12 0 0.9758 106.8200 0.0000 0.0000 39.3571 756.8336 0.9821 0.0000 2.0000 0.0000 0.0000 0.0000 2.0000 
2023 3 13 0 0.9614 94.6800 0.0000 0.0000 39.2674 756.8103 0.9796 0.0000 2.0000 0.0000 0.0000 0.0000 2.0000 
2023 3 14 0 0.9327 102.8300 0.0000 0.0000 39.1752 756.7865 0.9771 0.0000 2.0000 0.0000 0.0000 0.0000 2.0000 
2023 3 15 0 0.8753 121.6400 0.0000 0.0000 39.0780 756.7613 0.9744 0.0000 2.0000 0.0000 0.0000 0.0000 2.0000 
2023 3 16 0 0.8179 112.8100 0.0000 0.0000 38.9759 756.7349 0.9716 0.0000 2.0000 0.0000 0.0000 0.0000 2.0000 
2023 3 17 0 0.8753 104.1500 0.0000 0.0000 38.8787 756.7097 0.9689 0.0000 2.0000 0.0000 0.0000 0.0000 2.0000 
2023 3 18 0 1.0475 109.0000 0.0000 0.0000 38.7964 756.6884 0.9666 0.0000 2.0000 0.0000 0.0000 0.0000 2.0000 
2023 3 19 0 0.9901 110.0900 0.0000 0.0000 38.7091 756.6658 0.9641 0.0000 2.0000 0.0000 0.0000 0.0000 2.0000 
2023 3 20 0 1.0762 116.7600 0.0000 0.0000 38.6293 756.6452 0.9619 0.0000 2.0000 0.0000 0.0000 0.0000 2.0000 
2023 3 21 0 1.0906 111.3100 0.0000 0.0000 38.5508 756.6248 0.9597 0.0000 2.0000 0.0000 0.0000 0.0000 2.0000 
2023 3 22 0 1.1049 92.3600 0.0000 0.0000 38.4734 756.6048 0.9576 0.0000 2.0000 0.0000 0.0000 0.0000 2.0000 
2023 3 23 0 1.2341 86.1100 0.0000 0.0000 38.4073 756.5877 0.9558 0.0000 2.0000 0.0000 0.0000 0.0000 2.0000 
2023 3 24 0 1.5354 83.8300 0.0000 0.0000 38.3671 756.5773 0.9546 0.0000 2.0000 0.0000 0.0000 0.0000 2.0000 
2023 3 25 0 1.8798 73.3600 0.0000 0.0000 38.3567 756.5746 0.9544 0.0000 2.0000 0.0000 0.0000 0.0000 2.0000 
2023 3 26 0 2.0233 92.4600 0.0000 0.0000 38.3587 756.5751 0.9544 0.0000 2.0000 0.0000 0.0000 0.0000 2.0000 
2023 3 27 0 2.1381 100.9400 0.0000 0.0000 38.3707 756.5782 0.9547 0.0000 2.0000 0.0000 0.0000 0.0000 2.0000 
2023 3 28 0 2.2529 123.8500 0.0000 0.0000 38.3925 756.5839 0.9553 0.0000 2.0000 0.0000 0.0000 0.0000 2.0000 
2023 3 29 0 2.0090 127.0200 0.0000 0.0000 38.3933 756.5841 0.9554 0.0000 2.0000 0.0000 0.0000 0.0000 2.0000 
2023 3 30 0 1.9229 103.7800 0.0000 0.0000 38.3867 756.5823 0.9552 0.0000 2.0000 0.0000 0.0000 0.0000 2.0000 
2023 3 31 0 3.9893 111.8200 0.0000 0.0000 38.5585 756.6268 0.9600 0.0000 2.0000 0.0000 0.0000 0.0000 2.0000 
2023 4 1 0 10.6476 97.9300 0.0000 0.0000 39.3057 756.8203 0.9807 0.0000 2.0000 0.0000 0.0000 0.0000 2.0000 
2023 4 2 0 9.8297 105.1000 0.0000 0.0000 39.9822 756.9954 0.9995 0.0000 2.0000 0.0000 0.0000 0.0000 2.0000 
2023 4 3 0 6.4288 126.4800 0.0000 0.0000 40.3491 757.0175 1.0097 0.0000 2.0000 0.0000 0.1824 0.0000 2.1824 
2023 4 4 0 4.0754 133.1300 0.0000 0.0000 40.5055 757.0253 1.0140 0.0000 2.0000 0.0000 0.2642 0.0000 2.2642 
2023 4 5 0 3.3005 130.9100 0.0000 0.0000 40.5912 757.0296 1.0164 0.0000 2.0000 0.0000 0.3090 0.0000 2.3090 
2023 4 6 0 2.9274 125.8900 0.0000 0.0000 40.6423 757.0321 1.0178 0.0000 2.0000 0.0000 0.3357 0.0000 2.3357 
2023 4 7 0 2.4251 117.9200 0.0000 0.0000 40.6497 757.0325 1.0180 0.0000 2.0000 0.0000 0.3395 0.0000 2.3395 
2023 4 8 0 2.1238 120.6500 0.0000 0.0000 40.6319 757.0316 1.0176 0.0000 2.0000 0.0000 0.3302 0.0000 2.3302 
2023 4 9 0 1.9085 110.2100 0.0000 0.0000 40.5970 757.0299 1.0166 0.0000 2.0000 0.0000 0.3120 0.0000 2.3120 
2023 4 10 0 1.9516 54.3700 0.0000 0.0000 40.5672 757.0284 1.0158 0.0000 2.0000 0.0000 0.2964 0.0000 2.2964 
2023 4 11 0 5.0081 84.4600 0.0000 0.0000 40.7914 757.0396 1.0220 0.0000 2.0000 0.0000 0.4136 0.0000 2.4136 
2023 4 12 0 4.4485 111.9800 0.0000 0.0000 40.9596 757.0480 1.0267 0.0000 2.0000 0.0000 0.5015 0.0000 2.5015 
2023 4 13 0 4.4485 107.2100 0.0000 0.0000 41.1206 757.0560 1.0311 0.0000 2.0000 0.0000 0.5856 0.0000 2.5856 
2023 4 14 0 5.0512 118.9300 0.0000 0.0000 41.3244 757.0662 1.0368 0.0000 2.0000 0.0000 0.6921 0.0000 2.6921 
2023 4 15 0 4.8503 111.6600 0.0000 0.0000 41.5028 757.0751 1.0417 0.0000 2.0000 0.0000 0.7853 0.0000 2.7853 
2023 4 16 0 4.8503 115.1500 0.0000 0.0000 41.6735 757.0837 1.0465 0.0000 2.0000 0.0000 0.8745 0.0000 2.8745 
2023 4 17 0 5.1229 125.4800 0.0000 0.0000 41.8594 757.0930 1.0516 0.0000 2.0000 0.0000 0.9717 0.0000 2.9717 
2023 4 18 0 5.4960 114.7600 0.0000 0.0000 42.0681 757.1034 1.0574 0.0000 2.0000 0.0000 1.0807 0.0000 3.0807 
2023 4 19 0 5.9122 108.7500 0.0000 0.0000 42.3021 757.1151 1.0639 0.0000 2.0000 0.0000 1.2030 0.0000 3.2030 
2023 4 20 0 6.8019 111.1600 0.0000 0.0000 42.5997 757.1300 1.0722 0.0000 2.0000 0.0000 1.3585 0.0000 3.3585 
2023 4 21 0 8.1077 107.9900 0.0000 0.0000 42.9923 757.1496 1.0831 0.0000 2.0000 0.0000 1.5637 0.0000 3.5637 
2023 4 22 0 9.4136 98.4000 0.0000 0.0000 43.4758 757.1738 1.0966 0.0000 2.0000 0.0000 1.8164 0.0000 3.8164 
2023 4 23 0 11.2073 97.8600 0.0000 0.0000 44.0868 757.2043 1.1135 0.0000 2.0000 0.0000 2.1357 0.0000 4.1357 
2023 4 24 0 11.0494 116.5300 0.0000 0.0000 44.6584 757.2329 1.1294 0.0000 2.0000 0.0000 2.4344 0.0000 4.4344 
2023 4 25 0 9.9302 104.4700 0.0000 0.0000 45.1127 757.2556 1.1420 0.0000 2.0000 0.0000 2.6718 0.0000 4.6718 
2023 4 26 0 8.5382 114.3700 0.0000 0.0000 45.4323 757.2716 1.1509 0.0000 2.0000 0.0000 2.8388 0.0000 4.8388 
2023 4 27 0 7.1176 123.3800 0.0000 0.0000 45.6207 757.2810 1.1561 0.0000 2.0000 0.0000 2.9372 0.0000 4.9372 
2023 4 28 0 6.2709 121.7100 0.0000 0.0000 45.7310 757.2865 1.1592 0.0000 2.0000 0.0000 2.9949 0.0000 4.9949 
2023 4 29 0 5.8404 112.7000 0.0000 0.0000 45.8009 757.2900 1.1611 0.0000 2.0000 0.0000 3.0314 0.0000 5.0314 
2023 4 30 0 5.5247 99.7900 0.0000 0.0000 45.8416 757.2921 1.1623 0.0000 2.0000 0.0000 3.0527 0.0000 5.0527 
2023 5 1 0 5.3956 106.3400 0.0000 0.0000 45.8700 757.2935 1.1631 0.0000 2.0000 0.0000 3.0675 0.0000 5.0675 
2023 5 2 0 5.6395 121.7900 0.0000 0.0000 45.9173 757.2959 1.1644 0.0000 2.0000 0.0000 3.0922 0.0000 5.0922 
2023 5 3 0 5.9552 118.1800 0.0000 0.0000 45.9886 757.2994 1.1664 0.0000 2.0000 0.0000 3.1295 0.0000 5.1295 
2023 5 4 0 6.0844 112.1600 0.0000 0.0000 46.0676 757.3034 1.1685 0.0000 2.0000 0.0000 3.1708 0.0000 5.1708 
2023 5 5 0 5.8548 97.5700 0.0000 0.0000 46.1241 757.3062 1.1701 0.0000 2.0000 0.0000 3.2003 0.0000 5.2003 
2023 5 6 0 5.4099 94.9300 0.0000 0.0000 46.1414 757.3071 1.1706 0.0000 2.0000 0.0000 3.2094 0.0000 5.2094 
2023 5 7 0 5.0081 88.0500 0.0000 0.0000 46.1248 757.3062 1.1701 0.0000 2.0000 0.0000 3.2007 0.0000 5.2007 
2023 5 8 0 5.3095 102.0400 0.0000 0.0000 46.1338 757.3067 1.1704 0.0000 2.0000 0.0000 3.2054 0.0000 5.2054 
2023 5 9 0 7.0889 96.1600 0.0000 0.0000 46.2895 757.3145 1.1747 0.0000 2.0000 0.0000 3.2867 0.0000 5.2867 
2023 5 10 0 11.9248 94.0200 0.0000 0.0000 46.8382 757.3419 1.1900 0.0000 2.0000 0.0000 3.5735 0.0000 5.5735 
2023 5 11 0 14.2782 101.3600 0.0000 0.0000 47.5578 757.3779 1.2099 0.0000 2.0000 0.0000 3.9495 0.0000 5.9495 
2023 5 12 0 18.1383 91.5000 0.0000 0.0000 48.5655 757.4283 1.2379 0.0000 2.0000 0.0000 4.4761 0.0000 6.4761 
2023 5 13 0 19.6594 74.6100 0.0000 0.0000 49.6553 757.4828 1.2682 0.0000 2.0000 0.0000 5.0456 0.0000 7.0456 
2023 5 14 0 19.4872 72.7500 0.0000 0.0000 50.6838 757.5342 1.2968 0.0000 2.0000 0.0000 5.5831 0.0000 7.5831 
2023 5 15 0 23.3186 94.8900 0.0000 0.0000 51.9846 757.5992 1.3329 0.0000 2.0000 0.0000 6.2629 0.0000 8.2629 
2023 5 16 0 28.8864 63.0700 0.0000 0.0000 53.6895 757.6845 1.3803 0.0000 2.0000 0.0000 7.1538 0.0000 9.1538 
2023 5 17 0 22.9312 54.3000 0.0000 0.0000 54.8285 757.7414 1.4119 0.0000 2.0000 0.0000 7.7490 0.0000 9.7490 
2023 5 18 0 17.3778 88.1100 0.0000 0.0000 55.4591 757.7730 1.4294 0.0000 2.0000 0.0000 8.0786 0.0000 10.0786 
2023 5 19 0 14.9526 92.9400 0.0000 0.0000 55.8620 757.7931 1.4406 0.0000 2.0000 0.0000 8.2891 0.0000 10.2891 
2023 5 20 0 14.6513 52.6300 0.0000 0.0000 56.2227 757.8111 1.4506 0.0000 2.0000 0.0000 8.4776 0.0000 10.4776 
2023 5 21 0 13.7472 37.1300 0.0000 0.0000 56.4930 757.8246 1.4581 0.0000 2.0000 0.0000 8.6188 0.0000 10.6188 
2023 5 22 0 13.1589 84.4700 0.0000 0.0000 56.7029 757.8351 1.4640 0.0000 2.0000 0.0000 8.7285 0.0000 10.7285 
2023 5 23 0 16.1724 63.0000 0.0000 0.0000 57.1530 757.8576 1.4765 0.0000 2.0000 0.0000 8.9637 0.0000 10.9637 
2023 5 24 0 17.0334 82.4800 0.0000 0.0000 57.6547 757.8827 1.4904 0.0000 2.0000 0.0000 9.2259 0.0000 11.2259 
2023 5 25 0 15.7706 57.6600 0.0000 0.0000 58.0304 757.9015 1.5008 0.0000 2.0000 0.0000 9.4223 0.0000 11.4223 
2023 5 26 0 16.3589 61.9200 0.0000 0.0000 58.4385 757.9219 1.5122 0.0000 2.0000 0.0000 9.6355 0.0000 11.6355 
2023 5 27 0 14.8235 61.7400 0.0000 0.0000 58.7021 757.9351 1.5195 0.0000 2.0000 0.0000 9.7732 0.0000 11.7732 
2023 5 28 0 11.7526 48.1500 0.0000 0.0000 58.7004 757.9350 1.5195 0.0000 2.0000 0.0000 9.7723 0.0000 11.7723 
2023 5 29 0 8.5382 41.9900 0.0000 0.0000 58.4330 757.9216 1.5120 0.0000 2.0000 0.0000 9.6326 0.0000 11.6326 
2023 5 30 0 7.0458 85.7800 0.0000 0.0000 58.0538 757.9027 1.5015 0.0000 2.0000 0.0000 9.4345 0.0000 11.4345 
2023 5 31 0 6.0557 60.1500 0.0000 0.0000 57.6092 757.8805 1.4891 0.0000 2.0000 0.0000 9.2021 0.0000 11.2021 
2023 6 1 0 5.2951 67.1300 0.0000 0.0000 57.1208 757.8560 1.4756 0.0000 2.0000 0.0000 8.9469 0.0000 10.9469 
2023 6 2 0 4.3767 80.9600 0.0000 0.0000 56.5777 757.8289 1.4605 0.0000 2.0000 0.0000 8.6631 0.0000 10.6631 
2023 6 3 0 3.6592 62.3200 0.0000 0.0000 55.9987 757.7999 1.4444 0.0000 2.0000 0.0000 8.3605 0.0000 10.3605 
2023 6 4 0 3.2718 61.2100 0.0000 0.0000 55.4127 757.7706 1.4281 0.0000 2.0000 0.0000 8.0543 0.0000 10.0543 
2023 6 5 0 2.8987 87.8500 0.0000 0.0000 54.8212 757.7411 1.4117 0.0000 2.0000 0.0000 7.7452 0.0000 9.7452 
2023 6 6 0 2.4969 90.1800 0.0000 0.0000 54.2220 757.7111 1.3951 0.0000 2.0000 0.0000 7.4321 0.0000 9.4321 
2023 6 7 0 2.1381 96.7800 0.0000 0.0000 53.6190 757.6810 1.3783 0.0000 2.0000 0.0000 7.1170 0.0000 9.1170 
2023 6 8 0 1.8368 89.0900 0.0000 0.0000 53.0172 757.6509 1.3616 0.0000 2.0000 0.0000 6.8025 0.0000 8.8025 
2023 6 9 0 1.5641 88.9200 0.0000 0.0000 52.4188 757.6209 1.3450 0.0000 2.0000 0.0000 6.4898 0.0000 8.4898 
2023 6 10 0 1.3202 61.8300 0.0000 0.0000 51.8261 757.5913 1.3285 0.0000 2.0000 0.0000 6.1800 0.0000 8.1800 
2023 6 11 0 1.1193 47.6500 0.0000 0.0000 51.2424 757.5621 1.3123 0.0000 2.0000 0.0000 5.8750 0.0000 7.8750 
2023 6 12 0 0.9758 88.7900 0.0000 0.0000 50.6721 757.5336 1.2964 0.0000 2.0000 0.0000 5.5770 0.0000 7.5770 
2023 6 13 0 0.8610 99.0700 0.0000 0.0000 50.1169 757.5058 1.2810 0.0000 2.0000 0.0000 5.2868 0.0000 7.2868 
2023 6 14 0 0.7318 105.6600 0.0000 0.0000 49.5750 757.4787 1.2660 0.0000 2.0000 0.0000 5.0037 0.0000 7.0037 
2023 6 15 0 0.6601 116.5000 0.0000 0.0000 49.0506 757.4525 1.2514 0.0000 2.0000 0.0000 4.7296 0.0000 6.7296 
2023 6 16 0 0.6170 123.1200 0.0000 0.0000 48.5453 757.4273 1.2374 0.0000 2.0000 0.0000 4.4656 0.0000 6.4656 
2023 6 17 0 0.5596 107.5100 0.0000 0.0000 48.0571 757.4029 1.2238 0.0000 2.0000 0.0000 4.2104 0.0000 6.2104 
2023 6 18 0 0.5309 102.7200 0.0000 0.0000 47.5875 757.3794 1.2108 0.0000 2.0000 0.0000 3.9651 0.0000 5.9651 
2023 6 19 0 0.5453 116.7200 0.0000 0.0000 47.1395 757.3570 1.1983 0.0000 2.0000 0.0000 3.7309 0.0000 5.7309 
2023 6 20 0 0.6027 131.3100 0.0000 0.0000 46.7156 757.3358 1.1865 0.0000 2.0000 0.0000 3.5094 0.0000 5.5094 
2023 6 21 0 0.9040 131.9100 0.0000 0.0000 46.3349 757.3167 1.1760 0.0000 2.0000 0.0000 3.3104 0.0000 5.3104 
2023 6 22 0 2.8126 129.3300 0.0000 0.0000 46.1284 757.3064 1.1702 0.0000 2.0000 0.0000 3.2025 0.0000 5.2025 
2023 6 23 0 2.0520 112.7300 0.0000 0.0000 45.8679 757.2934 1.1630 0.0000 2.0000 0.0000 3.0664 0.0000 5.0664 
2023 6 24 0 1.4350 91.6000 0.0000 0.0000 45.5677 757.2784 1.1547 0.0000 2.0000 0.0000 2.9096 0.0000 4.9096 
2023 6 25 0 1.0332 78.9200 0.0000 0.0000 45.2473 757.2624 1.1458 0.0000 2.0000 0.0000 2.7421 0.0000 4.7421 
2023 6 26 0 0.8323 97.3600 0.0000 0.0000 44.9241 757.2462 1.1368 0.0000 2.0000 0.0000 2.5732 0.0000 4.5732 
2023 6 27 0 0.7749 97.1000 0.0000 0.0000 44.6101 757.2305 1.1281 0.0000 2.0000 0.0000 2.4091 0.0000 4.4091 
2023 6 28 0 0.7892 110.3800 0.0000 0.0000 44.3108 757.2155 1.1197 0.0000 2.0000 0.0000 2.2527 0.0000 4.2527 
2023 6 29 0 0.7462 115.5800 0.0000 0.0000 44.0209 757.2010 1.1117 0.0000 2.0000 0.0000 2.1012 0.0000 4.1012 
2023 6 30 0 0.7462 106.1600 0.0000 0.0000 43.7436 757.1872 1.1040 0.0000 2.0000 0.0000 1.9563 0.0000 3.9563 
2023 7 1 0 0.6601 61.0800 0.0000 0.0000 43.4711 757.1736 1.0964 0.0000 2.0000 0.0000 1.8139 0.0000 3.8139 
2023 7 2 0 0.6601 15.9100 0.0000 0.0000 43.2104 757.1605 1.0892 0.0000 2.0000 0.0000 1.6777 0.0000 3.6777 
2023 7 3 0 0.6601 50.3200 0.0000 0.0000 42.9609 757.1480 1.0822 0.0000 2.0000 0.0000 1.5473 0.0000 3.5473 
2023 7 4 0 0.8036 83.2500 0.0000 0.0000 42.7341 757.1367 1.0759 0.0000 2.0000 0.0000 1.4288 0.0000 3.4288 
2023 7 5 0 0.7892 80.5300 0.0000 0.0000 42.5159 757.1258 1.0699 0.0000 2.0000 0.0000 1.3147 0.0000 3.3147 
2023 7 6 0 0.9184 96.7500 0.0000 0.0000 42.3178 757.1159 1.0644 0.0000 2.0000 0.0000 1.2112 0.0000 3.2112 
2023 7 7 0 1.2771 101.0400 0.0000 0.0000 42.1579 757.1079 1.0599 0.0000 2.0000 0.0000 1.1277 0.0000 3.1277 
2023 7 8 0 2.2242 87.4600 0.0000 0.0000 42.0832 757.1042 1.0579 0.0000 2.0000 0.0000 1.0886 0.0000 3.0886 
2023 7 9 0 2.3821 94.0500 0.0000 0.0000 42.0248 757.1012 1.0562 0.0000 2.0000 0.0000 1.0581 0.0000 3.0581 
2023 7 10 0 2.0951 98.2100 0.0000 0.0000 41.9452 757.0973 1.0540 0.0000 2.0000 0.0000 1.0165 0.0000 3.0165 
2023 7 11 0 1.8798 89.8900 0.0000 0.0000 41.8512 757.0926 1.0514 0.0000 2.0000 0.0000 0.9674 0.0000 2.9674 
2023 7 12 0 2.2099 76.6900 0.0000 0.0000 41.7886 757.0894 1.0497 0.0000 2.0000 0.0000 0.9347 0.0000 2.9347 
2023 7 13 0 1.8655 83.4900 0.0000 0.0000 41.7002 757.0850 1.0472 0.0000 2.0000 0.0000 0.8885 0.0000 2.8885 
2023 7 14 0 1.5211 85.4800 0.0000 0.0000 41.5872 757.0794 1.0441 0.0000 2.0000 0.0000 0.8294 0.0000 2.8294 
2023 7 15 0 1.7650 33.3300 0.0000 0.0000 41.4992 757.0750 1.0416 0.0000 2.0000 0.0000 0.7834 0.0000 2.7834 
2023 7 16 0 3.3579 17.8600 0.0000 0.0000 41.5467 757.0773 1.0430 0.0000 2.0000 0.0000 0.8083 0.0000 2.8083 
2023 7 17 0 4.7642 30.5600 0.0000 0.0000 41.7084 757.0854 1.0475 0.0000 2.0000 0.0000 0.8928 0.0000 2.8928 
2023 7 18 0 4.0754 64.7000 0.0000 0.0000 41.8061 757.0903 1.0502 0.0000 2.0000 0.0000 0.9438 0.0000 2.9438 
2023 7 19 0 3.1426 77.7600 0.0000 0.0000 41.8226 757.0911 1.0506 0.0000 2.0000 0.0000 0.9524 0.0000 2.9524 
2023 7 20 0 2.5830 64.6700 0.0000 0.0000 41.7920 757.0896 1.0498 0.0000 2.0000 0.0000 0.9365 0.0000 2.9365 
2023 7 21 0 2.1812 83.1300 0.0000 0.0000 41.7296 757.0865 1.0480 0.0000 2.0000 0.0000 0.9038 0.0000 2.9038 
2023 7 22 0 1.9085 75.6300 0.0000 0.0000 41.6473 757.0824 1.0458 0.0000 2.0000 0.0000 0.8608 0.0000 2.8608 
2023 7 23 0 1.8511 33.2000 0.0000 0.0000 41.5639 757.0782 1.0434 0.0000 2.0000 0.0000 0.8172 0.0000 2.8172 
2023 7 24 0 1.6359 69.9000 0.0000 0.0000 41.4662 757.0733 1.0407 0.0000 2.0000 0.0000 0.7662 0.0000 2.7662 
2023 7 25 0 1.3919 60.2500 0.0000 0.0000 41.3526 757.0676 1.0376 0.0000 2.0000 0.0000 0.7068 0.0000 2.7068 
2023 7 26 0 1.2628 69.5200 0.0000 0.0000 41.2332 757.0617 1.0343 0.0000 2.0000 0.0000 0.6444 0.0000 2.6444 
2023 7 27 0 1.1336 87.3400 0.0000 0.0000 41.1083 757.0554 1.0308 0.0000 2.0000 0.0000 0.5792 0.0000 2.5792 
2023 7 28 0 1.0332 86.7600 0.0000 0.0000 40.9805 757.0490 1.0272 0.0000 2.0000 0.0000 0.5124 0.0000 2.5124 
2023 7 29 0 0.9901 74.6100 0.0000 0.0000 40.8547 757.0427 1.0237 0.0000 2.0000 0.0000 0.4466 0.0000 2.4466 
2023 7 30 0 1.2197 39.5200 0.0000 0.0000 40.7533 757.0377 1.0209 0.0000 2.0000 0.0000 0.3936 0.0000 2.3936 
2023 7 31 0 2.7408 69.3300 0.0000 0.0000 40.7820 757.0391 1.0217 0.0000 2.0000 0.0000 0.4086 0.0000 2.4086 
2023 8 1 0 2.0807 73.8700 0.0000 0.0000 40.7548 757.0377 1.0210 0.0000 2.0000 0.0000 0.3945 0.0000 2.3945 
2023 8 2 0 1.3776 64.7500 0.0000 0.0000 40.6708 757.0335 1.0186 0.0000 2.0000 0.0000 0.3505 0.0000 2.3505 
2023 8 3 0 1.0619 43.5500 0.0000 0.0000 40.5643 757.0282 1.0157 0.0000 2.0000 0.0000 0.2949 0.0000 2.2949 
2023 8 4 0 0.9040 62.1300 0.0000 0.0000 40.4493 757.0225 1.0125 0.0000 2.0000 0.0000 0.2348 0.0000 2.2348 
2023 8 5 0 0.8610 76.9400 0.0000 0.0000 40.3357 757.0168 1.0093 0.0000 2.0000 0.0000 0.1754 0.0000 2.1754 
2023 8 6 0 0.7749 57.5500 0.0000 0.0000 40.2199 757.0110 1.0061 0.0000 2.0000 0.0000 0.1149 0.0000 2.1149 
2023 8 7 0 0.6888 16.8300 0.0000 0.0000 40.1020 757.0051 1.0028 0.0000 2.0000 0.0000 0.0533 0.0000 2.0533 
2023 8 8 0 1.4780 0.0400 0.0000 0.0000 40.0545 757.0027 1.0015 0.0000 2.0000 0.0000 0.0285 0.0000 2.0285 
2023 8 9 0 2.2386 14.7000 0.0000 0.0000 40.0719 757.0036 1.0020 0.0000 2.0000 0.0000 0.0375 0.0000 2.0375 
2023 8 10 0 2.1238 51.2900 0.0000 0.0000 40.0790 757.0039 1.0022 0.0000 2.0000 0.0000 0.0413 0.0000 2.0413 
2023 8 11 0 2.5686 72.3800 0.0000 0.0000 40.1226 757.0061 1.0034 0.0000 2.0000 0.0000 0.0641 0.0000 2.0641 
2023 8 12 0 1.9085 69.7000 0.0000 0.0000 40.1097 757.0055 1.0030 0.0000 2.0000 0.0000 0.0573 0.0000 2.0573 
2023 8 13 0 1.4637 63.1900 0.0000 0.0000 40.0606 757.0030 1.0017 0.0000 2.0000 0.0000 0.0317 0.0000 2.0317 
2023 8 14 0 1.2915 85.9500 0.0000 0.0000 39.9994 756.9999 1.0000 0.0000 2.0000 0.0000 0.0000 0.0000 2.0000 
2023 8 15 0 2.5399 82.7300 0.0000 0.0000 40.0441 757.0022 1.0012 0.0000 2.0000 0.0000 0.0230 0.0000 2.0230 
2023 8 16 0 3.0278 93.5300 0.0000 0.0000 40.1272 757.0064 1.0035 0.0000 2.0000 0.0000 0.0664 0.0000 2.0664 
2023 8 17 0 2.4825 92.9900 0.0000 0.0000 40.1616 757.0081 1.0045 0.0000 2.0000 0.0000 0.0844 0.0000 2.0844 
2023 8 18 0 2.0377 84.3900 0.0000 0.0000 40.1577 757.0079 1.0044 0.0000 2.0000 0.0000 0.0824 0.0000 2.0824 
2023 8 19 0 1.8655 48.8800 0.0000 0.0000 40.1398 757.0070 1.0039 0.0000 2.0000 0.0000 0.0730 0.0000 2.0730 
2023 8 20 0 3.1139 75.6000 0.0000 0.0000 40.2258 757.0113 1.0063 0.0000 2.0000 0.0000 0.1180 0.0000 2.1180 
2023 8 21 0 2.4108 88.4800 0.0000 0.0000 40.2500 757.0125 1.0069 0.0000 2.0000 0.0000 0.1306 0.0000 2.1306 
2023 8 22 0 1.9516 92.0800 0.0000 0.0000 40.2352 757.0118 1.0065 0.0000 2.0000 0.0000 0.1229 0.0000 2.1229 
2023 8 23 0 1.6646 99.5400 0.0000 0.0000 40.1973 757.0099 1.0055 0.0000 2.0000 0.0000 0.1031 0.0000 2.1031 
2023 8 24 0 1.4206 99.6900 0.0000 0.0000 40.1409 757.0070 1.0039 0.0000 2.0000 0.0000 0.0736 0.0000 2.0736 
2023 8 25 0 1.8224 93.1800 0.0000 0.0000 40.1201 757.0060 1.0033 0.0000 2.0000 0.0000 0.0628 0.0000 2.0628 
2023 8 26 0 2.7695 87.9600 0.0000 0.0000 40.1786 757.0089 1.0050 0.0000 2.0000 0.0000 0.0933 0.0000 2.0933 
2023 8 27 0 2.9130 89.4800 0.0000 0.0000 40.2463 757.0123 1.0068 0.0000 2.0000 0.0000 0.1287 0.0000 2.1287 
2023 8 28 0 2.2816 91.8000 0.0000 0.0000 40.2590 757.0129 1.0072 0.0000 2.0000 0.0000 0.1353 0.0000 2.1353 
2023 8 29 0 1.8655 95.0600 0.0000 0.0000 40.2367 757.0118 1.0066 0.0000 2.0000 0.0000 0.1237 0.0000 2.1237 
2023 8 30 0 1.5785 99.5900 0.0000 0.0000 40.1916 757.0096 1.0053 0.0000 2.0000 0.0000 0.1001 0.0000 2.1001 
2023 8 31 0 1.4063 97.2200 0.0000 0.0000 40.1342 757.0067 1.0037 0.0000 2.0000 0.0000 0.0701 0.0000 2.0701 
