POWERSTATION node 1 SVOLETJONN
init_Power = 0.00000
penstock_config = SHARED
headloss_coef = 0.300000
yyyy mm dd hh [m3/s]    [Euro/MWh]  [fr_g0] [m3/s] [m3/s] [m] [m] [MWh] [GWh/Mm3] [Euro] [Euro] [Euro] [Euro] [Euro] [Euro]
yyyy mm dd hh Up_Inflow Price Action_g0 tot_outflow auto_qmin Hnetto Hbrutto Power est_eekv income tot_cost startstopCost adjust_cost cost_aggressive_actions profit
2022 9 1 0 2.0000 564.8800 0.5000 2.0000 0.0000 62.9874 64.1874 24.2198 0.1402  13681.2613 1.0000 1.0000 0.0000 0.0000 13680.2613
2022 9 2 0 2.0000 425.8500 0.5000 2.0000 0.0000 62.9533 64.1533 24.2066 0.1401  10308.3967 0.0000 0.0000 0.0000 0.0000 10308.3967
2022 9 3 0 2.0000 383.9200 0.5000 2.0000 0.0000 62.9180 64.1180 24.1931 0.1400  9288.2066 0.0000 0.0000 0.0000 0.0000 9288.2066
2022 9 4 0 2.0000 310.1000 0.5000 2.0000 0.0000 62.8829 64.0829 24.1796 0.1399  7498.0876 0.0000 0.0000 0.0000 0.0000 7498.0876
2022 9 5 0 2.0000 388.8400 0.5000 2.0000 0.0000 62.8494 64.0494 24.1667 0.1399  9396.9786 0.0000 0.0000 0.0000 0.0000 9396.9786
2022 9 6 0 2.0000 414.3500 0.5000 2.0000 0.0000 62.8181 64.0181 24.1547 0.1398  10008.4918 0.0000 0.0000 0.0000 0.0000 10008.4918
2022 9 7 0 2.0000 451.5300 0.5000 2.0000 0.0000 62.7883 63.9883 24.1432 0.1397  10901.3872 0.0000 0.0000 0.0000 0.0000 10901.3872
2022 9 8 0 2.0000 426.5600 0.5000 2.0000 0.0000 62.7579 63.9579 24.1315 0.1396  10293.5365 0.0000 0.0000 0.0000 0.0000 10293.5365
2022 9 9 0 2.0000 352.9300 0.5000 2.0000 0.0000 62.7260 63.9260 24.1192 0.1396  8512.4049 0.0000 0.0000 0.0000 0.0000 8512.4049
2022 9 10 0 2.0000 410.9400 0.5000 2.0000 0.0000 62.6938 63.8938 24.1069 0.1395  9906.4719 0.0000 0.0000 0.0000 0.0000 9906.4719
2022 9 11 0 2.0000 400.0100 0.5000 2.0000 0.0000 62.6631 63.8631 24.0951 0.1394  9638.2758 0.0000 0.0000 0.0000 0.0000 9638.2758
2022 9 12 0 2.0000 407.9500 0.5000 2.0000 0.0000 62.6373 63.8373 24.0852 0.1394  9825.5442 0.0000 0.0000 0.0000 0.0000 9825.5442
2022 9 13 0 2.0000 382.5800 0.5000 2.0000 0.0000 62.6343 63.8343 24.0840 0.1394  9214.0604 0.0000 0.0000 0.0000 0.0000 9214.0604
2022 9 14 0 2.0000 425.5000 0.5000 2.0000 0.0000 62.6418 63.8418 24.0869 0.1394  10248.9609 0.0000 0.0000 0.0000 0.0000 10248.9609
2022 9 15 0 2.0000 355.8200 0.5000 2.0000 0.0000 62.6367 63.8367 24.0849 0.1394  8569.8912 0.0000 0.0000 0.0000 0.0000 8569.8912
2022 9 16 0 2.0000 329.3900 0.5000 2.0000 0.0000 62.6247 63.8247 24.0803 0.1394  7931.8081 0.0000 0.0000 0.0000 0.0000 7931.8081
2022 9 17 0 2.0000 246.9600 0.5000 2.0000 0.0000 62.6069 63.8069 24.0735 0.1393  5945.1816 0.0000 0.0000 0.0000 0.0000 5945.1816
2022 9 18 0 2.0000 117.5900 0.5000 2.0000 0.0000 62.5842 63.7842 24.0647 0.1393  2829.7694 0.0000 0.0000 0.0000 0.0000 2829.7694
2022 9 19 0 2.0000 288.3300 0.5000 2.0000 0.0000 62.5574 63.7574 24.0544 0.1392  6935.6113 0.0000 0.0000 0.0000 0.0000 6935.6113
2022 9 20 0 2.0000 380.8200 0.5000 2.0000 0.0000 62.5281 63.7281 24.0431 0.1391  9156.1109 0.0000 0.0000 0.0000 0.0000 9156.1109
2022 9 21 0 2.0000 388.8300 0.5000 2.0000 0.0000 62.4971 63.6971 24.0313 0.1391  9344.0712 0.0000 0.0000 0.0000 0.0000 9344.0712
2022 9 22 0 2.0000 378.9000 0.5000 2.0000 0.0000 62.4652 63.6652 24.0190 0.1390  9100.7941 0.0000 0.0000 0.0000 0.0000 9100.7941
2022 9 23 0 2.0000 359.9800 0.5000 2.0000 0.0000 62.4330 63.6330 24.0066 0.1389  8641.8960 0.0000 0.0000 0.0000 0.0000 8641.8960
2022 9 24 0 2.0000 350.7100 0.5000 2.0000 0.0000 62.4011 63.6011 23.9943 0.1389  8415.0531 0.0000 0.0000 0.0000 0.0000 8415.0531
2022 9 25 0 2.0000 299.0800 0.5000 2.0000 0.0000 62.3964 63.5964 23.9925 0.1388  7175.6765 0.0000 0.0000 0.0000 0.0000 7175.6765
2022 9 26 0 2.0000 259.4000 0.5000 2.0000 0.0000 62.4397 63.6397 24.0092 0.1389  6227.9802 0.0000 0.0000 0.0000 0.0000 6227.9802
2022 9 27 0 2.0000 306.8900 0.5000 2.0000 0.0000 62.5179 63.7179 24.0392 0.1391  7377.4039 0.0000 0.0000 0.0000 0.0000 7377.4039
2022 9 28 0 2.0000 308.5200 0.5000 2.0000 0.0000 62.6346 63.8346 24.0841 0.1394  7430.4328 0.0000 0.0000 0.0000 0.0000 7430.4328
2022 9 29 0 2.0000 347.1000 0.5000 2.0000 0.0000 62.7454 63.9454 24.1267 0.1396  8374.3830 0.0000 0.0000 0.0000 0.0000 8374.3830
2022 9 30 0 2.0000 278.9700 0.5000 2.0000 0.0000 62.8098 64.0098 24.1515 0.1398  6737.5372 0.0000 0.0000 0.0000 0.0000 6737.5372
2022 10 1 0 2.0000 90.2400 0.5000 2.0000 0.0000 62.9005 64.1005 24.1864 0.1400  2182.5767 0.0000 0.0000 0.0000 0.0000 2182.5767
2022 10 2 0 2.0000 182.7200 0.5000 2.0000 0.0000 63.0503 64.2503 24.2439 0.1403  4429.8538 0.0000 0.0000 0.0000 0.0000 4429.8538
2022 10 3 0 2.0000 234.6000 0.5000 2.0000 0.0000 63.2045 64.4045 24.3033 0.1406  5701.5455 0.0000 0.0000 0.0000 0.0000 5701.5455
2022 10 4 0 2.0000 199.0100 0.5000 2.0000 0.0000 63.3439 64.5439 24.3568 0.1410  4847.2547 0.0000 0.0000 0.0000 0.0000 4847.2547
2022 10 5 0 2.0000 51.1100 0.5000 2.0000 0.0000 63.5750 64.7750 24.4457 0.1415  1249.4205 0.0000 0.0000 0.0000 0.0000 1249.4205
2022 10 6 0 2.0000 23.8700 0.5000 2.0000 0.0000 63.9865 65.1865 24.6040 0.1424  587.2963 0.0000 0.0000 0.0000 0.0000 587.2963
2022 10 7 0 2.0000 30.2900 0.5000 2.0000 0.0000 64.3226 65.5226 24.7332 0.1431  749.1681 0.0000 0.0000 0.0000 0.0000 749.1681
2022 10 8 0 2.0000 53.3800 0.5000 2.0000 0.0000 64.4801 65.6801 24.7937 0.1435  1323.4895 0.0000 0.0000 0.0000 0.0000 1323.4895
2022 10 9 0 2.0000 91.9400 0.5000 2.0000 0.0000 64.6013 65.8013 24.8403 0.1438  2283.8208 0.0000 0.0000 0.0000 0.0000 2283.8208
2022 10 10 0 2.0000 137.7100 0.5000 2.0000 0.0000 64.6928 65.8928 24.8755 0.1440  3425.6091 0.0000 0.0000 0.0000 0.0000 3425.6091
2022 10 11 0 2.0000 174.3200 0.5000 2.0000 0.0000 64.7712 65.9712 24.9057 0.1441  4341.5544 0.0000 0.0000 0.0000 0.0000 4341.5544
2022 10 12 0 2.0000 199.9900 0.5000 2.0000 0.0000 64.8380 66.0380 24.9313 0.1443  4986.0195 0.0000 0.0000 0.0000 0.0000 4986.0195
2022 10 13 0 2.0000 233.6000 0.5000 2.0000 0.0000 64.8905 66.0905 24.9515 0.1444  5828.6793 0.0000 0.0000 0.0000 0.0000 5828.6793
2022 10 14 0 2.0000 217.2400 0.5000 2.0000 0.0000 64.9311 66.1311 24.9672 0.1445  5423.8671 0.0000 0.0000 0.0000 0.0000 5423.8671
2022 10 15 0 2.0000 154.6600 0.5000 2.0000 0.0000 64.9872 66.1872 24.9887 0.1446  3864.7550 0.0000 0.0000 0.0000 0.0000 3864.7550
2022 10 16 0 2.0000 113.2100 0.5000 2.0000 0.0000 65.0747 66.2747 25.0224 0.1448  2832.7817 0.0000 0.0000 0.0000 0.0000 2832.7817
2022 10 17 0 2.0000 146.2200 0.5000 2.0000 0.0000 65.1678 66.3678 25.0582 0.1450  3664.0056 0.0000 0.0000 0.0000 0.0000 3664.0056
2022 10 18 0 2.0000 163.8200 0.5000 2.0000 0.0000 65.2524 66.4524 25.0907 0.1452  4110.3595 0.0000 0.0000 0.0000 0.0000 4110.3595
2022 10 19 0 2.0000 159.7000 0.5000 2.0000 0.0000 65.3243 66.5243 25.1184 0.1454  4011.4030 0.0000 0.0000 0.0000 0.0000 4011.4030
2022 10 20 0 2.0000 142.1100 0.5000 2.0000 0.0000 65.3780 66.5780 25.1390 0.1455  3572.5022 0.0000 0.0000 0.0000 0.0000 3572.5022
2022 10 21 0 2.0000 157.4800 0.5000 2.0000 0.0000 65.4159 66.6159 25.1536 0.1456  3961.1842 0.0000 0.0000 0.0000 0.0000 3961.1842
2022 10 22 0 2.0000 142.0700 0.5000 2.0000 0.0000 65.4460 66.6460 25.1651 0.1456  3575.2096 0.0000 0.0000 0.0000 0.0000 3575.2096
2022 10 23 0 2.0000 99.6700 0.5000 2.0000 0.0000 65.5166 66.7166 25.1923 0.1458  2510.9158 0.0000 0.0000 0.0000 0.0000 2510.9158
2022 10 24 0 2.0000 85.2000 0.5000 2.0000 0.0000 65.6566 66.8566 25.2461 0.1461  2150.9692 0.0000 0.0000 0.0000 0.0000 2150.9692
2022 10 25 0 2.0000 110.5100 0.5000 2.0000 0.0000 65.7700 66.9700 25.2897 0.1464  2794.7674 0.0000 0.0000 0.0000 0.0000 2794.7674
2022 10 26 0 2.0000 121.4900 0.5000 2.0000 0.0000 65.8000 67.0000 25.3013 0.1464  3073.8504 0.0000 0.0000 0.0000 0.0000 3073.8504
2022 10 27 0 2.0000 117.6600 0.5000 2.0000 0.0000 65.8000 67.0000 25.3013 0.1464  2976.9467 0.0000 0.0000 0.0000 0.0000 2976.9467
2022 10 28 0 2.0000 103.2200 0.5000 2.0000 0.0000 65.8000 67.0000 25.3013 0.1464  2611.5964 0.0000 0.0000 0.0000 0.0000 2611.5964
2022 10 29 0 2.0000 101.6200 0.5000 2.0000 0.0000 65.8000 67.0000 25.3013 0.1464  2571.1144 0.0000 0.0000 0.0000 0.0000 2571.1144
2022 10 30 0 2.0000 117.9300 0.5000 2.0000 0.0000 65.8000 67.0000 25.3013 0.1464  2983.7780 0.0000 0.0000 0.0000 0.0000 2983.7780
2022 10 31 0 2.0000 144.1300 0.5000 2.0000 0.0000 65.8000 67.0000 25.3013 0.1464  3646.6712 0.0000 0.0000 0.0000 0.0000 3646.6712
2022 11 1 0 2.0000 72.4900 0.5000 2.0000 0.0000 65.8000 67.0000 25.3013 0.1464  1834.0885 0.0000 0.0000 0.0000 0.0000 1834.0885
2022 11 2 0 2.0000 71.1700 0.5000 2.0000 0.0000 65.8000 67.0000 25.3013 0.1464  1800.6909 0.0000 0.0000 0.0000 0.0000 1800.6909
2022 11 3 0 2.0000 86.5000 0.5000 2.0000 0.0000 65.8000 67.0000 25.3013 0.1464  2188.5593 0.0000 0.0000 0.0000 0.0000 2188.5593
2022 11 4 0 2.0000 72.6700 0.5000 2.0000 0.0000 65.8000 67.0000 25.3013 0.1464  1838.6427 0.0000 0.0000 0.0000 0.0000 1838.6427
2022 11 5 0 2.0000 47.6500 0.5000 2.0000 0.0000 65.8000 67.0000 25.3013 0.1464  1205.6052 0.0000 0.0000 0.0000 0.0000 1205.6052
2022 11 6 0 2.0000 35.7500 0.5000 2.0000 0.0000 65.8000 67.0000 25.3013 0.1464  904.5202 0.0000 0.0000 0.0000 0.0000 904.5202
2022 11 7 0 2.0000 43.8300 0.5000 2.0000 0.0000 65.8000 67.0000 25.3013 0.1464  1108.9544 0.0000 0.0000 0.0000 0.0000 1108.9544
2022 11 8 0 2.0000 51.0900 0.5000 2.0000 0.0000 65.8000 67.0000 25.3013 0.1464  1292.6415 0.0000 0.0000 0.0000 0.0000 1292.6415
2022 11 9 0 2.0000 42.5700 0.5000 2.0000 0.0000 65.8000 67.0000 25.3013 0.1464  1077.0748 0.0000 0.0000 0.0000 0.0000 1077.0748
2022 11 10 0 2.0000 27.4000 0.5000 2.0000 0.0000 65.8000 67.0000 25.3013 0.1464  693.2546 0.0000 0.0000 0.0000 0.0000 693.2546
2022 11 11 0 2.0000 2.0000 0.5000 2.0000 0.0000 65.8000 67.0000 25.3013 0.1464  50.6025 0.0000 0.0000 0.0000 0.0000 50.6025
2022 11 12 0 2.0000 2.3700 0.5000 2.0000 0.0000 65.8000 67.0000 25.3013 0.1464  59.9640 0.0000 0.0000 0.0000 0.0000 59.9640
2022 11 13 0 2.0000 29.9300 0.5000 2.0000 0.0000 65.8000 67.0000 25.3013 0.1464  757.2668 0.0000 0.0000 0.0000 0.0000 757.2668
2022 11 14 0 2.0000 53.6800 0.5000 2.0000 0.0000 65.8000 67.0000 25.3013 0.1464  1358.1718 0.0000 0.0000 0.0000 0.0000 1358.1718
2022 11 15 0 2.0000 53.7500 0.5000 2.0000 0.0000 65.8000 67.0000 25.3013 0.1464  1359.9429 0.0000 0.0000 0.0000 0.0000 1359.9429
2022 11 16 0 2.0000 27.6900 0.5000 2.0000 0.0000 65.8000 67.0000 25.3013 0.1464  700.5920 0.0000 0.0000 0.0000 0.0000 700.5920
2022 11 17 0 2.0000 48.9100 0.5000 2.0000 0.0000 65.8000 67.0000 25.3013 0.1464  1237.4848 0.0000 0.0000 0.0000 0.0000 1237.4848
2022 11 18 0 2.0000 113.7000 0.5000 2.0000 0.0000 65.8000 67.0000 25.3013 0.1464  2876.7535 0.0000 0.0000 0.0000 0.0000 2876.7535
2022 11 19 0 2.0000 167.1000 0.5000 2.0000 0.0000 65.8000 67.0000 25.3013 0.1464  4227.8412 0.0000 0.0000 0.0000 0.0000 4227.8412
2022 11 20 0 2.0000 162.8400 0.5000 2.0000 0.0000 65.8000 67.0000 25.3013 0.1464  4120.0576 0.0000 0.0000 0.0000 0.0000 4120.0576
2022 11 21 0 2.0000 209.5500 0.5000 2.0000 0.0000 65.8000 67.0000 25.3013 0.1464  5301.8798 0.0000 0.0000 0.0000 0.0000 5301.8798
2022 11 22 0 2.0000 174.4300 0.5000 2.0000 0.0000 65.8000 67.0000 25.3013 0.1464  4413.2991 0.0000 0.0000 0.0000 0.0000 4413.2991
2022 11 23 0 2.0000 149.8400 0.5000 2.0000 0.0000 65.8000 67.0000 25.3013 0.1464  3791.1412 0.0000 0.0000 0.0000 0.0000 3791.1412
2022 11 24 0 2.0000 172.1800 0.5000 2.0000 0.0000 65.8000 67.0000 25.3013 0.1464  4356.3713 0.0000 0.0000 0.0000 0.0000 4356.3713
2022 11 25 0 2.0000 200.3300 0.5000 2.0000 0.0000 65.8000 67.0000 25.3013 0.1464  5068.6021 0.0000 0.0000 0.0000 0.0000 5068.6021
2022 11 26 0 2.0000 196.0200 0.5000 2.0000 0.0000 65.8000 67.0000 25.3013 0.1464  4959.5537 0.0000 0.0000 0.0000 0.0000 4959.5537
2022 11 27 0 2.0000 146.0400 0.5000 2.0000 0.0000 65.8000 67.0000 25.3013 0.1464  3694.9963 0.0000 0.0000 0.0000 0.0000 3694.9963
2022 11 28 0 2.0000 195.3000 0.5000 2.0000 0.0000 65.8000 67.0000 25.3013 0.1464  4941.3368 0.0000 0.0000 0.0000 0.0000 4941.3368
2022 11 29 0 2.0000 362.5600 0.5000 2.0000 0.0000 65.8000 67.0000 25.3013 0.1464  9173.2259 0.0000 0.0000 0.0000 0.0000 9173.2259
2022 11 30 0 2.0000 364.6000 0.5000 2.0000 0.0000 65.8000 67.0000 25.3013 0.1464  9224.8407 0.0000 0.0000 0.0000 0.0000 9224.8407
2022 12 1 0 2.0000 349.6500 0.5000 2.0000 0.0000 65.8000 67.0000 25.3013 0.1464  8846.5865 0.0000 0.0000 0.0000 0.0000 8846.5865
2022 12 2 0 2.0000 324.9900 0.5000 2.0000 0.0000 65.8000 67.0000 25.3013 0.1464  8222.6573 0.0000 0.0000 0.0000 0.0000 8222.6573
2022 12 3 0 2.0000 268.8200 0.5000 2.0000 0.0000 65.8000 67.0000 25.3013 0.1464  6801.4857 0.0000 0.0000 0.0000 0.0000 6801.4857
2022 12 4 0 2.0000 271.5000 0.5000 2.0000 0.0000 65.8000 67.0000 25.3013 0.1464  6869.2929 0.0000 0.0000 0.0000 0.0000 6869.2929
2022 12 5 0 2.0000 290.7800 0.5000 2.0000 0.0000 65.8000 67.0000 25.3013 0.1464  7357.1013 0.0000 0.0000 0.0000 0.0000 7357.1013
2022 12 6 0 2.0000 346.8000 0.5000 2.0000 0.0000 65.8000 67.0000 25.3013 0.1464  8774.4777 0.0000 0.0000 0.0000 0.0000 8774.4777
2022 12 7 0 2.0000 334.1100 0.5000 2.0000 0.0000 65.8000 67.0000 25.3013 0.1464  8453.4047 0.0000 0.0000 0.0000 0.0000 8453.4047
2022 12 8 0 2.0000 399.0300 0.5000 2.0000 0.0000 65.8000 67.0000 25.3013 0.1464  10095.9630 0.0000 0.0000 0.0000 0.0000 10095.9630
2022 12 9 0 2.0000 418.6900 0.5000 2.0000 0.0000 65.8000 67.0000 25.3013 0.1464  10593.3859 0.0000 0.0000 0.0000 0.0000 10593.3859
2022 12 10 0 2.0000 362.9800 0.5000 2.0000 0.0000 65.8000 67.0000 25.3013 0.1464  9183.8528 0.0000 0.0000 0.0000 0.0000 9183.8528
2022 12 11 0 2.0000 338.6100 0.5000 2.0000 0.0000 65.8000 67.0000 25.3013 0.1464  8567.2603 0.0000 0.0000 0.0000 0.0000 8567.2603
2022 12 12 0 2.0000 446.1100 0.5000 2.0000 0.0000 65.8000 67.0000 25.3013 0.1464  11287.1461 0.0000 0.0000 0.0000 0.0000 11287.1461
2022 12 13 0 2.0000 458.6300 0.5000 2.0000 0.0000 65.8000 67.0000 25.3013 0.1464  11603.9184 0.0000 0.0000 0.0000 0.0000 11603.9184
2022 12 14 0 2.0000 451.4100 0.5000 2.0000 0.0000 65.8000 67.0000 25.3013 0.1464  11421.2433 0.0000 0.0000 0.0000 0.0000 11421.2433
2022 12 15 0 2.0000 396.6100 0.5000 2.0000 0.0000 65.8000 67.0000 25.3013 0.1464  10034.7336 0.0000 0.0000 0.0000 0.0000 10034.7336
2022 12 16 0 2.0000 413.8400 0.5000 2.0000 0.0000 65.8000 67.0000 25.3013 0.1464  10470.6746 0.0000 0.0000 0.0000 0.0000 10470.6746
2022 12 17 0 2.0000 254.6500 0.5000 2.0000 0.0000 65.8000 67.0000 25.3013 0.1464  6442.9665 0.0000 0.0000 0.0000 0.0000 6442.9665
2022 12 18 0 2.0000 206.4000 0.5000 2.0000 0.0000 65.8000 67.0000 25.3013 0.1464  5222.1806 0.0000 0.0000 0.0000 0.0000 5222.1806
2022 12 19 0 2.0000 211.4800 0.5000 2.0000 0.0000 65.8000 67.0000 25.3013 0.1464  5350.7110 0.0000 0.0000 0.0000 0.0000 5350.7110
2022 12 20 0 2.0000 205.2500 0.5000 2.0000 0.0000 65.8000 67.0000 25.3013 0.1464  5193.0843 0.0000 0.0000 0.0000 0.0000 5193.0843
2022 12 21 0 2.0000 223.3000 0.5000 2.0000 0.0000 65.8000 67.0000 25.3013 0.1464  5649.7721 0.0000 0.0000 0.0000 0.0000 5649.7721
2022 12 22 0 2.0000 201.9700 0.5000 2.0000 0.0000 65.8000 67.0000 25.3013 0.1464  5110.0961 0.0000 0.0000 0.0000 0.0000 5110.0961
2022 12 23 0 2.0000 193.2900 0.5000 2.0000 0.0000 65.8000 67.0000 25.3013 0.1464  4890.4810 0.0000 0.0000 0.0000 0.0000 4890.4810
2022 12 24 0 2.0000 142.3700 0.5000 2.0000 0.0000 65.8000 67.0000 25.3013 0.1464  3602.1407 0.0000 0.0000 0.0000 0.0000 3602.1407
2022 12 25 0 2.0000 129.4400 0.5000 2.0000 0.0000 65.8000 67.0000 25.3013 0.1464  3274.9956 0.0000 0.0000 0.0000 0.0000 3274.9956
2022 12 26 0 2.0000 111.7200 0.5000 2.0000 0.0000 65.8000 67.0000 25.3013 0.1464  2826.6571 0.0000 0.0000 0.0000 0.0000 2826.6571
2022 12 27 0 2.0000 141.3500 0.5000 2.0000 0.0000 65.8000 67.0000 25.3013 0.1464  3576.3337 0.0000 0.0000 0.0000 0.0000 3576.3337
2022 12 28 0 2.0000 122.1300 0.5000 2.0000 0.0000 65.8000 67.0000 25.3013 0.1464  3090.0432 0.0000 0.0000 0.0000 0.0000 3090.0432
2022 12 29 0 2.0000 96.2800 0.5000 2.0000 0.0000 65.8000 67.0000 25.3013 0.1464  2436.0056 0.0000 0.0000 0.0000 0.0000 2436.0056
2022 12 30 0 2.0000 100.4100 0.5000 2.0000 0.0000 65.8000 67.0000 25.3013 0.1464  2540.4999 0.0000 0.0000 0.0000 0.0000 2540.4999
2022 12 31 0 2.0000 116.2200 0.5000 2.0000 0.0000 65.8000 67.0000 25.3013 0.1464  2940.5128 0.0000 0.0000 0.0000 0.0000 2940.5128
2023 1 1 0 2.0000 112.5700 0.5000 2.0000 0.0000 65.8000 67.0000 25.3013 0.1464  2848.1632 0.0000 0.0000 0.0000 0.0000 2848.1632
2023 1 2 0 2.0000 149.2600 0.5000 2.0000 0.0000 65.8000 67.0000 25.3013 0.1464  3776.4664 0.0000 0.0000 0.0000 0.0000 3776.4664
2023 1 3 0 2.0000 154.5400 0.5000 2.0000 0.0000 65.8000 67.0000 25.3013 0.1464  3910.0570 0.0000 0.0000 0.0000 0.0000 3910.0570
2023 1 4 0 2.0000 114.6400 0.5000 2.0000 0.0000 65.8000 67.0000 25.3013 0.1464  2900.5368 0.0000 0.0000 0.0000 0.0000 2900.5368
2023 1 5 0 2.0000 144.1600 0.5000 2.0000 0.0000 65.8000 67.0000 25.3013 0.1464  3647.4302 0.0000 0.0000 0.0000 0.0000 3647.4302
2023 1 6 0 2.0000 126.0400 0.5000 2.0000 0.0000 65.8000 67.0000 25.3013 0.1464  3188.9712 0.0000 0.0000 0.0000 0.0000 3188.9712
2023 1 7 0 2.0000 102.5400 0.5000 2.0000 0.0000 65.8000 67.0000 25.3013 0.1464  2594.3915 0.0000 0.0000 0.0000 0.0000 2594.3915
2023 1 8 0 2.0000 75.8000 0.5000 2.0000 0.0000 65.8000 67.0000 25.3013 0.1464  1917.8358 0.0000 0.0000 0.0000 0.0000 1917.8358
2023 1 9 0 2.0000 133.2800 0.5000 2.0000 0.0000 65.8000 67.0000 25.3013 0.1464  3372.1523 0.0000 0.0000 0.0000 0.0000 3372.1523
2023 1 10 0 2.0000 130.4400 0.5000 2.0000 0.0000 65.8000 67.0000 25.3013 0.1464  3300.2968 0.0000 0.0000 0.0000 0.0000 3300.2968
2023 1 11 0 2.0000 96.6800 0.5000 2.0000 0.0000 65.8000 67.0000 25.3013 0.1464  2446.1261 0.0000 0.0000 0.0000 0.0000 2446.1261
2023 1 12 0 2.0000 89.9500 0.5000 2.0000 0.0000 65.8000 67.0000 25.3013 0.1464  2275.8485 0.0000 0.0000 0.0000 0.0000 2275.8485
2023 1 13 0 2.0000 82.8000 0.5000 2.0000 0.0000 65.8000 67.0000 25.3013 0.1464  2094.9447 0.0000 0.0000 0.0000 0.0000 2094.9447
2023 1 14 0 2.0000 94.7100 0.5000 2.0000 0.0000 65.8000 67.0000 25.3013 0.1464  2396.2826 0.0000 0.0000 0.0000 0.0000 2396.2826
2023 1 15 0 2.0000 70.7800 0.5000 2.0000 0.0000 65.8000 67.0000 25.3013 0.1464  1790.8234 0.0000 0.0000 0.0000 0.0000 1790.8234
2023 1 16 0 2.0000 139.7600 0.5000 2.0000 0.0000 65.8000 67.0000 25.3013 0.1464  3536.1044 0.0000 0.0000 0.0000 0.0000 3536.1044
2023 1 17 0 2.0000 134.1900 0.5000 2.0000 0.0000 65.8000 67.0000 25.3013 0.1464  3395.1766 0.0000 0.0000 0.0000 0.0000 3395.1766
2023 1 18 0 2.0000 138.3800 0.5000 2.0000 0.0000 65.8000 67.0000 25.3013 0.1464  3501.1889 0.0000 0.0000 0.0000 0.0000 3501.1889
2023 1 19 0 2.0000 148.5600 0.5000 2.0000 0.0000 65.8000 67.0000 25.3013 0.1464  3758.7556 0.0000 0.0000 0.0000 0.0000 3758.7556
2023 1 20 0 2.0000 162.5000 0.5000 2.0000 0.0000 65.8000 67.0000 25.3013 0.1464  4111.4553 0.0000 0.0000 0.0000 0.0000 4111.4553
2023 1 21 0 2.0000 150.1900 0.5000 2.0000 0.0000 65.8000 67.0000 25.3013 0.1464  3799.9968 0.0000 0.0000 0.0000 0.0000 3799.9968
2023 1 22 0 2.0000 151.8000 0.5000 2.0000 0.0000 65.8000 67.0000 25.3013 0.1464  3840.7318 0.0000 0.0000 0.0000 0.0000 3840.7318
2023 1 23 0 2.0000 197.7300 0.5000 2.0000 0.0000 65.8000 67.0000 25.3013 0.1464  5002.8186 0.0000 0.0000 0.0000 0.0000 5002.8186
2023 1 24 0 2.0000 184.5400 0.5000 2.0000 0.0000 65.8000 67.0000 25.3013 0.1464  4669.0949 0.0000 0.0000 0.0000 0.0000 4669.0949
2023 1 25 0 2.0000 137.5700 0.5000 2.0000 0.0000 65.8000 67.0000 25.3013 0.1464  3480.6950 0.0000 0.0000 0.0000 0.0000 3480.6950
2023 1 26 0 2.0000 132.3800 0.5000 2.0000 0.0000 65.8000 67.0000 25.3013 0.1464  3349.3813 0.0000 0.0000 0.0000 0.0000 3349.3813
2023 1 27 0 2.0000 154.0500 0.5000 2.0000 0.0000 65.8000 67.0000 25.3013 0.1464  3897.6597 0.0000 0.0000 0.0000 0.0000 3897.6597
2023 1 28 0 2.0000 116.8100 0.5000 2.0000 0.0000 65.8000 67.0000 25.3013 0.1464  2955.4405 0.0000 0.0000 0.0000 0.0000 2955.4405
2023 1 29 0 2.0000 102.3700 0.5000 2.0000 0.0000 65.8000 67.0000 25.3013 0.1464  2590.0904 0.0000 0.0000 0.0000 0.0000 2590.0904
2023 1 30 0 2.0000 90.0000 0.5000 2.0000 0.0000 65.8000 67.0000 25.3013 0.1464  2277.1137 0.0000 0.0000 0.0000 0.0000 2277.1137
2023 1 31 0 2.0000 105.1200 0.5000 2.0000 0.0000 65.8000 67.0000 25.3013 0.1464  2659.6688 0.0000 0.0000 0.0000 0.0000 2659.6688
2023 2 1 0 2.0000 103.8300 0.5000 2.0000 0.0000 65.8000 67.0000 25.3013 0.1464  2627.0302 0.0000 0.0000 0.0000 0.0000 2627.0302
2023 2 2 0 2.0000 145.2800 0.5000 2.0000 0.0000 65.8000 67.0000 25.3013 0.1464  3675.7675 0.0000 0.0000 0.0000 0.0000 3675.7675
2023 2 3 0 2.0000 113.1000 0.5000 2.0000 0.0000 65.8000 67.0000 25.3013 0.1464  2861.5728 0.0000 0.0000 0.0000 0.0000 2861.5728
2023 2 4 0 2.0000 138.8200 0.5000 2.0000 0.0000 65.8000 67.0000 25.3013 0.1464  3512.3215 0.0000 0.0000 0.0000 0.0000 3512.3215
2023 2 5 0 2.0000 122.8300 0.5000 2.0000 0.0000 65.8000 67.0000 25.3013 0.1464  3107.7542 0.0000 0.0000 0.0000 0.0000 3107.7542
2023 2 6 0 2.0000 161.3800 0.5000 2.0000 0.0000 65.8000 67.0000 25.3013 0.1464  4083.1180 0.0000 0.0000 0.0000 0.0000 4083.1180
2023 2 7 0 2.0000 132.4500 0.5000 2.0000 0.0000 65.8000 67.0000 25.3013 0.1464  3351.1522 0.0000 0.0000 0.0000 0.0000 3351.1522
2023 2 8 0 2.0000 120.3300 0.5000 2.0000 0.0000 65.8000 67.0000 25.3013 0.1464  3044.5010 0.0000 0.0000 0.0000 0.0000 3044.5010
2023 2 9 0 2.0000 98.3400 0.5000 2.0000 0.0000 65.8000 67.0000 25.3013 0.1464  2488.1261 0.0000 0.0000 0.0000 0.0000 2488.1261
2023 2 10 0 2.0000 97.5400 0.5000 2.0000 0.0000 65.8000 67.0000 25.3013 0.1464  2467.8852 0.0000 0.0000 0.0000 0.0000 2467.8852
2023 2 11 0 2.0000 94.6300 0.5000 2.0000 0.0000 65.8000 67.0000 25.3013 0.1464  2394.2585 0.0000 0.0000 0.0000 0.0000 2394.2585
2023 2 12 0 2.0000 111.6200 0.5000 2.0000 0.0000 65.8000 67.0000 25.3013 0.1464  2824.1271 0.0000 0.0000 0.0000 0.0000 2824.1271
2023 2 13 0 2.0000 115.7800 0.5000 2.0000 0.0000 65.8000 67.0000 25.3013 0.1464  2929.3802 0.0000 0.0000 0.0000 0.0000 2929.3802
2023 2 14 0 2.0000 140.8300 0.5000 2.0000 0.0000 65.8000 67.0000 25.3013 0.1464  3563.1769 0.0000 0.0000 0.0000 0.0000 3563.1769
2023 2 15 0 2.0000 122.5300 0.5000 2.0000 0.0000 65.7956 66.9956 25.2996 0.1464  3099.9581 0.0000 0.0000 0.0000 0.0000 3099.9581
2023 2 16 0 2.0000 120.9800 0.5000 2.0000 0.0000 65.7811 66.9811 25.2940 0.1464  3060.0676 0.0000 0.0000 0.0000 0.0000 3060.0676
2023 2 17 0 2.0000 92.1200 0.5000 2.0000 0.0000 65.7628 66.9628 25.2870 0.1463  2329.4363 0.0000 0.0000 0.0000 0.0000 2329.4363
2023 2 18 0 2.0000 97.8800 0.5000 2.0000 0.0000 65.7480 66.9480 25.2813 0.1463  2474.5290 0.0000 0.0000 0.0000 0.0000 2474.5290
2023 2 19 0 2.0000 107.6300 0.5000 2.0000 0.0000 65.7353 66.9353 25.2764 0.1463  2720.4982 0.0000 0.0000 0.0000 0.0000 2720.4982
2023 2 20 0 2.0000 77.5600 0.5000 2.0000 0.0000 65.7248 66.9248 25.2723 0.1463  1960.1224 0.0000 0.0000 0.0000 0.0000 1960.1224
2023 2 21 0 2.0000 106.7100 0.5000 2.0000 0.0000 65.7163 66.9163 25.2691 0.1462  2696.4637 0.0000 0.0000 0.0000 0.0000 2696.4637
2023 2 22 0 2.0000 118.3800 0.5000 2.0000 0.0000 65.7067 66.9067 25.2654 0.1462  2990.9174 0.0000 0.0000 0.0000 0.0000 2990.9174
2023 2 23 0 2.0000 116.1600 0.5000 2.0000 0.0000 65.6962 66.8962 25.2613 0.1462  2934.3571 0.0000 0.0000 0.0000 0.0000 2934.3571
2023 2 24 0 2.0000 103.8000 0.5000 2.0000 0.0000 65.6877 66.8877 25.2581 0.1462  2621.7891 0.0000 0.0000 0.0000 0.0000 2621.7891
2023 2 25 0 2.0000 97.6000 0.5000 2.0000 0.0000 65.6844 66.8844 25.2568 0.1462  2465.0639 0.0000 0.0000 0.0000 0.0000 2465.0639
2023 2 26 0 2.0000 111.9200 0.5000 2.0000 0.0000 65.6948 66.8948 25.2608 0.1462  2827.1920 0.0000 0.0000 0.0000 0.0000 2827.1920
2023 2 27 0 2.0000 124.5700 0.5000 2.0000 0.0000 65.7207 66.9207 25.2708 0.1462  3147.9810 0.0000 0.0000 0.0000 0.0000 3147.9810
2023 2 28 0 2.0000 124.0900 0.5000 2.0000 0.0000 65.7463 66.9463 25.2806 0.1463  3137.0704 0.0000 0.0000 0.0000 0.0000 3137.0704
2023 3 1 0 2.0000 130.8400 0.5000 2.0000 0.0000 65.7616 66.9616 25.2865 0.1463  3308.4836 0.0000 0.0000 0.0000 0.0000 3308.4836
2023 3 2 0 2.0000 120.4000 0.5000 2.0000 0.0000 65.7696 66.9696 25.2896 0.1464  3044.8662 0.0000 0.0000 0.0000 0.0000 3044.8662
2023 3 3 0 2.0000 115.5800 0.5000 2.0000 0.0000 65.7724 66.9724 25.2907 0.1464  2923.0934 0.0000 0.0000 0.0000 0.0000 2923.0934
2023 3 4 0 2.0000 112.2200 0.5000 2.0000 0.0000 65.7720 66.9720 25.2905 0.1464  2838.0978 0.0000 0.0000 0.0000 0.0000 2838.0978
2023 3 5 0 2.0000 129.9600 0.5000 2.0000 0.0000 65.7706 66.9706 25.2899 0.1464  3286.6809 0.0000 0.0000 0.0000 0.0000 3286.6809
2023 3 6 0 2.0000 153.1300 0.5000 2.0000 0.0000 65.7648 66.9648 25.2877 0.1463  3872.3110 0.0000 0.0000 0.0000 0.0000 3872.3110
2023 3 7 0 2.0000 116.0800 0.5000 2.0000 0.0000 65.7512 66.9512 25.2825 0.1463  2934.7933 0.0000 0.0000 0.0000 0.0000 2934.7933
2023 3 8 0 2.0000 150.8300 0.5000 2.0000 0.0000 65.7338 66.9338 25.2758 0.1463  3812.3482 0.0000 0.0000 0.0000 0.0000 3812.3482
2023 3 9 0 2.0000 138.5100 0.5000 2.0000 0.0000 65.7145 66.9145 25.2684 0.1462  3499.9268 0.0000 0.0000 0.0000 0.0000 3499.9268
2023 3 10 0 2.0000 127.3700 0.5000 2.0000 0.0000 65.6926 66.8926 25.2600 0.1462  3217.3621 0.0000 0.0000 0.0000 0.0000 3217.3621
2023 3 11 0 2.0000 110.5300 0.5000 2.0000 0.0000 65.6687 66.8687 25.2508 0.1461  2790.9696 0.0000 0.0000 0.0000 0.0000 2790.9696
2023 3 12 0 2.0000 106.8200 0.5000 2.0000 0.0000 65.6450 66.8450 25.2417 0.1461  2696.3153 0.0000 0.0000 0.0000 0.0000 2696.3153
2023 3 13 0 2.0000 94.6800 0.5000 2.0000 0.0000 65.6220 66.8220 25.2328 0.1460  2389.0416 0.0000 0.0000 0.0000 0.0000 2389.0416
2023 3 14 0 2.0000 102.8300 0.5000 2.0000 0.0000 65.5984 66.7984 25.2237 0.1460  2593.7578 0.0000 0.0000 0.0000 0.0000 2593.7578
2023 3 15 0 2.0000 121.6400 0.5000 2.0000 0.0000 65.5739 66.7739 25.2143 0.1459  3067.0699 0.0000 0.0000 0.0000 0.0000 3067.0699
2023 3 16 0 2.0000 112.8100 0.5000 2.0000 0.0000 65.5481 66.7481 25.2044 0.1459  2843.3084 0.0000 0.0000 0.0000 0.0000 2843.3084
2023 3 17 0 2.0000 104.1500 0.5000 2.0000 0.0000 65.5223 66.7223 25.1945 0.1458  2624.0053 0.0000 0.0000 0.0000 0.0000 2624.0053
2023 3 18 0 2.0000 109.0000 0.5000 2.0000 0.0000 65.4991 66.6991 25.1855 0.1457  2745.2249 0.0000 0.0000 0.0000 0.0000 2745.2249
2023 3 19 0 2.0000 110.0900 0.5000 2.0000 0.0000 65.4771 66.6771 25.1771 0.1457  2771.7480 0.0000 0.0000 0.0000 0.0000 2771.7480
2023 3 20 0 2.0000 116.7600 0.5000 2.0000 0.0000 65.4555 66.6555 25.1688 0.1457  2938.7087 0.0000 0.0000 0.0000 0.0000 2938.7087
2023 3 21 0 2.0000 111.3100 0.5000 2.0000 0.0000 65.4350 66.6350 25.1609 0.1456  2800.6612 0.0000 0.0000 0.0000 0.0000 2800.6612
2023 3 22 0 2.0000 92.3600 0.5000 2.0000 0.0000 65.4148 66.6148 25.1532 0.1456  2323.1453 0.0000 0.0000 0.0000 0.0000 2323.1453
2023 3 23 0 2.0000 86.1100 0.5000 2.0000 0.0000 65.3962 66.5962 25.1460 0.1455  2165.3230 0.0000 0.0000 0.0000 0.0000 2165.3230
2023 3 24 0 2.0000 83.8300 0.5000 2.0000 0.0000 65.3825 66.5825 25.1407 0.1455  2107.5466 0.0000 0.0000 0.0000 0.0000 2107.5466
2023 3 25 0 2.0000 73.3600 0.5000 2.0000 0.0000 65.3759 66.5759 25.1382 0.1455  1844.1387 0.0000 0.0000 0.0000 0.0000 1844.1387
2023 3 26 0 2.0000 92.4600 0.5000 2.0000 0.0000 65.3749 66.5749 25.1378 0.1455  2324.2399 0.0000 0.0000 0.0000 0.0000 2324.2399
2023 3 27 0 2.0000 100.9400 0.5000 2.0000 0.0000 65.3767 66.5767 25.1385 0.1455  2537.4786 0.0000 0.0000 0.0000 0.0000 2537.4786
2023 3 28 0 2.0000 123.8500 0.5000 2.0000 0.0000 65.3810 66.5810 25.1402 0.1455  3113.6094 0.0000 0.0000 0.0000 0.0000 3113.6094
2023 3 29 0 2.0000 127.0200 0.5000 2.0000 0.0000 65.3840 66.5840 25.1413 0.1455  3193.4467 0.0000 0.0000 0.0000 0.0000 3193.4467
2023 3 30 0 2.0000 103.7800 0.5000 2.0000 0.0000 65.3832 66.5832 25.1410 0.1455  2609.1328 0.0000 0.0000 0.0000 0.0000 2609.1328
2023 3 31 0 2.0000 111.8200 0.5000 2.0000 0.0000 65.4046 66.6046 25.1492 0.1455  2812.1859 0.0000 0.0000 0.0000 0.0000 2812.1859
2023 4 1 0 2.0000 97.9300 0.5000 2.0000 0.0000 65.5235 66.7235 25.1950 0.1458  2467.3427 0.0000 0.0000 0.0000 0.0000 2467.3427
2023 4 2 0 2.0000 105.1000 0.5000 2.0000 0.0000 65.7078 66.9078 25.2658 0.1462  2655.4375 0.0000 0.0000 0.0000 0.0000 2655.4375
2023 4 3 0 2.0000 126.4800 0.5000 2.0000 0.0000 65.7977 66.9977 25.3004 0.1464  3199.9916 0.0000 0.0000 0.0000 0.0000 3199.9916
2023 4 4 0 2.0000 133.1300 0.5000 2.0000 0.0000 65.8000 67.0000 25.3013 0.1464  3368.3573 0.0000 0.0000 0.0000 0.0000 3368.3573
2023 4 5 0 2.0000 130.9100 0.5000 2.0000 0.0000 65.8000 67.0000 25.3013 0.1464  3312.1884 0.0000 0.0000 0.0000 0.0000 3312.1884
2023 4 6 0 2.0000 125.8900 0.5000 2.0000 0.0000 65.8000 67.0000 25.3013 0.1464  3185.1760 0.0000 0.0000 0.0000 0.0000 3185.1760
2023 4 7 0 2.0000 117.9200 0.5000 2.0000 0.0000 65.8000 67.0000 25.3013 0.1464  2983.5249 0.0000 0.0000 0.0000 0.0000 2983.5249
2023 4 8 0 2.0000 120.6500 0.5000 2.0000 0.0000 65.8000 67.0000 25.3013 0.1464  3052.5974 0.0000 0.0000 0.0000 0.0000 3052.5974
2023 4 9 0 2.0000 110.2100 0.5000 2.0000 0.0000 65.8000 67.0000 25.3013 0.1464  2788.4522 0.0000 0.0000 0.0000 0.0000 2788.4522
2023 4 10 0 2.0000 54.3700 0.5000 2.0000 0.0000 65.8000 67.0000 25.3013 0.1464  1375.6296 0.0000 0.0000 0.0000 0.0000 1375.6296
2023 4 11 0 2.0000 84.4600 0.5000 2.0000 0.0000 65.8000 67.0000 25.3013 0.1464  2136.9447 0.0000 0.0000 0.0000 0.0000 2136.9447
2023 4 12 0 2.0000 111.9800 0.5000 2.0000 0.0000 65.8000 67.0000 25.3013 0.1464  2833.2355 0.0000 0.0000 0.0000 0.0000 2833.2355
2023 4 13 0 2.0000 107.2100 0.5000 2.0000 0.0000 65.8000 67.0000 25.3013 0.1464  2712.5484 0.0000 0.0000 0.0000 0.0000 2712.5484
2023 4 14 0 2.0000 118.9300 0.5000 2.0000 0.0000 65.8000 67.0000 25.3013 0.1464  3009.0792 0.0000 0.0000 0.0000 0.0000 3009.0792
2023 4 15 0 2.0000 111.6600 0.5000 2.0000 0.0000 65.8000 67.0000 25.3013 0.1464  2825.1391 0.0000 0.0000 0.0000 0.0000 2825.1391
2023 4 16 0 2.0000 115.1500 0.5000 2.0000 0.0000 65.8000 67.0000 25.3013 0.1464  2913.4405 0.0000 0.0000 0.0000 0.0000 2913.4405
2023 4 17 0 2.0000 125.4800 0.5000 2.0000 0.0000 65.8000 67.0000 25.3013 0.1464  3174.8026 0.0000 0.0000 0.0000 0.0000 3174.8026
2023 4 18 0 2.0000 114.7600 0.5000 2.0000 0.0000 65.8000 67.0000 25.3013 0.1464  2903.5730 0.0000 0.0000 0.0000 0.0000 2903.5730
2023 4 19 0 2.0000 108.7500 0.5000 2.0000 0.0000 65.8000 67.0000 25.3013 0.1464  2751.5124 0.0000 0.0000 0.0000 0.0000 2751.5124
2023 4 20 0 2.0000 111.1600 0.5000 2.0000 0.0000 65.8000 67.0000 25.3013 0.1464  2812.4885 0.0000 0.0000 0.0000 0.0000 2812.4885
2023 4 21 0 2.0000 107.9900 0.5000 2.0000 0.0000 65.8000 67.0000 25.3013 0.1464  2732.2834 0.0000 0.0000 0.0000 0.0000 2732.2834
2023 4 22 0 2.0000 98.4000 0.5000 2.0000 0.0000 65.8000 67.0000 25.3013 0.1464  2489.6443 0.0000 0.0000 0.0000 0.0000 2489.6443
2023 4 23 0 2.0000 97.8600 0.5000 2.0000 0.0000 65.8000 67.0000 25.3013 0.1464  2475.9816 0.0000 0.0000 0.0000 0.0000 2475.9816
2023 4 24 0 2.0000 116.5300 0.5000 2.0000 0.0000 65.8000 67.0000 25.3013 0.1464  2948.3562 0.0000 0.0000 0.0000 0.0000 2948.3562
2023 4 25 0 2.0000 104.4700 0.5000 2.0000 0.0000 65.8000 67.0000 25.3013 0.1464  2643.2230 0.0000 0.0000 0.0000 0.0000 2643.2230
2023 4 26 0 2.0000 114.3700 0.5000 2.0000 0.0000 65.8000 67.0000 25.3013 0.1464  2893.7055 0.0000 0.0000 0.0000 0.0000 2893.7055
2023 4 27 0 2.0000 123.3800 0.5000 2.0000 0.0000 65.8000 67.0000 25.3013 0.1464  3121.6698 0.0000 0.0000 0.0000 0.0000 3121.6698
2023 4 28 0 2.0000 121.7100 0.5000 2.0000 0.0000 65.8000 67.0000 25.3013 0.1464  3079.4167 0.0000 0.0000 0.0000 0.0000 3079.4167
2023 4 29 0 2.0000 112.7000 0.5000 2.0000 0.0000 65.8000 67.0000 25.3013 0.1464  2851.4523 0.0000 0.0000 0.0000 0.0000 2851.4523
2023 4 30 0 2.0000 99.7900 0.5000 2.0000 0.0000 65.8000 67.0000 25.3013 0.1464  2524.8131 0.0000 0.0000 0.0000 0.0000 2524.8131
2023 5 1 0 2.0000 106.3400 0.5000 2.0000 0.0000 65.8000 67.0000 25.3013 0.1464  2690.5362 0.0000 0.0000 0.0000 0.0000 2690.5362
2023 5 2 0 2.0000 121.7900 0.5000 2.0000 0.0000 65.8000 67.0000 25.3013 0.1464  3081.4409 0.0000 0.0000 0.0000 0.0000 3081.4409
2023 5 3 0 2.0000 118.1800 0.5000 2.0000 0.0000 65.8000 67.0000 25.3013 0.1464  2990.1033 0.0000 0.0000 0.0000 0.0000 2990.1033
2023 5 4 0 2.0000 112.1600 0.5000 2.0000 0.0000 65.8000 67.0000 25.3013 0.1464  2837.7898 0.0000 0.0000 0.0000 0.0000 2837.7898
2023 5 5 0 2.0000 97.5700 0.5000 2.0000 0.0000 65.8000 67.0000 25.3013 0.1464  2468.6442 0.0000 0.0000 0.0000 0.0000 2468.6442
2023 5 6 0 2.0000 94.9300 0.5000 2.0000 0.0000 65.8000 67.0000 25.3013 0.1464  2401.8489 0.0000 0.0000 0.0000 0.0000 2401.8489
2023 5 7 0 2.0000 88.0500 0.5000 2.0000 0.0000 65.8000 67.0000 25.3013 0.1464  2227.7763 0.0000 0.0000 0.0000 0.0000 2227.7763
2023 5 8 0 2.0000 102.0400 0.5000 2.0000 0.0000 65.8000 67.0000 25.3013 0.1464  2581.7409 0.0000 0.0000 0.0000 0.0000 2581.7409
2023 5 9 0 2.0000 96.1600 0.5000 2.0000 0.0000 65.8000 67.0000 25.3013 0.1464  2432.9696 0.0000 0.0000 0.0000 0.0000 2432.9696
2023 5 10 0 2.0000 94.0200 0.5000 2.0000 0.0000 65.8000 67.0000 25.3013 0.1464  2378.8247 0.0000 0.0000 0.0000 0.0000 2378.8247
2023 5 11 0 2.0000 101.3600 0.5000 2.0000 0.0000 65.8000 67.0000 25.3013 0.1464  2564.5360 0.0000 0.0000 0.0000 0.0000 2564.5360
2023 5 12 0 2.0000 91.5000 0.5000 2.0000 0.0000 65.8000 67.0000 25.3013 0.1464  2315.0656 0.0000 0.0000 0.0000 0.0000 2315.0656
2023 5 13 0 2.0000 74.6100 0.5000 2.0000 0.0000 65.8000 67.0000 25.3013 0.1464  1887.7273 0.0000 0.0000 0.0000 0.0000 1887.7273
2023 5 14 0 2.0000 72.7500 0.5000 2.0000 0.0000 65.8000 67.0000 25.3013 0.1464  1840.6669 0.0000 0.0000 0.0000 0.0000 1840.6669
2023 5 15 0 2.0000 94.8900 0.5000 2.0000 0.0000 65.8000 67.0000 25.3013 0.1464  2400.8368 0.0000 0.0000 0.0000 0.0000 2400.8368
2023 5 16 0 2.0000 63.0700 0.5000 2.0000 0.0000 65.8000 67.0000 25.3013 0.1464  1595.7507 0.0000 0.0000 0.0000 0.0000 1595.7507
2023 5 17 0 2.0000 54.3000 0.5000 2.0000 0.0000 65.8000 67.0000 25.3013 0.1464  1373.8586 0.0000 0.0000 0.0000 0.0000 1373.8586
2023 5 18 0 2.0000 88.1100 0.5000 2.0000 0.0000 65.8000 67.0000 25.3013 0.1464  2229.2943 0.0000 0.0000 0.0000 0.0000 2229.2943
2023 5 19 0 2.0000 92.9400 0.5000 2.0000 0.0000 65.8000 67.0000 25.3013 0.1464  2351.4995 0.0000 0.0000 0.0000 0.0000 2351.4995
2023 5 20 0 2.0000 52.6300 0.5000 2.0000 0.0000 65.8000 67.0000 25.3013 0.1464  1331.6055 0.0000 0.0000 0.0000 0.0000 1331.6055
2023 5 21 0 2.0000 37.1300 0.5000 2.0000 0.0000 65.8000 67.0000 25.3013 0.1464  939.4359 0.0000 0.0000 0.0000 0.0000 939.4359
2023 5 22 0 2.0000 84.4700 0.5000 2.0000 0.0000 65.8000 67.0000 25.3013 0.1464  2137.1977 0.0000 0.0000 0.0000 0.0000 2137.1977
2023 5 23 0 2.0000 63.0000 0.5000 2.0000 0.0000 65.8000 67.0000 25.3013 0.1464  1593.9796 0.0000 0.0000 0.0000 0.0000 1593.9796
2023 5 24 0 2.0000 82.4800 0.5000 2.0000 0.0000 65.8000 67.0000 25.3013 0.1464  2086.8483 0.0000 0.0000 0.0000 0.0000 2086.8483
2023 5 25 0 2.0000 57.6600 0.5000 2.0000 0.0000 65.8000 67.0000 25.3013 0.1464  1458.8708 0.0000 0.0000 0.0000 0.0000 1458.8708
2023 5 26 0 2.0000 61.9200 0.5000 2.0000 0.0000 65.8000 67.0000 25.3013 0.1464  1566.6542 0.0000 0.0000 0.0000 0.0000 1566.6542
2023 5 27 0 2.0000 61.7400 0.5000 2.0000 0.0000 65.8000 67.0000 25.3013 0.1464  1562.1000 0.0000 0.0000 0.0000 0.0000 1562.1000
2023 5 28 0 2.0000 48.1500 0.5000 2.0000 0.0000 65.8000 67.0000 25.3013 0.1464  1218.2559 0.0000 0.0000 0.0000 0.0000 1218.2559
2023 5 29 0 2.0000 41.9900 0.5000 2.0000 0.0000 65.8000 67.0000 25.3013 0.1464  1062.4001 0.0000 0.0000 0.0000 0.0000 1062.4001
2023 5 30 0 2.0000 85.7800 0.5000 2.0000 0.0000 65.8000 67.0000 25.3013 0.1464  2170.3423 0.0000 0.0000 0.0000 0.0000 2170.3423
2023 5 31 0 2.0000 60.1500 0.5000 2.0000 0.0000 65.8000 67.0000 25.3013 0.1464  1521.8710 0.0000 0.0000 0.0000 0.0000 1521.8710
2023 6 1 0 2.0000 67.1300 0.5000 2.0000 0.0000 65.8000 67.0000 25.3013 0.1464  1698.4737 0.0000 0.0000 0.0000 0.0000 1698.4737
2023 6 2 0 2.0000 80.9600 0.5000 2.0000 0.0000 65.8000 67.0000 25.3013 0.1464  2048.3902 0.0000 0.0000 0.0000 0.0000 2048.3902
2023 6 3 0 2.0000 62.3200 0.5000 2.0000 0.0000 65.8000 67.0000 25.3013 0.1464  1576.7747 0.0000 0.0000 0.0000 0.0000 1576.7747
2023 6 4 0 2.0000 61.2100 0.5000 2.0000 0.0000 65.8000 67.0000 25.3013 0.1464  1548.6903 0.0000 0.0000 0.0000 0.0000 1548.6903
2023 6 5 0 2.0000 87.8500 0.5000 2.0000 0.0000 65.8000 67.0000 25.3013 0.1464  2222.7159 0.0000 0.0000 0.0000 0.0000 2222.7159
2023 6 6 0 2.0000 90.1800 0.5000 2.0000 0.0000 65.8000 67.0000 25.3013 0.1464  2281.6679 0.0000 0.0000 0.0000 0.0000 2281.6679
2023 6 7 0 2.0000 96.7800 0.5000 2.0000 0.0000 65.8000 67.0000 25.3013 0.1464  2448.6562 0.0000 0.0000 0.0000 0.0000 2448.6562
2023 6 8 0 2.0000 89.0900 0.5000 2.0000 0.0000 65.8000 67.0000 25.3013 0.1464  2254.0894 0.0000 0.0000 0.0000 0.0000 2254.0894
2023 6 9 0 2.0000 88.9200 0.5000 2.0000 0.0000 65.8000 67.0000 25.3013 0.1464  2249.7883 0.0000 0.0000 0.0000 0.0000 2249.7883
2023 6 10 0 2.0000 61.8300 0.5000 2.0000 0.0000 65.8000 67.0000 25.3013 0.1464  1564.3771 0.0000 0.0000 0.0000 0.0000 1564.3771
2023 6 11 0 2.0000 47.6500 0.5000 2.0000 0.0000 65.8000 67.0000 25.3013 0.1464  1205.6052 0.0000 0.0000 0.0000 0.0000 1205.6052
2023 6 12 0 2.0000 88.7900 0.5000 2.0000 0.0000 65.8000 67.0000 25.3013 0.1464  2246.4992 0.0000 0.0000 0.0000 0.0000 2246.4992
2023 6 13 0 2.0000 99.0700 0.5000 2.0000 0.0000 65.8000 67.0000 25.3013 0.1464  2506.5961 0.0000 0.0000 0.0000 0.0000 2506.5961
2023 6 14 0 2.0000 105.6600 0.5000 2.0000 0.0000 65.8000 67.0000 25.3013 0.1464  2673.3316 0.0000 0.0000 0.0000 0.0000 2673.3316
2023 6 15 0 2.0000 116.5000 0.5000 2.0000 0.0000 65.8000 67.0000 25.3013 0.1464  2947.5972 0.0000 0.0000 0.0000 0.0000 2947.5972
2023 6 16 0 2.0000 123.1200 0.5000 2.0000 0.0000 65.8000 67.0000 25.3013 0.1464  3115.0916 0.0000 0.0000 0.0000 0.0000 3115.0916
2023 6 17 0 2.0000 107.5100 0.5000 2.0000 0.0000 65.8000 67.0000 25.3013 0.1464  2720.1389 0.0000 0.0000 0.0000 0.0000 2720.1389
2023 6 18 0 2.0000 102.7200 0.5000 2.0000 0.0000 65.8000 67.0000 25.3013 0.1464  2598.9458 0.0000 0.0000 0.0000 0.0000 2598.9458
2023 6 19 0 2.0000 116.7200 0.5000 2.0000 0.0000 65.8000 67.0000 25.3013 0.1464  2953.1635 0.0000 0.0000 0.0000 0.0000 2953.1635
2023 6 20 0 2.0000 131.3100 0.5000 2.0000 0.0000 65.8000 67.0000 25.3013 0.1464  3322.3088 0.0000 0.0000 0.0000 0.0000 3322.3088
2023 6 21 0 2.0000 131.9100 0.5000 2.0000 0.0000 65.8000 67.0000 25.3013 0.1464  3337.4897 0.0000 0.0000 0.0000 0.0000 3337.4897
2023 6 22 0 2.0000 129.3300 0.5000 2.0000 0.0000 65.8000 67.0000 25.3013 0.1464  3272.2124 0.0000 0.0000 0.0000 0.0000 3272.2124
2023 6 23 0 2.0000 112.7300 0.5000 2.0000 0.0000 65.8000 67.0000 25.3013 0.1464  2852.2115 0.0000 0.0000 0.0000 0.0000 2852.2115
2023 6 24 0 2.0000 91.6000 0.5000 2.0000 0.0000 65.8000 67.0000 25.3013 0.1464  2317.5957 0.0000 0.0000 0.0000 0.0000 2317.5957
2023 6 25 0 2.0000 78.9200 0.5000 2.0000 0.0000 65.8000 67.0000 25.3013 0.1464  1996.7756 0.0000 0.0000 0.0000 0.0000 1996.7756
2023 6 26 0 2.0000 97.3600 0.5000 2.0000 0.0000 65.8000 67.0000 25.3013 0.1464  2463.3310 0.0000 0.0000 0.0000 0.0000 2463.3310
2023 6 27 0 2.0000 97.1000 0.5000 2.0000 0.0000 65.8000 67.0000 25.3013 0.1464  2456.7526 0.0000 0.0000 0.0000 0.0000 2456.7526
2023 6 28 0 2.0000 110.3800 0.5000 2.0000 0.0000 65.8000 67.0000 25.3013 0.1464  2792.7534 0.0000 0.0000 0.0000 0.0000 2792.7534
2023 6 29 0 2.0000 115.5800 0.5000 2.0000 0.0000 65.8000 67.0000 25.3013 0.1464  2924.3200 0.0000 0.0000 0.0000 0.0000 2924.3200
2023 6 30 0 2.0000 106.1600 0.5000 2.0000 0.0000 65.8000 67.0000 25.3013 0.1464  2685.9822 0.0000 0.0000 0.0000 0.0000 2685.9822
2023 7 1 0 2.0000 61.0800 0.5000 2.0000 0.0000 65.8000 67.0000 25.3013 0.1464  1545.4012 0.0000 0.0000 0.0000 0.0000 1545.4012
2023 7 2 0 2.0000 15.9100 0.5000 2.0000 0.0000 65.8000 67.0000 25.3013 0.1464  402.5431 0.0000 0.0000 0.0000 0.0000 402.5431
2023 7 3 0 2.0000 50.3200 0.5000 2.0000 0.0000 65.8000 67.0000 25.3013 0.1464  1273.1596 0.0000 0.0000 0.0000 0.0000 1273.1596
2023 7 4 0 2.0000 83.2500 0.5000 2.0000 0.0000 65.8000 67.0000 25.3013 0.1464  2106.3302 0.0000 0.0000 0.0000 0.0000 2106.3302
2023 7 5 0 2.0000 80.5300 0.5000 2.0000 0.0000 65.8000 67.0000 25.3013 0.1464  2037.5107 0.0000 0.0000 0.0000 0.0000 2037.5107
2023 7 6 0 2.0000 96.7500 0.5000 2.0000 0.0000 65.8000 67.0000 25.3013 0.1464  2447.8972 0.0000 0.0000 0.0000 0.0000 2447.8972
2023 7 7 0 2.0000 101.0400 0.5000 2.0000 0.0000 65.8000 67.0000 25.3013 0.1464  2556.4396 0.0000 0.0000 0.0000 0.0000 2556.4396
2023 7 8 0 2.0000 87.4600 0.5000 2.0000 0.0000 65.8000 67.0000 25.3013 0.1464  2212.8484 0.0000 0.0000 0.0000 0.0000 2212.8484
2023 7 9 0 2.0000 94.0500 0.5000 2.0000 0.0000 65.8000 67.0000 25.3013 0.1464  2379.5839 0.0000 0.0000 0.0000 0.0000 2379.5839
2023 7 10 0 2.0000 98.2100 0.5000 2.0000 0.0000 65.8000 67.0000 25.3013 0.1464  2484.8370 0.0000 0.0000 0.0000 0.0000 2484.8370
2023 7 11 0 2.0000 89.8900 0.5000 2.0000 0.0000 65.8000 67.0000 25.3013 0.1464  2274.3305 0.0000 0.0000 0.0000 0.0000 2274.3305
2023 7 12 0 2.0000 76.6900 0.5000 2.0000 0.0000 65.8000 67.0000 25.3013 0.1464  1940.3539 0.0000 0.0000 0.0000 0.0000 1940.3539
2023 7 13 0 2.0000 83.4900 0.5000 2.0000 0.0000 65.8000 67.0000 25.3013 0.1464  2112.4024 0.0000 0.0000 0.0000 0.0000 2112.4024
2023 7 14 0 2.0000 85.4800 0.5000 2.0000 0.0000 65.8000 67.0000 25.3013 0.1464  2162.7521 0.0000 0.0000 0.0000 0.0000 2162.7521
2023 7 15 0 2.0000 33.3300 0.5000 2.0000 0.0000 65.8000 67.0000 25.3013 0.1464  843.2911 0.0000 0.0000 0.0000 0.0000 843.2911
2023 7 16 0 2.0000 17.8600 0.5000 2.0000 0.0000 65.8000 67.0000 25.3013 0.1464  451.8806 0.0000 0.0000 0.0000 0.0000 451.8806
2023 7 17 0 2.0000 30.5600 0.5000 2.0000 0.0000 65.8000 67.0000 25.3013 0.1464  773.2066 0.0000 0.0000 0.0000 0.0000 773.2066
2023 7 18 0 2.0000 64.7000 0.5000 2.0000 0.0000 65.8000 67.0000 25.3013 0.1464  1636.9916 0.0000 0.0000 0.0000 0.0000 1636.9916
2023 7 19 0 2.0000 77.7600 0.5000 2.0000 0.0000 65.8000 67.0000 25.3013 0.1464  1967.4263 0.0000 0.0000 0.0000 0.0000 1967.4263
2023 7 20 0 2.0000 64.6700 0.5000 2.0000 0.0000 65.8000 67.0000 25.3013 0.1464  1636.2326 0.0000 0.0000 0.0000 0.0000 1636.2326
2023 7 21 0 2.0000 83.1300 0.5000 2.0000 0.0000 65.8000 67.0000 25.3013 0.1464  2103.2939 0.0000 0.0000 0.0000 0.0000 2103.2939
2023 7 22 0 2.0000 75.6300 0.5000 2.0000 0.0000 65.8000 67.0000 25.3013 0.1464  1913.5345 0.0000 0.0000 0.0000 0.0000 1913.5345
2023 7 23 0 2.0000 33.2000 0.5000 2.0000 0.0000 65.8000 67.0000 25.3013 0.1464  840.0020 0.0000 0.0000 0.0000 0.0000 840.0020
2023 7 24 0 2.0000 69.9000 0.5000 2.0000 0.0000 65.8000 67.0000 25.3013 0.1464  1768.5583 0.0000 0.0000 0.0000 0.0000 1768.5583
2023 7 25 0 2.0000 60.2500 0.5000 2.0000 0.0000 65.8000 67.0000 25.3013 0.1464  1524.4011 0.0000 0.0000 0.0000 0.0000 1524.4011
2023 7 26 0 2.0000 69.5200 0.5000 2.0000 0.0000 65.8000 67.0000 25.3013 0.1464  1758.9437 0.0000 0.0000 0.0000 0.0000 1758.9437
2023 7 27 0 2.0000 87.3400 0.5000 2.0000 0.0000 65.8000 67.0000 25.3013 0.1464  2209.8122 0.0000 0.0000 0.0000 0.0000 2209.8122
2023 7 28 0 2.0000 86.7600 0.5000 2.0000 0.0000 65.8000 67.0000 25.3013 0.1464  2195.1376 0.0000 0.0000 0.0000 0.0000 2195.1376
2023 7 29 0 2.0000 74.6100 0.5000 2.0000 0.0000 65.8000 67.0000 25.3013 0.1464  1887.7273 0.0000 0.0000 0.0000 0.0000 1887.7273
2023 7 30 0 2.0000 39.5200 0.5000 2.0000 0.0000 65.8000 67.0000 25.3013 0.1464  999.9059 0.0000 0.0000 0.0000 0.0000 999.9059
2023 7 31 0 2.0000 69.3300 0.5000 2.0000 0.0000 65.8000 67.0000 25.3013 0.1464  1754.1366 0.0000 0.0000 0.0000 0.0000 1754.1366
2023 8 1 0 2.0000 73.8700 0.5000 2.0000 0.0000 65.8000 67.0000 25.3013 0.1464  1869.0044 0.0000 0.0000 0.0000 0.0000 1869.0044
2023 8 2 0 2.0000 64.7500 0.5000 2.0000 0.0000 65.8000 67.0000 25.3013 0.1464  1638.2568 0.0000 0.0000 0.0000 0.0000 1638.2568
2023 8 3 0 2.0000 43.5500 0.5000 2.0000 0.0000 65.8000 67.0000 25.3013 0.1464  1101.8700 0.0000 0.0000 0.0000 0.0000 1101.8700
2023 8 4 0 2.0000 62.1300 0.5000 2.0000 0.0000 65.8000 67.0000 25.3013 0.1464  1571.9675 0.0000 0.0000 0.0000 0.0000 1571.9675
2023 8 5 0 2.0000 76.9400 0.5000 2.0000 0.0000 65.8000 67.0000 25.3013 0.1464  1946.6792 0.0000 0.0000 0.0000 0.0000 1946.6792
2023 8 6 0 2.0000 57.5500 0.5000 2.0000 0.0000 65.8000 67.0000 25.3013 0.1464  1456.0877 0.0000 0.0000 0.0000 0.0000 1456.0877
2023 8 7 0 2.0000 16.8300 0.5000 2.0000 0.0000 65.8000 67.0000 25.3013 0.1464  425.8203 0.0000 0.0000 0.0000 0.0000 425.8203
2023 8 8 0 2.0000 0.0400 0.5000 2.0000 0.0000 65.8000 67.0000 25.3013 0.1464  1.0121 0.0000 0.0000 0.0000 0.0000 1.0121
2023 8 9 0 2.0000 14.7000 0.5000 2.0000 0.0000 65.8000 67.0000 25.3013 0.1464  371.9286 0.0000 0.0000 0.0000 0.0000 371.9286
2023 8 10 0 2.0000 51.2900 0.5000 2.0000 0.0000 65.8000 67.0000 25.3013 0.1464  1297.7018 0.0000 0.0000 0.0000 0.0000 1297.7018
2023 8 11 0 2.0000 72.3800 0.5000 2.0000 0.0000 65.8000 67.0000 25.3013 0.1464  1831.3054 0.0000 0.0000 0.0000 0.0000 1831.3054
2023 8 12 0 2.0000 69.7000 0.5000 2.0000 0.0000 65.8000 67.0000 25.3013 0.1464  1763.4980 0.0000 0.0000 0.0000 0.0000 1763.4980
2023 8 13 0 2.0000 63.1900 0.5000 2.0000 0.0000 65.8000 67.0000 25.3013 0.1464  1598.7868 0.0000 0.0000 0.0000 0.0000 1598.7868
2023 8 14 0 2.0000 85.9500 0.5000 2.0000 0.0000 65.7999 66.9999 25.3012 0.1464  2174.6411 0.0000 0.0000 0.0000 0.0000 2174.6411
2023 8 15 0 2.0000 82.7300 0.5000 2.0000 0.0000 65.7999 66.9999 25.3012 0.1464  2093.1712 0.0000 0.0000 0.0000 0.0000 2093.1712
2023 8 16 0 2.0000 93.5300 0.5000 2.0000 0.0000 65.8000 67.0000 25.3013 0.1464  2366.4271 0.0000 0.0000 0.0000 0.0000 2366.4271
2023 8 17 0 2.0000 92.9900 0.5000 2.0000 0.0000 65.8000 67.0000 25.3013 0.1464  2352.7644 0.0000 0.0000 0.0000 0.0000 2352.7644
2023 8 18 0 2.0000 84.3900 0.5000 2.0000 0.0000 65.8000 67.0000 25.3013 0.1464  2135.1736 0.0000 0.0000 0.0000 0.0000 2135.1736
2023 8 19 0 2.0000 48.8800 0.5000 2.0000 0.0000 65.8000 67.0000 25.3013 0.1464  1236.7258 0.0000 0.0000 0.0000 0.0000 1236.7258
2023 8 20 0 2.0000 75.6000 0.5000 2.0000 0.0000 65.8000 67.0000 25.3013 0.1464  1912.7755 0.0000 0.0000 0.0000 0.0000 1912.7755
2023 8 21 0 2.0000 88.4800 0.5000 2.0000 0.0000 65.8000 67.0000 25.3013 0.1464  2238.6558 0.0000 0.0000 0.0000 0.0000 2238.6558
2023 8 22 0 2.0000 92.0800 0.5000 2.0000 0.0000 65.8000 67.0000 25.3013 0.1464  2329.7404 0.0000 0.0000 0.0000 0.0000 2329.7404
2023 8 23 0 2.0000 99.5400 0.5000 2.0000 0.0000 65.8000 67.0000 25.3013 0.1464  2518.4878 0.0000 0.0000 0.0000 0.0000 2518.4878
2023 8 24 0 2.0000 99.6900 0.5000 2.0000 0.0000 65.8000 67.0000 25.3013 0.1464  2522.2830 0.0000 0.0000 0.0000 0.0000 2522.2830
2023 8 25 0 2.0000 93.1800 0.5000 2.0000 0.0000 65.8000 67.0000 25.3013 0.1464  2357.5717 0.0000 0.0000 0.0000 0.0000 2357.5717
2023 8 26 0 2.0000 87.9600 0.5000 2.0000 0.0000 65.8000 67.0000 25.3013 0.1464  2225.4991 0.0000 0.0000 0.0000 0.0000 2225.4991
2023 8 27 0 2.0000 89.4800 0.5000 2.0000 0.0000 65.8000 67.0000 25.3013 0.1464  2263.9571 0.0000 0.0000 0.0000 0.0000 2263.9571
2023 8 28 0 2.0000 91.8000 0.5000 2.0000 0.0000 65.8000 67.0000 25.3013 0.1464  2322.6560 0.0000 0.0000 0.0000 0.0000 2322.6560
2023 8 29 0 2.0000 95.0600 0.5000 2.0000 0.0000 65.8000 67.0000 25.3013 0.1464  2405.1380 0.0000 0.0000 0.0000 0.0000 2405.1380
2023 8 30 0 2.0000 99.5900 0.5000 2.0000 0.0000 65.8000 67.0000 25.3013 0.1464  2519.7527 0.0000 0.0000 0.0000 0.0000 2519.7527
2023 8 31 0 2.0000 97.2200 0.5000 2.0000 0.0000 65.8000 67.0000 25.3013 0.1464  2459.7888 0.0000 0.0000 0.0000 0.0000 2459.7888
