Riversystem syn_rho1p25_R4 reservoir fractions [fr] 
YYYY MM DD HH SYN_RHO1P25_R4 
2022 9 1 0 0.6964 
2022 9 2 0 0.6927 
2022 9 3 0 0.6888 
2022 9 4 0 0.6851 
2022 9 5 0 0.6816 
2022 9 6 0 0.6784 
2022 9 7 0 0.6753 
2022 9 8 0 0.6719 
2022 9 9 0 0.6684 
2022 9 10 0 0.6650 
2022 9 11 0 0.6618 
2022 9 12 0 0.6594 
2022 9 13 0 0.6612 
2022 9 14 0 0.6610 
2022 9 15 0 0.6601 
2022 9 16 0 0.6585 
2022 9 17 0 0.6563 
2022 9 18 0 0.6536 
2022 9 19 0 0.6505 
2022 9 20 0 0.6473 
2022 9 21 0 0.6439 
2022 9 22 0 0.6404 
2022 9 23 0 0.6370 
2022 9 24 0 0.6336 
2022 9 25 0 0.6360 
2022 9 26 0 0.6429 
2022 9 27 0 0.6527 
2022 9 28 0 0.6680 
2022 9 29 0 0.6765 
2022 9 30 0 0.6818 
2022 10 1 0 0.6960 
2022 10 2 0 0.7139 
2022 10 3 0 0.7291 
2022 10 4 0 0.7438 
2022 10 5 0 0.7787 
2022 10 6 0 0.8321 
2022 10 7 0 0.8508 
2022 10 8 0 0.8659 
2022 10 9 0 0.8768 
2022 10 10 0 0.8856 
2022 10 11 0 0.8936 
2022 10 12 0 0.8999 
2022 10 13 0 0.9049 
2022 10 14 0 0.9086 
2022 10 15 0 0.9169 
2022 10 16 0 0.9274 
2022 10 17 0 0.9369 
2022 10 18 0 0.9456 
2022 10 19 0 0.9524 
2022 10 20 0 0.9571 
2022 10 21 0 0.9605 
2022 10 22 0 0.9635 
2022 10 23 0 0.9757 
2022 10 24 0 0.9936 
2022 10 25 0 1.0050 
2022 10 26 0 1.0389 
2022 10 27 0 1.0546 
2022 10 28 0 1.0640 
2022 10 29 0 1.0762 
2022 10 30 0 1.0862 
2022 10 31 0 1.0890 
2022 11 1 0 1.0917 
2022 11 2 0 1.1010 
2022 11 3 0 1.1276 
2022 11 4 0 1.1502 
2022 11 5 0 1.1660 
2022 11 6 0 1.1742 
2022 11 7 0 1.1871 
2022 11 8 0 1.1960 
2022 11 9 0 1.2080 
2022 11 10 0 1.2138 
2022 11 11 0 1.2156 
2022 11 12 0 1.2145 
2022 11 13 0 1.2116 
2022 11 14 0 1.2086 
2022 11 15 0 1.2100 
2022 11 16 0 1.2189 
2022 11 17 0 1.2480 
2022 11 18 0 1.2537 
2022 11 19 0 1.2506 
2022 11 20 0 1.2485 
2022 11 21 0 1.2422 
2022 11 22 0 1.2347 
2022 11 23 0 1.2294 
2022 11 24 0 1.2247 
2022 11 25 0 1.2239 
2022 11 26 0 1.2290 
2022 11 27 0 1.2363 
2022 11 28 0 1.2473 
2022 11 29 0 1.2495 
2022 11 30 0 1.2460 
2022 12 1 0 1.2400 
2022 12 2 0 1.2327 
2022 12 3 0 1.2246 
2022 12 4 0 1.2163 
2022 12 5 0 1.2080 
2022 12 6 0 1.2000 
2022 12 7 0 1.1922 
2022 12 8 0 1.1850 
2022 12 9 0 1.1786 
2022 12 10 0 1.1725 
2022 12 11 0 1.1669 
2022 12 12 0 1.1617 
2022 12 13 0 1.1564 
2022 12 14 0 1.1509 
2022 12 15 0 1.1453 
2022 12 16 0 1.1396 
2022 12 17 0 1.1339 
2022 12 18 0 1.1287 
2022 12 19 0 1.1241 
2022 12 20 0 1.1212 
2022 12 21 0 1.1237 
2022 12 22 0 1.1265 
2022 12 23 0 1.1259 
2022 12 24 0 1.1226 
2022 12 25 0 1.1183 
2022 12 26 0 1.1189 
2022 12 27 0 1.1175 
2022 12 28 0 1.1138 
2022 12 29 0 1.1102 
2022 12 30 0 1.1063 
2022 12 31 0 1.1040 
2023 1 1 0 1.1005 
2023 1 2 0 1.0965 
2023 1 3 0 1.0922 
2023 1 4 0 1.0877 
2023 1 5 0 1.0850 
2023 1 6 0 1.0816 
2023 1 7 0 1.0783 
2023 1 8 0 1.0800 
2023 1 9 0 1.0860 
2023 1 10 0 1.0880 
2023 1 11 0 1.0882 
2023 1 12 0 1.0872 
2023 1 13 0 1.0851 
2023 1 14 0 1.0822 
2023 1 15 0 1.0792 
2023 1 16 0 1.0761 
2023 1 17 0 1.0729 
2023 1 18 0 1.0698 
2023 1 19 0 1.0663 
2023 1 20 0 1.0629 
2023 1 21 0 1.0593 
2023 1 22 0 1.0559 
2023 1 23 0 1.0532 
2023 1 24 0 1.0502 
2023 1 25 0 1.0474 
2023 1 26 0 1.0451 
2023 1 27 0 1.0427 
2023 1 28 0 1.0401 
2023 1 29 0 1.0374 
2023 1 30 0 1.0352 
2023 1 31 0 1.0330 
2023 2 1 0 1.0306 
2023 2 2 0 1.0288 
2023 2 3 0 1.0266 
2023 2 4 0 1.0238 
2023 2 5 0 1.0211 
2023 2 6 0 1.0182 
2023 2 7 0 1.0153 
2023 2 8 0 1.0123 
2023 2 9 0 1.0099 
2023 2 10 0 1.0077 
2023 2 11 0 1.0058 
2023 2 12 0 1.0042 
2023 2 13 0 1.0026 
2023 2 14 0 1.0010 
2023 2 15 0 0.9991 
2023 2 16 0 0.9969 
2023 2 17 0 0.9951 
2023 2 18 0 0.9937 
2023 2 19 0 0.9924 
2023 2 20 0 0.9914 
2023 2 21 0 0.9906 
2023 2 22 0 0.9894 
2023 2 23 0 0.9884 
2023 2 24 0 0.9875 
2023 2 25 0 0.9876 
2023 2 26 0 0.9898 
2023 2 27 0 0.9932 
2023 2 28 0 0.9953 
2023 3 1 0 0.9965 
2023 3 2 0 0.9970 
2023 3 3 0 0.9971 
2023 3 4 0 0.9969 
2023 3 5 0 0.9968 
2023 3 6 0 0.9957 
2023 3 7 0 0.9938 
2023 3 8 0 0.9919 
2023 3 9 0 0.9897 
2023 3 10 0 0.9872 
2023 3 11 0 0.9846 
2023 3 12 0 0.9821 
2023 3 13 0 0.9796 
2023 3 14 0 0.9771 
2023 3 15 0 0.9744 
2023 3 16 0 0.9716 
2023 3 17 0 0.9689 
2023 3 18 0 0.9666 
2023 3 19 0 0.9641 
2023 3 20 0 0.9619 
2023 3 21 0 0.9597 
2023 3 22 0 0.9576 
2023 3 23 0 0.9558 
2023 3 24 0 0.9546 
2023 3 25 0 0.9544 
2023 3 26 0 0.9544 
2023 3 27 0 0.9547 
2023 3 28 0 0.9553 
2023 3 29 0 0.9554 
2023 3 30 0 0.9552 
2023 3 31 0 0.9600 
2023 4 1 0 0.9807 
2023 4 2 0 0.9995 
2023 4 3 0 1.0097 
2023 4 4 0 1.0140 
2023 4 5 0 1.0164 
2023 4 6 0 1.0178 
2023 4 7 0 1.0180 
2023 4 8 0 1.0176 
2023 4 9 0 1.0166 
2023 4 10 0 1.0158 
2023 4 11 0 1.0220 
2023 4 12 0 1.0267 
2023 4 13 0 1.0311 
2023 4 14 0 1.0368 
2023 4 15 0 1.0417 
2023 4 16 0 1.0465 
2023 4 17 0 1.0516 
2023 4 18 0 1.0574 
2023 4 19 0 1.0639 
2023 4 20 0 1.0722 
2023 4 21 0 1.0831 
2023 4 22 0 1.0966 
2023 4 23 0 1.1135 
2023 4 24 0 1.1294 
2023 4 25 0 1.1420 
2023 4 26 0 1.1509 
2023 4 27 0 1.1561 
2023 4 28 0 1.1592 
2023 4 29 0 1.1611 
2023 4 30 0 1.1623 
2023 5 1 0 1.1631 
2023 5 2 0 1.1644 
2023 5 3 0 1.1664 
2023 5 4 0 1.1685 
2023 5 5 0 1.1701 
2023 5 6 0 1.1706 
2023 5 7 0 1.1701 
2023 5 8 0 1.1704 
2023 5 9 0 1.1747 
2023 5 10 0 1.1900 
2023 5 11 0 1.2099 
2023 5 12 0 1.2379 
2023 5 13 0 1.2682 
2023 5 14 0 1.2968 
2023 5 15 0 1.3329 
2023 5 16 0 1.3803 
2023 5 17 0 1.4119 
2023 5 18 0 1.4294 
2023 5 19 0 1.4406 
2023 5 20 0 1.4506 
2023 5 21 0 1.4581 
2023 5 22 0 1.4640 
2023 5 23 0 1.4765 
2023 5 24 0 1.4904 
2023 5 25 0 1.5008 
2023 5 26 0 1.5122 
2023 5 27 0 1.5195 
2023 5 28 0 1.5195 
2023 5 29 0 1.5120 
2023 5 30 0 1.5015 
2023 5 31 0 1.4891 
2023 6 1 0 1.4756 
2023 6 2 0 1.4605 
2023 6 3 0 1.4444 
2023 6 4 0 1.4281 
2023 6 5 0 1.4117 
2023 6 6 0 1.3951 
2023 6 7 0 1.3783 
2023 6 8 0 1.3616 
2023 6 9 0 1.3450 
2023 6 10 0 1.3285 
2023 6 11 0 1.3123 
2023 6 12 0 1.2964 
2023 6 13 0 1.2810 
2023 6 14 0 1.2660 
2023 6 15 0 1.2514 
2023 6 16 0 1.2374 
2023 6 17 0 1.2238 
2023 6 18 0 1.2108 
2023 6 19 0 1.1983 
2023 6 20 0 1.1865 
2023 6 21 0 1.1760 
2023 6 22 0 1.1702 
2023 6 23 0 1.1630 
2023 6 24 0 1.1547 
2023 6 25 0 1.1458 
2023 6 26 0 1.1368 
2023 6 27 0 1.1281 
2023 6 28 0 1.1197 
2023 6 29 0 1.1117 
2023 6 30 0 1.1040 
2023 7 1 0 1.0964 
2023 7 2 0 1.0892 
2023 7 3 0 1.0822 
2023 7 4 0 1.0759 
2023 7 5 0 1.0699 
2023 7 6 0 1.0644 
2023 7 7 0 1.0599 
2023 7 8 0 1.0579 
2023 7 9 0 1.0562 
2023 7 10 0 1.0540 
2023 7 11 0 1.0514 
2023 7 12 0 1.0497 
2023 7 13 0 1.0472 
2023 7 14 0 1.0441 
2023 7 15 0 1.0416 
2023 7 16 0 1.0430 
2023 7 17 0 1.0475 
2023 7 18 0 1.0502 
2023 7 19 0 1.0506 
2023 7 20 0 1.0498 
2023 7 21 0 1.0480 
2023 7 22 0 1.0458 
2023 7 23 0 1.0434 
2023 7 24 0 1.0407 
2023 7 25 0 1.0376 
2023 7 26 0 1.0343 
2023 7 27 0 1.0308 
2023 7 28 0 1.0272 
2023 7 29 0 1.0237 
2023 7 30 0 1.0209 
2023 7 31 0 1.0217 
2023 8 1 0 1.0210 
2023 8 2 0 1.0186 
2023 8 3 0 1.0157 
2023 8 4 0 1.0125 
2023 8 5 0 1.0093 
2023 8 6 0 1.0061 
2023 8 7 0 1.0028 
2023 8 8 0 1.0015 
2023 8 9 0 1.0020 
2023 8 10 0 1.0022 
2023 8 11 0 1.0034 
2023 8 12 0 1.0030 
2023 8 13 0 1.0017 
2023 8 14 0 1.0000 
2023 8 15 0 1.0012 
2023 8 16 0 1.0035 
2023 8 17 0 1.0045 
2023 8 18 0 1.0044 
2023 8 19 0 1.0039 
2023 8 20 0 1.0063 
2023 8 21 0 1.0069 
2023 8 22 0 1.0065 
2023 8 23 0 1.0055 
2023 8 24 0 1.0039 
2023 8 25 0 1.0033 
2023 8 26 0 1.0050 
2023 8 27 0 1.0068 
2023 8 28 0 1.0072 
2023 8 29 0 1.0066 
2023 8 30 0 1.0053 
2023 8 31 0 1.0037 
